-52.75,-166.2,-999,1.463,0.69353,2.468
-48.63,-163.69,-999,1.3324,0.63929,2.2198
-52.75,-161.18,-999,1.3981,0.75431,2.222
-69.02,-158.67,-999,1.4321,0.43744,2.8548
-52.75,-158.67,-999,1.382,0.76826,2.1575
-48.63,-158.67,-999,1.3777,0.77189,2.1208
-69.02,-156.16,-999,1.3774,0.45381,2.6698
-69.02,-153.65,-999,1.4156,0.50564,2.6909
-69.02,-151.14,-999,1.426,0.53469,2.6602
-69.02,-148.63,-999,1.3956,0.54041,2.5681
-69.02,-146.12,-999,1.3869,0.55816,2.53
-69.02,-143.61,-999,1.3788,0.57377,2.4966
-69.02,-141.1,-999,1.3668,0.57893,2.4507
69.02,-141.1,-999,0.82505,0.54369,1.1388
-69.02,-138.59,-999,1.3596,0.59167,2.4163
69.02,-138.59,-999,0.85419,0.5675,1.1735
-69.02,-136.08,-999,1.3568,0.6069,2.3968
69.02,-136.08,-999,0.86589,0.58281,1.1824
-69.02,-133.57,-999,1.3396,0.60434,2.3581
69.02,-133.57,-999,0.87734,0.5992,1.1951
-69.02,-131.06,-999,1.3349,0.60862,2.3282
69.02,-131.06,-999,0.85552,0.58887,1.1647
-69.02,-128.55,-999,1.3285,0.60748,2.3057
69.02,-128.55,-999,0.88243,0.61035,1.1883
-69.02,-126.04,-999,1.3173,0.60416,2.2791
69.02,-126.04,-999,0.90841,0.63173,1.2279
-69.02,-123.53,-999,1.2911,0.5875,2.2222
62.55,-123.53,-999,0.87496,0.61831,1.1603
69.02,-123.53,-999,0.82847,0.56822,1.118
-69.02,-121.02,-999,1.3034,0.60114,2.2474
62.55,-121.02,-999,0.87304,0.61194,1.1645
-69.02,-118.51,-999,1.2989,0.59479,2.2523
62.55,-118.51,-999,0.8788,0.61446,1.172
-69.02,-116,-999,1.3108,0.60023,2.2512
62.55,-116,-999,0.86508,0.60372,1.1522
69.02,-116,-999,0.87297,0.61936,1.1555
69.02,-113.49,-999,0.85357,0.60888,1.13
69.02,-110.98,-999,0.86631,0.61821,1.1456
69.02,-108.47,-999,0.83208,0.60018,1.0924
69.02,-105.96,-999,0.79166,0.57619,1.0382
-69.02,-103.45,-999,1.3029,0.56994,2.2918
69.02,-103.45,-999,0.74501,0.53914,0.98537
-69.02,-100.94,-999,1.2661,0.54034,2.2419
-69.02,-98.43,-999,1.2762,0.53358,2.276
37.87,-95.92,-999,0.95362,0.69224,1.2323
-69.02,-93.41,-999,1.2715,0.50103,2.3287
31.53,-93.41,-999,0.99486,0.73584,1.2867
34.64,-93.41,-999,0.97803,0.71996,1.2626
37.87,-93.41,-999,0.96477,0.71026,1.2393
-69.02,-90.9,-999,1.2581,0.47126,2.3591
28.52,-90.9,-999,0.94921,0.70275,1.2271
31.53,-90.9,-999,1.0045,0.7519,1.2821
34.64,-90.9,-999,1.0249,0.77045,1.3048
37.87,-90.9,-999,1.016,0.7668,1.2808
69.02,-90.9,-999,0.63057,0.4738,0.80794
-69.02,-88.39,-999,1.2787,0.459,2.434
22.74,-88.39,-999,0.79606,0.56847,1.0548
25.59,-88.39,-999,0.89546,0.66469,1.1653
28.52,-88.39,-999,0.93179,0.6989,1.191
31.53,-88.39,-999,0.98358,0.74299,1.2467
34.64,-88.39,-999,1.0191,0.76953,1.2887
37.87,-88.39,-999,1.0186,0.76817,1.2859
41.25,-88.39,-999,1.0783,0.87244,1.3033
44.82,-88.39,-999,0.92595,0.69448,1.1802
48.63,-88.39,-999,0.81353,0.59238,1.0549
52.75,-88.39,-999,0.67937,0.47939,0.89258
69.02,-88.39,-999,0.53934,0.36019,0.7424
-69.02,-85.88,-999,1.3102,0.45163,2.5342
19.94,-85.88,-999,0.79732,0.55752,1.0756
22.74,-85.88,-999,0.77178,0.55113,1.0249
25.59,-85.88,-999,0.82595,0.6069,1.0735
28.52,-85.88,-999,0.90905,0.68663,1.1606
31.53,-85.88,-999,0.97194,0.73912,1.2216
34.64,-85.88,-999,1.0195,0.77267,1.2861
37.87,-85.88,-999,1.0367,0.78606,1.3038
41.25,-85.88,-999,1.0495,0.79796,1.3266
44.82,-85.88,-999,0.94147,0.70686,1.2113
48.63,-85.88,-999,0.86063,0.63607,1.1088
52.75,-85.88,-999,0.71597,0.5053,0.94663
57.32,-85.88,-999,0.6709,0.51246,0.84373
62.55,-85.88,-999,0.54657,0.36498,0.74516
69.02,-85.88,-999,0.6111,0.45366,0.78696
-69.02,-83.37,-999,1.3413,0.42646,2.6734
22.74,-83.37,-999,0.73914,0.5244,0.98256
31.53,-83.37,-999,0.95424,0.72718,1.2053
34.64,-83.37,-999,1.0662,0.8078,1.3458
37.87,-83.37,-999,1.1099,0.84718,1.394
41.25,-83.37,-999,1.0856,0.82897,1.3661
44.82,-83.37,-999,0.96573,0.73359,1.2228
48.63,-83.37,-999,0.88046,0.65211,1.1312
52.75,-83.37,-999,0.73966,0.52769,0.97387
57.32,-83.37,-999,0.70907,0.53996,0.88634
62.55,-83.37,-999,0.55282,0.37333,0.74884
69.02,-83.37,-999,0.53183,0.35476,0.73385
-69.02,-80.86,-999,1.3418,0.3902,2.784
22.74,-80.86,-999,0.74049,0.52067,0.97625
28.52,-80.86,-999,0.87153,0.65348,1.1093
31.53,-80.86,-999,0.9933,0.74964,1.2559
34.64,-80.86,-999,1.0808,0.81401,1.3667
37.87,-80.86,-999,1.1271,0.85071,1.4294
41.25,-80.86,-999,1.0917,0.83485,1.3693
44.82,-80.86,-999,0.94597,0.78267,1.1246
48.63,-80.86,-999,0.90709,0.6786,1.1588
52.75,-80.86,-999,0.7691,0.55397,1.0068
57.32,-80.86,-999,0.64579,0.45137,0.8649
62.55,-80.86,-999,0.5646,0.38776,0.75886
69.02,-80.86,-999,0.61873,0.46932,0.78244
-69.02,-78.35,-999,1.3156,0.43161,2.6173
25.59,-78.35,-999,0.81073,0.57918,1.0665
28.52,-78.35,-999,0.90596,0.66903,1.165
31.53,-78.35,-999,0.97858,0.72913,1.2413
34.64,-78.35,-999,1.0874,0.80792,1.389
37.87,-78.35,-999,1.1284,0.84618,1.4421
41.25,-78.35,-999,1.1067,0.84495,1.3934
44.82,-78.35,-999,1.1461,0.96368,1.3392
48.63,-78.35,-999,0.94024,0.70758,1.1922
52.75,-78.35,-999,0.79099,0.57805,1.0241
57.32,-78.35,-999,0.67527,0.47769,0.89459
62.55,-78.35,-999,0.57532,0.40472,0.75957
69.02,-78.35,-999,0.55074,0.37485,0.75137
-69.02,-75.84,-999,1.2069,0.45629,2.2771
19.94,-75.84,-999,0.70127,0.4821,0.95704
22.74,-75.84,-999,0.72606,0.50295,0.97095
25.59,-75.84,-999,0.76824,0.55285,1.0066
28.52,-75.84,-999,0.84612,0.62241,1.0869
31.53,-75.84,-999,0.94651,0.70786,1.2072
34.64,-75.84,-999,0.99436,0.8106,1.1908
37.87,-75.84,-999,1.2503,1.0476,1.4733
41.25,-75.84,-999,1.1295,0.87922,1.4081
44.82,-75.84,-999,1.1857,1.0002,1.382
48.63,-75.84,-999,1.0788,0.90488,1.2649
52.75,-75.84,-999,0.81887,0.61481,1.0492
57.32,-75.84,-999,0.75684,0.54105,1.0075
62.55,-75.84,-999,0.58511,0.42453,0.75798
69.02,-75.84,-999,0.56523,0.38578,0.76604
-52.75,-73.33,-999,1.4185,0.97244,1.9278
19.94,-73.33,-999,0.66197,0.44624,0.90198
22.74,-73.33,-999,0.65435,0.44927,0.88304
31.53,-73.33,-999,0.8896,0.66494,1.1382
34.64,-73.33,-999,1.0025,0.75349,1.2776
37.87,-73.33,-999,1.0784,0.8132,1.3707
41.25,-73.33,-999,1.2685,1.0839,1.4705
44.82,-73.33,-999,1.1335,0.89589,1.3943
48.63,-73.33,-999,1.074,0.81286,1.3766
52.75,-73.33,-999,0.85407,0.64366,1.0824
57.32,-73.33,-999,0.81957,0.67442,0.97177
62.55,-73.33,-999,0.61614,0.44884,0.7996
69.02,-73.33,-999,0.58066,0.3966,0.78577
-62.55,-70.82,-999,1.4281,1.034,1.8779
-52.75,-70.82,-999,1.4532,0.9934,1.9769
34.64,-70.82,-999,1.017,0.76244,1.2924
37.87,-70.82,-999,1.0713,0.8094,1.3631
41.25,-70.82,-999,1.157,0.89731,1.4427
44.82,-70.82,-999,1.1651,0.92221,1.4319
48.63,-70.82,-999,1.0467,0.80635,1.31
52.75,-70.82,-999,1.0073,0.84687,1.1831
57.32,-70.82,-999,0.76806,0.573,0.97509
62.55,-70.82,-999,0.65419,0.4788,0.85031
69.02,-70.82,-999,0.59262,0.41126,0.79632
31.53,-68.31,-999,0.95287,0.7967,1.1253
37.87,-68.31,-999,1.0904,0.82269,1.3795
41.25,-68.31,-999,1.1789,0.91205,1.4691
44.82,-68.31,-999,1.198,0.94423,1.478
48.63,-68.31,-999,1.2778,1.0991,1.4583
52.75,-68.31,-999,0.94833,0.72468,1.1956
57.32,-68.31,-999,0.92004,0.76801,1.0877
62.55,-68.31,-999,0.69487,0.50716,0.90252
69.02,-68.31,-999,0.58351,0.41499,0.78225
-57.32,-65.8,-999,1.576,1.0537,2.1742
37.87,-65.8,-999,1.0781,0.81328,1.3632
41.25,-65.8,-999,1.1703,0.90263,1.4572
44.82,-65.8,-999,1.2096,0.945,1.4911
48.63,-65.8,-999,1.1819,0.92183,1.4578
52.75,-65.8,-999,1.1129,0.9443,1.2934
57.32,-65.8,-999,0.86298,0.64804,1.0932
62.55,-65.8,-999,0.73558,0.53473,0.96022
69.02,-65.8,-999,0.60636,0.4313,0.81534
-57.32,-63.29,-999,1.5951,1.0639,2.2054
-52.75,-63.29,-999,1.5383,1.028,2.1368
-44.82,-63.29,-999,0.92501,0.66693,1.2135
19.94,-63.29,-999,0.48889,0.34491,0.65682
37.87,-63.29,-999,1.0449,0.78975,1.3236
41.25,-63.29,-999,1.1548,0.88726,1.4399
44.82,-63.29,-999,1.1852,0.91763,1.4639
48.63,-63.29,-999,1.1845,0.91662,1.463
52.75,-63.29,-999,1.0377,0.78504,1.2998
57.32,-63.29,-999,0.90824,0.68128,1.1565
62.55,-63.29,-999,0.77482,0.56287,1.0155
69.02,-63.29,-999,0.63059,0.44666,0.84934
-52.75,-60.78,-999,1.6191,1.101,2.2337
-48.63,-60.78,-999,1.2484,0.8633,1.7004
-11.81,-60.78,-999,1.6428,1.2728,2.0396
-9.16,-60.78,-999,2.1148,1.6765,2.58
34.64,-60.78,-999,1.0117,0.85583,1.1788
37.87,-60.78,-999,0.97869,0.73658,1.2404
41.25,-60.78,-999,1.11,0.85227,1.3863
44.82,-60.78,-999,1.1923,0.91723,1.4821
48.63,-60.78,-999,1.2091,0.92838,1.5038
52.75,-60.78,-999,1.0715,0.80806,1.3436
57.32,-60.78,-999,0.94741,0.71392,1.2101
62.55,-60.78,-999,0.80987,0.59152,1.0595
69.02,-60.78,-999,0.65231,0.46106,0.87694
-57.32,-58.27,-999,1.7703,1.2463,2.363
-52.75,-58.27,-999,1.4648,0.98028,2.0217
-48.63,-58.27,-999,1.265,0.89566,1.6954
-44.82,-58.27,-999,0.94629,0.67312,1.2653
-41.25,-58.27,-999,0.78478,0.58702,1.0068
-17.19,-58.27,-999,1.099,0.82425,1.3944
-14.48,-58.27,-999,1.3153,1.0056,1.6574
-11.81,-58.27,-999,1.6588,1.3043,2.0405
-9.16,-58.27,-999,2.1109,1.6925,2.5468
-6.53,-58.27,-999,2.5353,2.035,3.0612
31.53,-58.27,-999,0.85366,0.71226,1.0076
37.87,-58.27,-999,1.1013,0.9463,1.2664
41.25,-58.27,-999,1.1082,0.84437,1.3946
44.82,-58.27,-999,1.1929,0.91121,1.4945
48.63,-58.27,-999,1.2228,0.93057,1.536
52.75,-58.27,-999,1.3077,1.0973,1.5305
57.32,-58.27,-999,0.97822,0.73559,1.2465
62.55,-58.27,-999,0.82851,0.60376,1.0807
69.02,-58.27,-999,0.67077,0.47479,0.90017
-48.63,-55.76,-999,1.2154,0.85727,1.626
-44.82,-55.76,-999,0.8654,0.64067,1.1204
-41.25,-55.76,-999,0.6698,0.49382,0.87081
-37.87,-55.76,-999,0.59301,0.40701,0.80992
-34.64,-55.76,-999,0.55579,0.38278,0.76302
-19.94,-55.76,-999,1.0255,0.76617,1.3047
-17.19,-55.76,-999,1.1147,0.85057,1.3976
-14.48,-55.76,-999,1.2795,0.98518,1.5972
-11.81,-55.76,-999,1.6607,1.3215,2.0295
-9.16,-55.76,-999,2.0638,1.6707,2.4792
-6.53,-55.76,-999,2.4439,1.9856,2.9326
-3.91,-55.76,-999,2.6109,2.1112,3.142
-1.3,-55.76,-999,2.6213,2.3001,2.9645
1.3,-55.76,-999,2.1605,1.8668,2.4706
3.91,-55.76,-999,1.6048,1.3357,1.9009
31.53,-55.76,-999,0.90304,0.77028,1.0483
34.64,-55.76,-999,0.93993,0.79579,1.0962
37.87,-55.76,-999,0.9392,0.70245,1.1963
41.25,-55.76,-999,1.0622,0.80528,1.3393
44.82,-55.76,-999,1.1605,0.87951,1.4662
48.63,-55.76,-999,1.2069,0.90908,1.5283
52.75,-55.76,-999,1.1795,0.88811,1.4959
57.32,-55.76,-999,0.9985,0.74378,1.2784
62.55,-55.76,-999,0.82867,0.60647,1.0797
69.02,-55.76,-999,0.68493,0.48309,0.91758
-48.63,-53.25,-999,1.2735,0.95094,1.6448
-44.82,-53.25,-999,0.82422,0.61244,1.0685
-41.25,-53.25,-999,0.73668,0.53153,0.97317
-37.87,-53.25,-999,0.60023,0.418,0.81274
-34.64,-53.25,-999,0.57338,0.39063,0.7862
-31.53,-53.25,-999,0.63628,0.44605,0.85421
-28.52,-53.25,-999,0.74974,0.54221,0.99099
-22.74,-53.25,-999,0.97326,0.72385,1.2472
-19.94,-53.25,-999,0.97868,0.82187,1.1423
-17.19,-53.25,-999,1.0961,0.83916,1.3813
-14.48,-53.25,-999,1.2951,1.0064,1.6106
-11.81,-53.25,-999,1.6421,1.3127,2.0006
-9.16,-53.25,-999,2.0496,1.6633,2.4608
-6.53,-53.25,-999,2.4052,1.9688,2.8781
-3.91,-53.25,-999,2.5731,2.0972,3.0708
-1.3,-53.25,-999,2.5985,2.3044,2.9198
1.3,-53.25,-999,2.1302,1.8631,2.4136
3.91,-53.25,-999,1.5622,1.3018,1.8415
25.59,-53.25,-999,0.62152,0.48288,0.7753
31.53,-53.25,-999,0.87558,0.7521,1.0141
34.64,-53.25,-999,0.85284,0.63469,1.086
37.87,-53.25,-999,0.92323,0.69284,1.174
41.25,-53.25,-999,1.0242,0.76817,1.3
44.82,-53.25,-999,1.1251,0.8424,1.4317
48.63,-53.25,-999,1.1845,0.88361,1.5141
52.75,-53.25,-999,1.1702,0.87231,1.4938
57.32,-53.25,-999,1.0083,0.74171,1.2974
62.55,-53.25,-999,0.83852,0.61196,1.0946
69.02,-53.25,-999,0.69451,0.4911,0.9292
-41.25,-50.74,-999,0.75454,0.54661,0.99199
-37.87,-50.74,-999,0.59701,0.41841,0.81236
-34.64,-50.74,-999,0.58536,0.41109,0.79251
-31.53,-50.74,-999,0.62416,0.48397,0.7791
-28.52,-50.74,-999,0.78925,0.57628,1.0439
-25.59,-50.74,-999,0.84608,0.67925,1.025
-22.74,-50.74,-999,0.98789,0.74018,1.2648
-19.94,-50.74,-999,1.0492,0.80669,1.315
-17.19,-50.74,-999,1.1353,0.87267,1.4241
-14.48,-50.74,-999,1.3161,1.0253,1.6343
-11.81,-50.74,-999,1.6305,1.3048,1.9843
-9.16,-50.74,-999,1.9916,1.6253,2.3858
-6.53,-50.74,-999,2.3586,1.9337,2.8261
-3.91,-50.74,-999,2.4435,2.0006,2.9226
-1.3,-50.74,-999,2.2432,1.8259,2.6959
1.3,-50.74,-999,1.9925,1.7444,2.2585
34.64,-50.74,-999,0.83169,0.61707,1.065
37.87,-50.74,-999,0.88544,0.66282,1.1285
41.25,-50.74,-999,0.99401,0.74822,1.2635
44.82,-50.74,-999,1.0874,0.80779,1.3938
48.63,-50.74,-999,1.1523,0.8526,1.4794
52.75,-50.74,-999,1.08,0.79409,1.3985
57.32,-50.74,-999,0.99963,0.73711,1.2814
62.55,-50.74,-999,0.84353,0.61895,1.1012
69.02,-50.74,-999,0.69924,0.49584,0.93257
-41.25,-48.23,-999,0.75813,0.5525,0.99157
-37.87,-48.23,-999,0.67253,0.48408,0.89795
-34.64,-48.23,-999,0.60772,0.42608,0.81564
-31.53,-48.23,-999,0.6339,0.49644,0.77739
-28.52,-48.23,-999,0.80758,0.59577,1.0592
-25.59,-48.23,-999,0.92151,0.68498,1.2001
-22.74,-48.23,-999,1.0193,0.7728,1.3
-19.94,-48.23,-999,1.0661,0.82064,1.344
-17.19,-48.23,-999,1.1552,0.89201,1.4479
-14.48,-48.23,-999,1.3467,1.0554,1.6645
-11.81,-48.23,-999,1.6258,1.3006,1.988
-9.16,-48.23,-999,1.9631,1.6015,2.3582
-6.53,-48.23,-999,2.251,1.8398,2.6952
-3.91,-48.23,-999,2.3453,1.9225,2.8144
-1.3,-48.23,-999,2.153,1.752,2.5919
1.3,-48.23,-999,1.7957,1.4198,2.2005
3.91,-48.23,-999,1.4947,1.2339,1.7826
34.64,-48.23,-999,0.89762,0.7745,1.0347
37.87,-48.23,-999,0.86183,0.64381,1.0963
41.25,-48.23,-999,0.95248,0.71462,1.2095
44.82,-48.23,-999,1.0515,0.78591,1.3441
48.63,-48.23,-999,1.1216,0.82934,1.4445
52.75,-48.23,-999,1.0528,0.76926,1.3635
57.32,-48.23,-999,0.98438,0.7259,1.2643
62.55,-48.23,-999,0.83469,0.61163,1.0872
69.02,-48.23,-999,0.69956,0.49435,0.93391
-41.25,-45.72,-999,0.76634,0.56376,0.99936
-37.87,-45.72,-999,0.69096,0.50306,0.91175
-34.64,-45.72,-999,0.63562,0.44912,0.84867
-31.53,-45.72,-999,0.70304,0.50643,0.93306
-28.52,-45.72,-999,0.8047,0.59372,1.0516
-25.59,-45.72,-999,0.93882,0.6961,1.2302
-22.74,-45.72,-999,1.0451,0.78739,1.3464
-19.94,-45.72,-999,1.1051,0.84607,1.3975
-17.19,-45.72,-999,1.1876,0.91566,1.4899
-14.48,-45.72,-999,1.3637,1.0679,1.6884
-11.81,-45.72,-999,1.5547,1.2443,1.9033
-9.16,-45.72,-999,1.8873,1.5376,2.2735
-6.53,-45.72,-999,2.1627,1.7623,2.6062
-3.91,-45.72,-999,2.2356,1.8185,2.6957
-1.3,-45.72,-999,2.0571,1.6595,2.4964
1.3,-45.72,-999,1.7638,1.3962,2.1676
3.91,-45.72,-999,1.2572,1.0039,1.5434
37.87,-45.72,-999,0.82846,0.61254,1.0599
41.25,-45.72,-999,0.92931,0.69314,1.1811
44.82,-45.72,-999,1.0219,0.76071,1.3058
48.63,-45.72,-999,1.0917,0.80942,1.4106
52.75,-45.72,-999,1.0189,0.74349,1.3214
57.32,-45.72,-999,0.96135,0.70979,1.2395
62.55,-45.72,-999,0.82133,0.60009,1.067
69.02,-45.72,-999,0.69676,0.49153,0.93414
-41.25,-43.21,-999,0.77593,0.57717,1.005
-37.87,-43.21,-999,0.68721,0.50634,0.89628
-34.64,-43.21,-999,0.67187,0.48467,0.88207
-31.53,-43.21,-999,0.73035,0.52779,0.96421
-28.52,-43.21,-999,0.83384,0.61169,1.0887
-25.59,-43.21,-999,0.96906,0.7226,1.2726
-22.74,-43.21,-999,1.0795,0.81324,1.3881
-19.94,-43.21,-999,1.1475,0.87585,1.4618
-17.19,-43.21,-999,1.228,0.93969,1.5442
-14.48,-43.21,-999,1.3227,1.0265,1.6435
-11.81,-43.21,-999,1.5792,1.2644,1.9188
-9.16,-43.21,-999,1.8493,1.5002,2.2329
-6.53,-43.21,-999,2.0864,1.6916,2.5235
-3.91,-43.21,-999,2.1363,1.7328,2.599
-1.3,-43.21,-999,1.9554,1.5658,2.3819
37.87,-43.21,-999,0.82918,0.61235,1.0661
41.25,-43.21,-999,0.91073,0.67822,1.1613
44.82,-43.21,-999,0.99298,0.73837,1.2709
48.63,-43.21,-999,1.0395,0.76653,1.3455
52.75,-43.21,-999,0.97995,0.71436,1.2723
57.32,-43.21,-999,0.93353,0.68645,1.2078
62.55,-43.21,-999,0.80527,0.584,1.05
69.02,-43.21,-999,0.69116,0.48376,0.92475
-41.25,-40.7,-999,0.75722,0.56661,0.9719
-37.87,-40.7,-999,0.68906,0.51385,0.8911
-34.64,-40.7,-999,0.68996,0.50716,0.8946
-31.53,-40.7,-999,0.75487,0.55659,0.97701
-28.52,-40.7,-999,0.87149,0.65215,1.1267
-25.59,-40.7,-999,0.99359,0.73834,1.2993
-22.74,-40.7,-999,1.1096,0.82992,1.4303
-19.94,-40.7,-999,1.1949,0.90444,1.5203
-17.19,-40.7,-999,1.2046,0.91758,1.5243
-14.48,-40.7,-999,1.3384,1.0392,1.6667
-11.81,-40.7,-999,1.5697,1.2545,1.9106
-9.16,-40.7,-999,1.8114,1.4609,2.1912
-6.53,-40.7,-999,2.0131,1.6191,2.4462
-3.91,-40.7,-999,2.0483,1.6434,2.5005
-1.3,-40.7,-999,1.8806,1.5008,2.2932
37.87,-40.7,-999,0.7978,0.58733,1.0255
41.25,-40.7,-999,0.85144,0.63181,1.0857
44.82,-40.7,-999,0.93851,0.69693,1.2017
48.63,-40.7,-999,0.93378,0.68034,1.2143
52.75,-40.7,-999,0.93921,0.68672,1.2151
57.32,-40.7,-999,0.90458,0.66448,1.1746
62.55,-40.7,-999,0.78735,0.56587,1.0354
69.02,-40.7,-999,0.69951,0.48571,0.94218
-41.25,-38.19,-999,0.75277,0.56274,0.95795
-37.87,-38.19,-999,0.69997,0.52615,0.89504
-34.64,-38.19,-999,0.69126,0.51218,0.89091
-31.53,-38.19,-999,0.76054,0.56997,0.97557
-28.52,-38.19,-999,0.88481,0.66875,1.1314
-25.59,-38.19,-999,1.0201,0.77156,1.3069
-22.74,-38.19,-999,1.144,0.86521,1.458
-19.94,-38.19,-999,1.1597,0.86789,1.4853
-17.19,-38.19,-999,1.2285,0.93196,1.5588
-14.48,-38.19,-999,1.3526,1.045,1.6933
-11.81,-38.19,-999,1.5608,1.2347,1.9085
-9.16,-38.19,-999,1.8109,1.4522,2.2023
-6.53,-38.19,-999,1.9454,1.5508,2.3787
-3.91,-38.19,-999,1.9659,1.5598,2.4073
-1.3,-38.19,-999,1.9849,1.7396,2.2319
37.87,-38.19,-999,0.75044,0.55216,0.9673
41.25,-38.19,-999,0.83692,0.62108,1.0679
44.82,-38.19,-999,0.91434,0.67555,1.1717
48.63,-38.19,-999,0.89166,0.65167,1.1567
52.75,-38.19,-999,0.89971,0.65828,1.1617
57.32,-38.19,-999,0.87728,0.64503,1.1385
62.55,-38.19,-999,0.76886,0.54519,1.0144
69.02,-38.19,-999,0.68685,0.46913,0.93354
-37.87,-35.68,-999,0.70926,0.53543,0.899
-34.64,-35.68,-999,0.70786,0.53289,0.90173
-31.53,-35.68,-999,0.77597,0.58849,0.98902
-28.52,-35.68,-999,0.89044,0.67982,1.1312
-25.59,-35.68,-999,1.0222,0.78164,1.3025
-22.74,-35.68,-999,1.1553,0.87993,1.4656
-19.94,-35.68,-999,1.1738,0.878,1.5015
-17.19,-35.68,-999,1.2471,0.93749,1.5876
-14.48,-35.68,-999,1.362,1.0434,1.718
-11.81,-35.68,-999,1.5478,1.2155,1.9017
-9.16,-35.68,-999,1.7702,1.4104,2.1615
-6.53,-35.68,-999,1.8849,1.5008,2.3153
-3.91,-35.68,-999,2.0712,1.7921,2.3415
37.87,-35.68,-999,0.70847,0.51826,0.91368
41.25,-35.68,-999,0.79873,0.59076,1.0223
44.82,-35.68,-999,0.88061,0.65183,1.1331
48.63,-35.68,-999,0.85599,0.62844,1.1021
52.75,-35.68,-999,0.86335,0.63268,1.1125
57.32,-35.68,-999,0.85262,0.62525,1.1111
62.55,-35.68,-999,0.75227,0.52915,0.99952
69.02,-35.68,-999,0.67287,0.45367,0.91867
-34.64,-33.17,-999,0.73621,0.56106,0.93205
-31.53,-33.17,-999,0.79829,0.60907,1.0082
-28.52,-33.17,-999,0.89513,0.686,1.1291
-25.59,-33.17,-999,1.0321,0.79303,1.3005
-22.74,-33.17,-999,1.1668,0.8913,1.4735
-19.94,-33.17,-999,1.1812,0.88586,1.5036
-17.19,-33.17,-999,1.2599,0.94421,1.6004
-14.48,-33.17,-999,1.3662,1.0453,1.716
-11.81,-33.17,-999,1.5252,1.1911,1.8894
-9.16,-33.17,-999,1.7279,1.368,2.118
-6.53,-33.17,-999,1.8279,1.4452,2.2459
-3.91,-33.17,-999,1.8297,1.4404,2.251
37.87,-33.17,-999,0.67117,0.49198,0.86989
41.25,-33.17,-999,0.76606,0.56496,0.98357
44.82,-33.17,-999,0.76901,0.56432,0.9939
48.63,-33.17,-999,0.82106,0.6041,1.0564
52.75,-33.17,-999,0.83552,0.61337,1.0775
57.32,-33.17,-999,0.8317,0.6069,1.0855
62.55,-33.17,-999,0.73474,0.51342,0.97934
69.02,-33.17,-999,0.65973,0.43724,0.91137
-34.64,-30.66,-999,0.78891,0.64158,0.95342
-31.53,-30.66,-999,0.78281,0.59663,0.98474
-28.52,-30.66,-999,0.91562,0.7039,1.1467
-25.59,-30.66,-999,1.0473,0.8069,1.3093
-22.74,-30.66,-999,1.1773,0.90471,1.4816
-19.94,-30.66,-999,1.184,0.89226,1.5019
-17.19,-30.66,-999,1.2686,0.958,1.6035
-14.48,-30.66,-999,1.5185,1.2513,1.8046
-11.81,-30.66,-999,1.6538,1.3986,1.9315
-6.53,-30.66,-999,1.7905,1.4076,2.1991
37.87,-30.66,-999,0.63588,0.46245,0.82372
41.25,-30.66,-999,0.73375,0.53943,0.94672
44.82,-30.66,-999,0.73442,0.54066,0.94893
48.63,-30.66,-999,0.78949,0.58095,1.0169
52.75,-30.66,-999,0.80766,0.59202,1.0452
57.32,-30.66,-999,0.80747,0.58505,1.0556
62.55,-30.66,-999,0.73023,0.50557,0.97816
69.02,-30.66,-999,0.64854,0.42284,0.90388
-31.53,-28.15,-999,0.81816,0.62812,1.0261
-28.52,-28.15,-999,0.93644,0.72342,1.1694
-25.59,-28.15,-999,1.0637,0.82233,1.3282
-22.74,-28.15,-999,1.1152,0.85804,1.3951
-19.94,-28.15,-999,1.2231,0.93397,1.5302
-17.19,-28.15,-999,1.2733,0.97137,1.6019
-14.48,-28.15,-999,1.3849,1.0682,1.7346
-11.81,-28.15,-999,1.5197,1.1858,1.8786
37.87,-28.15,-999,0.63472,0.46045,0.82713
41.25,-28.15,-999,0.71702,0.52379,0.92879
44.82,-28.15,-999,0.70169,0.51387,0.90808
48.63,-28.15,-999,0.76114,0.5616,0.98293
52.75,-28.15,-999,0.7833,0.57641,1.0139
57.32,-28.15,-999,0.79461,0.57548,1.0403
62.55,-28.15,-999,0.71637,0.49656,0.96016
69.02,-28.15,-999,0.63963,0.41318,0.89741
-31.53,-25.64,-999,0.79931,0.67654,0.92353
-28.52,-25.64,-999,0.91919,0.71083,1.1431
-25.59,-25.64,-999,0.97865,0.75596,1.2189
-22.74,-25.64,-999,1.111,0.85895,1.383
-19.94,-25.64,-999,1.2173,0.94062,1.5147
-17.19,-25.64,-999,1.2696,0.97326,1.5871
-14.48,-25.64,-999,1.3703,1.0619,1.7076
-11.81,-25.64,-999,1.4956,1.1642,1.8576
37.87,-25.64,-999,0.59712,0.43171,0.78422
41.25,-25.64,-999,0.62816,0.45747,0.81964
44.82,-25.64,-999,0.67502,0.49404,0.87826
48.63,-25.64,-999,0.73658,0.54254,0.9534
52.75,-25.64,-999,0.76363,0.5626,0.98883
57.32,-25.64,-999,0.78969,0.57299,1.0297
62.55,-25.64,-999,0.70431,0.48868,0.94469
69.02,-25.64,-999,0.63507,0.40877,0.89107
-28.52,-23.13,-999,0.89467,0.68881,1.1127
-25.59,-23.13,-999,0.96649,0.74434,1.2035
-22.74,-23.13,-999,1.0733,0.82722,1.336
-19.94,-23.13,-999,1.2149,0.93921,1.5068
-17.19,-23.13,-999,1.2815,0.99326,1.5931
-14.48,-23.13,-999,1.3666,1.0663,1.7004
37.87,-23.13,-999,0.58018,0.41569,0.76672
41.25,-23.13,-999,0.59719,0.43197,0.78706
44.82,-23.13,-999,0.65251,0.4753,0.85387
57.32,-23.13,-999,0.75692,0.54737,0.99185
62.55,-23.13,-999,0.69331,0.48018,0.92988
69.02,-23.13,-999,0.64173,0.4146,0.89917
-22.74,-20.62,-999,1.0525,0.80463,1.3153
-19.94,-20.62,-999,1.2023,0.92843,1.4939
-17.19,-20.62,-999,1.2593,0.97647,1.5652
-14.48,-20.62,-999,1.3634,1.0638,1.687
37.87,-20.62,-999,0.47859,0.33593,0.64456
57.32,-20.62,-999,0.75737,0.54785,0.99114
62.55,-20.62,-999,0.68256,0.47329,0.91714
69.02,-20.62,-999,0.66639,0.43762,0.92976
-19.94,-18.11,-999,1.1424,0.87415,1.4319
-17.19,-18.11,-999,1.2413,0.96393,1.5392
57.32,-18.11,-999,0.82572,0.69414,0.96158
62.55,-18.11,-999,0.66739,0.46092,0.9034
69.02,-18.11,-999,0.65118,0.43495,0.89768
-17.19,-15.6,-999,1.2237,0.94137,1.529
48.63,-15.6,-999,0.69294,0.50263,0.90824
52.75,-15.6,-999,0.72988,0.53179,0.95546
69.02,-15.6,-999,0.65887,0.44687,0.89813
1.3,-13.09,-999,1.7034,1.3735,2.0644
48.63,-13.09,-999,0.71206,0.5176,0.9333
52.75,-13.09,-999,0.75272,0.54835,0.98732
57.32,-13.09,-999,0.8085,0.67964,0.93904
69.02,-13.09,-999,0.68499,0.47203,0.92692
-1.3,-10.58,-999,1.801,1.46,2.1645
1.3,-10.58,-999,1.7586,1.4252,2.1211
3.91,-10.58,-999,1.652,1.3204,2.019
6.53,-10.58,-999,1.544,1.2176,1.8953
9.16,-10.58,-999,1.366,1.0561,1.6967
11.81,-10.58,-999,1.0607,0.78949,1.3523
48.63,-10.58,-999,0.72529,0.52467,0.95316
52.75,-10.58,-999,0.74896,0.54538,0.9894
57.32,-10.58,-999,0.84162,0.70696,0.98299
62.55,-10.58,-999,0.69794,0.49741,0.93076
69.02,-10.58,-999,0.77763,0.62323,0.9442
-6.53,-8.07,-999,1.6679,1.3361,2.0273
-3.91,-8.07,-999,1.7295,1.3968,2.096
-1.3,-8.07,-999,1.817,1.4782,2.1801
1.3,-8.07,-999,1.8236,1.4861,2.1909
3.91,-8.07,-999,1.7378,1.3933,2.122
6.53,-8.07,-999,1.6388,1.2941,2.0139
9.16,-8.07,-999,1.4013,1.081,1.7533
11.81,-8.07,-999,1.1128,0.83542,1.4195
52.75,-8.07,-999,0.81931,0.59869,1.0771
57.32,-8.07,-999,0.76545,0.55435,1.0127
62.55,-8.07,-999,0.71286,0.50965,0.94771
69.02,-8.07,-999,0.77005,0.62765,0.92201
-6.53,-5.56,-999,1.7196,1.3753,2.103
-3.91,-5.56,-999,1.8125,1.4713,2.1888
-1.3,-5.56,-999,1.824,1.4877,2.1914
1.3,-5.56,-999,1.8541,1.5092,2.2343
3.91,-5.56,-999,1.8172,1.4521,2.2275
6.53,-5.56,-999,1.7275,1.3612,2.1336
9.16,-5.56,-999,1.4654,1.1308,1.8383
11.81,-5.56,-999,1.1468,0.86045,1.4627
14.48,-5.56,-999,0.78721,0.56022,1.0419
41.25,-5.56,-999,0.57495,0.46509,0.69583
52.75,-5.56,-999,0.8192,0.59494,1.0784
57.32,-5.56,-999,0.76822,0.55296,1.0208
62.55,-5.56,-999,0.72333,0.5176,0.96115
69.02,-5.56,-999,0.67233,0.47579,0.89488
-6.53,-3.05,-999,1.7328,1.3774,2.1257
-3.91,-3.05,-999,1.8267,1.4751,2.2112
-1.3,-3.05,-999,1.7629,1.4216,2.1345
1.3,-3.05,-999,1.8152,1.4592,2.2027
3.91,-3.05,-999,1.8538,1.4777,2.2659
6.53,-3.05,-999,1.7717,1.3978,2.1877
9.16,-3.05,-999,1.5672,1.22,1.9498
11.81,-3.05,-999,1.1755,0.88856,1.5012
14.48,-3.05,-999,0.80077,0.57722,1.0509
17.19,-3.05,-999,0.49731,0.32843,0.68397
52.75,-3.05,-999,0.81799,0.59183,1.0813
57.32,-3.05,-999,0.79262,0.5715,1.0546
62.55,-3.05,-999,0.73186,0.52494,0.97384
69.02,-3.05,-999,0.6725,0.47853,0.89571
-6.53,-0.54,-999,1.7038,1.3565,2.0884
-3.91,-0.54,-999,1.6932,1.3455,2.0689
-1.3,-0.54,-999,1.7364,1.3851,2.1129
1.3,-0.54,-999,1.8087,1.4484,2.1958
3.91,-0.54,-999,1.8721,1.4928,2.2827
6.53,-0.54,-999,1.8076,1.436,2.2184
9.16,-0.54,-999,1.5806,1.2356,1.951
11.81,-0.54,-999,1.2275,0.93762,1.5535
14.48,-0.54,-999,0.80561,0.58872,1.0503
17.19,-0.54,-999,0.50144,0.33913,0.68225
19.94,-0.54,-999,0.23931,0.1646,0.32386
25.59,-0.54,-999,0.14796,0.077561,0.23672
28.52,-0.54,-999,0.13486,0.071494,0.2135
44.82,-0.54,-999,0.7509,0.61647,0.89784
48.63,-0.54,-999,0.80796,0.66814,0.95189
52.75,-0.54,-999,0.97401,0.80879,1.1505
57.32,-0.54,-999,0.80083,0.57935,1.064
62.55,-0.54,-999,0.72769,0.51982,0.96703
69.02,-0.54,-999,0.63454,0.44765,0.84726
-6.53,1.97,-999,1.8693,1.6526,2.0953
-3.91,1.97,-999,1.627,1.2841,1.996
-1.3,1.97,-999,1.9137,1.6918,2.1524
3.91,1.97,-999,1.816,1.4401,2.2316
6.53,1.97,-999,1.8645,1.4904,2.2793
9.16,1.97,-999,1.6109,1.2728,1.9793
11.81,1.97,-999,1.2383,0.95634,1.5457
14.48,1.97,-999,0.80825,0.59214,1.0475
17.19,1.97,-999,0.4624,0.31171,0.62955
25.59,1.97,-999,0.11668,0.058283,0.19113
28.52,1.97,-999,0.13684,0.097907,0.1819
37.87,1.97,-999,0.37262,0.28418,0.47011
44.82,1.97,-999,0.69387,0.48557,0.93919
57.32,1.97,-999,0.80921,0.58494,1.0787
62.55,1.97,-999,0.72504,0.51779,0.96193
69.02,1.97,-999,0.63444,0.44712,0.8444
-6.53,4.48,-999,1.6583,1.3193,2.0313
-3.91,4.48,-999,1.7532,1.5432,1.9759
-1.3,4.48,-999,1.824,1.5861,2.077
11.81,4.48,-999,1.1698,0.88853,1.4709
14.48,4.48,-999,0.78774,0.56899,1.0265
17.19,4.48,-999,0.48122,0.32514,0.65571
19.94,4.48,-999,0.24044,0.14125,0.35176
28.52,4.48,-999,0.13765,0.079995,0.21058
41.25,4.48,-999,0.58141,0.46399,0.71113
44.82,4.48,-999,0.71542,0.58464,0.85427
57.32,4.48,-999,0.8221,0.59249,1.0899
62.55,4.48,-999,0.72089,0.51315,0.95583
69.02,4.48,-999,0.62353,0.43642,0.82704
-9.16,6.99,-999,1.5889,1.3614,1.8257
-6.53,6.99,-999,1.6441,1.2973,2.0253
-3.91,6.99,-999,1.6219,1.2894,1.9967
-1.3,6.99,-999,1.7729,1.4339,2.1523
1.3,6.99,-999,1.6651,1.3754,1.9748
3.91,6.99,-999,1.8529,1.4907,2.2501
6.53,6.99,-999,1.8185,1.4661,2.1988
17.19,6.99,-999,0.4637,0.30896,0.64162
19.94,6.99,-999,0.22925,0.13406,0.3386
28.52,6.99,-999,0.12202,0.085749,0.16512
31.53,6.99,-999,0.15145,0.091739,0.2231
34.64,6.99,-999,0.17211,0.11643,0.23321
37.87,6.99,-999,0.33084,0.22759,0.44498
57.32,6.99,-999,0.79832,0.56934,1.0593
62.55,6.99,-999,0.71648,0.50866,0.94841
69.02,6.99,-999,0.61112,0.4255,0.81345
-31.53,9.5,-999,0.77756,0.56164,1.0219
-17.19,9.5,-999,1.2086,0.92116,1.5243
-14.48,9.5,-999,1.2811,0.97625,1.6172
-11.81,9.5,-999,1.54,1.3385,1.7558
-9.16,9.5,-999,1.5213,1.1934,1.8897
-6.53,9.5,-999,1.5916,1.2583,1.9621
-3.91,9.5,-999,1.6094,1.2788,1.9892
-1.3,9.5,-999,1.6754,1.3357,2.0526
1.3,9.5,-999,1.8006,1.449,2.1891
3.91,9.5,-999,1.8904,1.5293,2.2797
6.53,9.5,-999,1.7682,1.4239,2.1505
9.16,9.5,-999,1.5549,1.2335,1.8963
11.81,9.5,-999,1.1503,0.87841,1.4441
17.19,9.5,-999,0.43228,0.28087,0.6077
19.94,9.5,-999,0.2212,0.13017,0.32865
31.53,9.5,-999,0.13316,0.079456,0.19712
34.64,9.5,-999,0.18952,0.10879,0.28551
37.87,9.5,-999,0.35358,0.2743,0.44094
41.25,9.5,-999,0.53231,0.42768,0.64273
44.82,9.5,-999,0.7952,0.65676,0.93902
48.63,9.5,-999,0.87064,0.62117,1.1614
62.55,9.5,-999,0.71259,0.50379,0.94727
-41.25,12.01,-999,0.80306,0.58973,1.0425
-37.87,12.01,-999,0.80089,0.578,1.0629
-34.64,12.01,-999,0.80211,0.57489,1.0719
-31.53,12.01,-999,0.78659,0.5685,1.0344
-28.52,12.01,-999,0.81052,0.59816,1.0442
-25.59,12.01,-999,0.85271,0.63874,1.0879
-22.74,12.01,-999,0.98098,0.73167,1.2493
-19.94,12.01,-999,1.1122,0.83966,1.3992
-17.19,12.01,-999,1.2571,0.96353,1.5807
-14.48,12.01,-999,1.3161,1.0117,1.6549
-11.81,12.01,-999,1.4074,1.0916,1.7612
-9.16,12.01,-999,1.5095,1.183,1.8753
-6.53,12.01,-999,1.5659,1.2309,1.9388
-3.91,12.01,-999,1.5849,1.2528,1.9736
-1.3,12.01,-999,1.6806,1.3348,2.0678
1.3,12.01,-999,1.7884,1.4409,2.1777
3.91,12.01,-999,1.857,1.5047,2.2426
6.53,12.01,-999,1.7519,1.4094,2.1197
9.16,12.01,-999,1.4554,1.147,1.7894
11.81,12.01,-999,1.0812,0.81591,1.3713
19.94,12.01,-999,0.19417,0.13176,0.26427
34.64,12.01,-999,0.25761,0.19036,0.3314
37.87,12.01,-999,0.30903,0.1916,0.44653
41.25,12.01,-999,0.51837,0.41924,0.62365
48.63,12.01,-999,0.8804,0.62954,1.1774
52.75,12.01,-999,0.88591,0.6415,1.1764
69.02,12.01,-999,0.77254,0.53099,1.0763
-48.63,14.52,-999,0.89314,0.68126,1.1225
-44.82,14.52,-999,0.85765,0.64668,1.0882
-41.25,14.52,-999,0.81705,0.60535,1.0586
-37.87,14.52,-999,0.81139,0.58761,1.0749
-34.64,14.52,-999,0.80771,0.57598,1.078
-31.53,14.52,-999,0.78558,0.56431,1.0419
-28.52,14.52,-999,0.82411,0.61005,1.0693
-25.59,14.52,-999,0.86996,0.64989,1.1137
-22.74,14.52,-999,0.97551,0.72944,1.2355
-19.94,14.52,-999,1.106,0.83696,1.3903
-17.19,14.52,-999,1.2615,0.96405,1.5858
-14.48,14.52,-999,1.3321,1.0266,1.6746
-11.81,14.52,-999,1.4156,1.0985,1.7704
-9.16,14.52,-999,1.4956,1.1674,1.8629
-6.53,14.52,-999,1.5736,1.2356,1.9584
-3.91,14.52,-999,1.5774,1.2404,1.9783
-1.3,14.52,-999,1.6694,1.322,2.0672
1.3,14.52,-999,1.7578,1.4045,2.1478
3.91,14.52,-999,1.7578,1.3946,2.141
6.53,14.52,-999,1.6773,1.3359,2.0402
9.16,14.52,-999,1.3976,1.0921,1.724
19.94,14.52,-999,0.22084,0.12884,0.33125
34.64,14.52,-999,0.20656,0.11959,0.31085
37.87,14.52,-999,0.29284,0.17927,0.42762
44.82,14.52,-999,0.76373,0.63657,0.89701
48.63,14.52,-999,0.93668,0.67032,1.2417
52.75,14.52,-999,0.90091,0.65526,1.1887
69.02,14.52,-999,0.59408,0.41685,0.79046
-48.63,17.03,-999,0.95907,0.74242,1.2003
-44.82,17.03,-999,0.85829,0.65017,1.0928
-41.25,17.03,-999,0.82379,0.60989,1.0715
-37.87,17.03,-999,0.82639,0.59866,1.0919
-34.64,17.03,-999,0.81094,0.57114,1.0953
-31.53,17.03,-999,0.78674,0.56248,1.0468
-28.52,17.03,-999,0.81952,0.6011,1.0726
-25.59,17.03,-999,0.86802,0.65036,1.1148
-22.74,17.03,-999,0.97377,0.72729,1.235
-19.94,17.03,-999,1.1163,0.84491,1.4044
-17.19,17.03,-999,1.257,0.95997,1.5836
-14.48,17.03,-999,1.3433,1.0309,1.684
-11.81,17.03,-999,1.4223,1.1021,1.7832
-9.16,17.03,-999,1.4888,1.1581,1.8626
-6.53,17.03,-999,1.552,1.2135,1.9413
-3.91,17.03,-999,1.5733,1.2328,1.9803
-1.3,17.03,-999,1.6507,1.3023,2.0509
1.3,17.03,-999,1.6654,1.3136,2.054
3.91,17.03,-999,1.6965,1.343,2.0679
6.53,17.03,-999,1.5866,1.2525,1.9438
9.16,17.03,-999,1.3373,1.0362,1.6548
25.59,17.03,-999,0.097745,0.064386,0.14095
34.64,17.03,-999,0.17389,0.097742,0.2656
37.87,17.03,-999,0.31005,0.19032,0.45032
41.25,17.03,-999,0.50181,0.40888,0.6029
44.82,17.03,-999,0.71699,0.49883,0.96381
48.63,17.03,-999,0.91027,0.65616,1.2037
52.75,17.03,-999,0.92054,0.67198,1.2094
57.32,17.03,-999,0.85091,0.61908,1.1229
62.55,17.03,-999,0.73079,0.5142,0.9725
69.02,17.03,-999,0.59474,0.41526,0.79183
-48.63,19.54,-999,0.95971,0.74191,1.202
-44.82,19.54,-999,0.87446,0.66479,1.1122
-41.25,19.54,-999,0.84395,0.62604,1.0935
-37.87,19.54,-999,0.82261,0.58895,1.0969
-34.64,19.54,-999,0.82229,0.57439,1.1165
-31.53,19.54,-999,0.79094,0.55791,1.0614
-28.52,19.54,-999,0.81715,0.59855,1.0713
-25.59,19.54,-999,0.86591,0.64477,1.1156
-22.74,19.54,-999,0.96896,0.71909,1.234
-19.94,19.54,-999,1.1099,0.83646,1.3973
-17.19,19.54,-999,1.2545,0.9572,1.5845
-14.48,19.54,-999,1.3517,1.0317,1.6998
-11.81,19.54,-999,1.4272,1.1028,1.7876
-9.16,19.54,-999,1.4835,1.1539,1.8596
-6.53,19.54,-999,1.5455,1.2076,1.939
-3.91,19.54,-999,1.5257,1.1797,1.9274
-1.3,19.54,-999,1.575,1.2278,1.9719
1.3,19.54,-999,1.7963,1.5585,2.0504
3.91,19.54,-999,1.6318,1.3005,1.9863
6.53,19.54,-999,1.5213,1.1998,1.8629
11.81,19.54,-999,0.88222,0.68308,1.104
25.59,19.54,-999,0.10105,0.066285,0.14642
28.52,19.54,-999,0.12007,0.077873,0.1684
31.53,19.54,-999,0.14835,0.1048,0.19913
34.64,19.54,-999,0.18818,0.14174,0.24
37.87,19.54,-999,0.34287,0.26788,0.42491
41.25,19.54,-999,0.4665,0.30387,0.65895
44.82,19.54,-999,0.68836,0.47114,0.93645
48.63,19.54,-999,0.89152,0.63879,1.1852
52.75,19.54,-999,0.91991,0.67061,1.2073
57.32,19.54,-999,0.83495,0.61007,1.0955
62.55,19.54,-999,0.67385,0.47693,0.90363
69.02,19.54,-999,0.57577,0.39906,0.77466
-48.63,22.05,-999,0.92932,0.72032,1.1626
-44.82,22.05,-999,0.88894,0.67675,1.1299
-41.25,22.05,-999,0.81675,0.60067,1.0693
-37.87,22.05,-999,0.8004,0.56747,1.0785
-34.64,22.05,-999,0.80794,0.55345,1.113
-31.53,22.05,-999,0.79323,0.55415,1.0739
-28.52,22.05,-999,0.81399,0.59259,1.0723
-25.59,22.05,-999,0.86126,0.63397,1.1145
-22.74,22.05,-999,0.96275,0.7158,1.2276
-19.94,22.05,-999,1.1034,0.8271,1.394
-17.19,22.05,-999,1.2516,0.95105,1.5769
-14.48,22.05,-999,1.3781,1.0529,1.7359
-11.81,22.05,-999,1.4303,1.1,1.804
-9.16,22.05,-999,1.4796,1.1457,1.8641
-6.53,22.05,-999,1.5388,1.1939,1.9332
-3.91,22.05,-999,1.5072,1.1567,1.9172
-1.3,22.05,-999,1.5587,1.213,1.9478
1.3,22.05,-999,1.6144,1.2772,1.9873
3.91,22.05,-999,1.5904,1.2643,1.941
6.53,22.05,-999,1.4698,1.1566,1.7986
14.48,22.05,-999,0.56022,0.41572,0.72408
25.59,22.05,-999,0.1247,0.079581,0.17904
34.64,22.05,-999,0.18888,0.1426,0.24154
44.82,22.05,-999,0.70606,0.48473,0.95943
48.63,22.05,-999,0.88939,0.63761,1.1803
52.75,22.05,-999,0.92146,0.6713,1.2075
57.32,22.05,-999,0.836,0.61539,1.091
62.55,22.05,-999,0.7352,0.52093,0.97801
69.02,22.05,-999,0.56845,0.39016,0.7697
-48.63,24.56,-999,0.86263,0.69501,1.0445
-44.82,24.56,-999,0.83527,0.634,1.065
-41.25,24.56,-999,0.80783,0.59611,1.0563
-37.87,24.56,-999,0.79258,0.56128,1.0663
-34.64,24.56,-999,0.80513,0.55191,1.1118
-31.53,24.56,-999,0.80742,0.5626,1.0902
-28.52,24.56,-999,0.83363,0.60511,1.0972
-25.59,24.56,-999,0.85809,0.62429,1.1185
-22.74,24.56,-999,0.93558,0.6946,1.2037
-19.94,24.56,-999,1.0728,0.8027,1.3632
-17.19,24.56,-999,1.216,0.92222,1.5377
-14.48,24.56,-999,1.3431,1.026,1.6979
-11.81,24.56,-999,1.4284,1.0967,1.8083
-9.16,24.56,-999,1.4811,1.14,1.8694
-6.53,24.56,-999,1.4448,1.1147,1.8307
-3.91,24.56,-999,1.4833,1.1383,1.8869
-1.3,24.56,-999,1.5285,1.1885,1.9203
1.3,24.56,-999,1.5669,1.2358,1.9347
3.91,24.56,-999,1.5449,1.2201,1.8905
6.53,24.56,-999,1.4353,1.1288,1.7504
9.16,24.56,-999,1.1913,0.91337,1.4869
11.81,24.56,-999,0.82294,0.64188,1.0201
28.52,24.56,-999,0.11968,0.080452,0.16735
44.82,24.56,-999,0.6715,0.45753,0.91433
48.63,24.56,-999,0.85578,0.61021,1.1412
52.75,24.56,-999,0.91607,0.66428,1.207
57.32,24.56,-999,0.82499,0.60734,1.0802
62.55,24.56,-999,0.67191,0.47337,0.90238
69.02,24.56,-999,0.5668,0.38887,0.7712
-48.63,27.07,-999,0.86571,0.66517,1.0884
-44.82,27.07,-999,0.82967,0.63043,1.0593
-41.25,27.07,-999,0.80526,0.59624,1.0537
-37.87,27.07,-999,0.79126,0.56433,1.0658
-34.64,27.07,-999,0.80037,0.55024,1.1021
-31.53,27.07,-999,0.8063,0.56253,1.0843
-28.52,27.07,-999,0.80897,0.58759,1.0667
-25.59,27.07,-999,0.81881,0.59917,1.0632
-22.74,27.07,-999,0.91519,0.68053,1.1771
-19.94,27.07,-999,1.0484,0.78493,1.329
-17.19,27.07,-999,1.1959,0.91114,1.5107
-14.48,27.07,-999,1.3281,1.015,1.6714
-11.81,27.07,-999,1.4214,1.0916,1.7933
-9.16,27.07,-999,1.4816,1.1446,1.8652
-6.53,27.07,-999,1.421,1.0937,1.8041
-3.91,27.07,-999,1.4514,1.1166,1.838
-1.3,27.07,-999,1.4916,1.1545,1.8711
1.3,27.07,-999,1.5101,1.1852,1.873
3.91,27.07,-999,1.4957,1.1741,1.8363
6.53,27.07,-999,1.3873,1.0801,1.7101
37.87,27.07,-999,0.276,0.16449,0.41184
41.25,27.07,-999,0.36511,0.2254,0.53083
44.82,27.07,-999,0.62391,0.42156,0.84899
48.63,27.07,-999,0.83234,0.59179,1.1073
52.75,27.07,-999,0.87979,0.63249,1.1567
57.32,27.07,-999,0.82534,0.60735,1.0766
62.55,27.07,-999,0.69046,0.49317,0.91772
69.02,27.07,-999,0.56353,0.38596,0.76853
-44.82,29.58,-999,0.81319,0.61331,1.0408
-41.25,29.58,-999,0.76689,0.56059,1.0134
-37.87,29.58,-999,0.79931,0.57049,1.0733
-34.64,29.58,-999,0.81179,0.55964,1.113
-31.53,29.58,-999,0.7879,0.5539,1.0569
-28.52,29.58,-999,0.76311,0.55182,1.0069
-25.59,29.58,-999,0.81589,0.59723,1.0578
-22.74,29.58,-999,0.9023,0.66592,1.1587
-19.94,29.58,-999,1.0412,0.78132,1.3232
-17.19,29.58,-999,1.1843,0.90412,1.4886
-14.48,29.58,-999,1.3223,1.0118,1.6609
-11.81,29.58,-999,1.4217,1.0925,1.79
-9.16,29.58,-999,1.4734,1.1363,1.8547
-6.53,29.58,-999,1.4151,1.0869,1.7987
-3.91,29.58,-999,1.4349,1.1019,1.8234
-1.3,29.58,-999,1.4655,1.1323,1.8399
1.3,29.58,-999,1.4878,1.16,1.8498
3.91,29.58,-999,1.4557,1.1397,1.8003
44.82,29.58,-999,0.58289,0.39213,0.79461
48.63,29.58,-999,0.8142,0.57859,1.082
52.75,29.58,-999,0.86059,0.61753,1.1323
57.32,29.58,-999,0.82845,0.6114,1.0774
62.55,29.58,-999,0.71022,0.51126,0.93475
69.02,29.58,-999,0.57048,0.39193,0.77551
-34.64,32.09,-999,0.78028,0.5423,1.0699
-31.53,32.09,-999,0.78563,0.5566,1.0513
-28.52,32.09,-999,0.75135,0.54506,0.98615
-25.59,32.09,-999,0.81026,0.59439,1.05
-22.74,32.09,-999,0.89438,0.65516,1.156
-19.94,32.09,-999,1.0261,0.76784,1.3091
-17.19,32.09,-999,1.1753,0.89179,1.4827
-14.48,32.09,-999,1.3196,1.0056,1.6583
-11.81,32.09,-999,1.4119,1.0792,1.7745
-9.16,32.09,-999,1.4597,1.1159,1.8441
-6.53,32.09,-999,1.4463,1.1052,1.8343
-3.91,32.09,-999,1.4363,1.0993,1.8263
-1.3,32.09,-999,1.4653,1.1276,1.8539
1.3,32.09,-999,1.4849,1.149,1.8506
3.91,32.09,-999,1.457,1.137,1.8034
6.53,32.09,-999,1.3338,1.0266,1.665
9.16,32.09,-999,1.2358,1.0259,1.4619
44.82,32.09,-999,0.5579,0.37322,0.76699
48.63,32.09,-999,0.77466,0.54838,1.031
52.75,32.09,-999,0.83925,0.60311,1.1085
57.32,32.09,-999,0.83199,0.61245,1.0795
62.55,32.09,-999,0.72523,0.52636,0.95137
69.02,32.09,-999,0.58156,0.39843,0.79496
-34.64,34.6,-999,0.75429,0.52905,1.0252
-31.53,34.6,-999,0.77869,0.55523,1.0365
-28.52,34.6,-999,0.74404,0.54184,0.97559
-25.59,34.6,-999,0.80842,0.59151,1.0505
-22.74,34.6,-999,0.8776,0.63961,1.1362
-19.94,34.6,-999,1.0082,0.75026,1.2912
-17.19,34.6,-999,1.1605,0.87425,1.4677
-14.48,34.6,-999,1.3144,1.0047,1.6569
-11.81,34.6,-999,1.4069,1.0734,1.7741
-9.16,34.6,-999,1.4887,1.1412,1.8735
-6.53,34.6,-999,1.4482,1.1093,1.8323
-3.91,34.6,-999,1.483,1.1336,1.8808
-1.3,34.6,-999,1.4805,1.1294,1.8735
1.3,34.6,-999,1.5031,1.1566,1.8864
3.91,34.6,-999,1.4709,1.1389,1.8271
6.53,34.6,-999,1.3552,1.0521,1.681
9.16,34.6,-999,1.1208,0.8582,1.4132
11.81,34.6,-999,0.96649,0.78618,1.1655
44.82,34.6,-999,0.49937,0.33253,0.68912
48.63,34.6,-999,0.72185,0.51057,0.96252
52.75,34.6,-999,0.85832,0.6247,1.1281
57.32,34.6,-999,0.83425,0.61734,1.0788
62.55,34.6,-999,0.71522,0.52321,0.93508
69.02,34.6,-999,0.58725,0.40433,0.80102
-31.53,37.11,-999,0.7766,0.55852,1.0286
-28.52,37.11,-999,0.73772,0.53714,0.96414
-25.59,37.11,-999,0.77592,0.56057,1.0105
-22.74,37.11,-999,0.84232,0.60758,1.1011
-19.94,37.11,-999,0.97654,0.72233,1.2552
-17.19,37.11,-999,1.1545,0.86761,1.4637
-14.48,37.11,-999,1.3046,0.9939,1.6495
-11.81,37.11,-999,1.4371,1.1016,1.8108
-9.16,37.11,-999,1.4145,1.0752,1.7881
-6.53,37.11,-999,1.4537,1.1096,1.8412
-3.91,37.11,-999,1.5059,1.1501,1.9042
-1.3,37.11,-999,1.5193,1.1596,1.9124
1.3,37.11,-999,1.5238,1.1615,1.9159
3.91,37.11,-999,1.4904,1.1448,1.8641
6.53,37.11,-999,1.3643,1.0627,1.6939
9.16,37.11,-999,1.1513,0.88919,1.4421
44.82,37.11,-999,0.49016,0.32978,0.67625
48.63,37.11,-999,0.65664,0.46246,0.87758
52.75,37.11,-999,0.83358,0.60712,1.0926
57.32,37.11,-999,0.83487,0.61892,1.0779
62.55,37.11,-999,0.71917,0.52639,0.93536
69.02,37.11,-999,0.59614,0.41137,0.80662
-14.48,39.62,-999,1.3016,0.99144,1.651
-11.81,39.62,-999,1.4345,1.0977,1.8111
-9.16,39.62,-999,1.4044,1.0636,1.7779
-6.53,39.62,-999,1.4489,1.1031,1.836
-3.91,39.62,-999,1.6641,1.438,1.9153
-1.3,39.62,-999,1.5177,1.159,1.9147
1.3,39.62,-999,1.6937,1.4408,1.9677
3.91,39.62,-999,1.4865,1.1437,1.8562
6.53,39.62,-999,1.3763,1.0697,1.7136
9.16,39.62,-999,1.1737,0.90319,1.4689
11.81,39.62,-999,0.97542,0.73926,1.236
17.19,39.62,-999,0.44567,0.35386,0.54082
44.82,39.62,-999,0.41248,0.27081,0.57099
48.63,39.62,-999,0.60839,0.42775,0.81369
52.75,39.62,-999,0.7498,0.53799,0.99193
57.32,39.62,-999,0.82296,0.61277,1.059
62.55,39.62,-999,0.72456,0.52997,0.93743
69.02,39.62,-999,0.60386,0.41795,0.81226
-14.48,42.13,-999,1.2718,0.95823,1.6128
-11.81,42.13,-999,1.3485,1.0238,1.7002
-9.16,42.13,-999,1.3796,1.0423,1.7529
-6.53,42.13,-999,1.4238,1.079,1.7997
-3.91,42.13,-999,1.5322,1.1708,1.9286
-1.3,42.13,-999,1.5225,1.167,1.924
1.3,42.13,-999,1.542,1.1762,1.9334
3.91,42.13,-999,1.4932,1.1522,1.8655
6.53,42.13,-999,1.3665,1.0531,1.7091
41.25,42.13,-999,0.30673,0.23674,0.38359
48.63,42.13,-999,0.58636,0.41247,0.77958
52.75,42.13,-999,0.72036,0.51997,0.9527
57.32,42.13,-999,0.80907,0.60159,1.0367
62.55,42.13,-999,0.73653,0.5398,0.9507
69.02,42.13,-999,0.60703,0.42264,0.81678
-3.91,44.64,-999,1.5648,1.1926,1.9711
-1.3,44.64,-999,1.5174,1.1523,1.9174
1.3,44.64,-999,1.5223,1.1546,1.9195
3.91,44.64,-999,1.5319,1.178,1.92
48.63,44.64,-999,0.54347,0.38494,0.72214
52.75,44.64,-999,0.68205,0.49035,0.90136
57.32,44.64,-999,0.79291,0.5865,1.0207
62.55,44.64,-999,0.74857,0.54847,0.96438
-41.25,47.15,-999,0.81149,0.60877,1.0408
-37.87,47.15,-999,0.7622,0.55935,0.99841
-34.64,47.15,-999,0.75605,0.55214,0.99447
-11.81,47.15,-999,1.2265,1.0001,1.4776
48.63,47.15,-999,0.49947,0.35336,0.6651
52.75,47.15,-999,0.64116,0.45984,0.84645
57.32,47.15,-999,0.77872,0.56983,1.0079
62.55,47.15,-999,0.75502,0.55093,0.97521
-37.87,49.66,-999,0.73058,0.53236,0.95628
-34.64,49.66,-999,0.78643,0.57912,1.0224
-31.53,49.66,-999,0.76297,0.55864,0.98895
48.63,49.66,-999,0.48886,0.34455,0.65109
52.75,49.66,-999,0.59912,0.42036,0.79715
62.55,49.66,-999,0.79158,0.58012,1.0217
9.16,52.17,-999,1.2834,1.0943,1.4937
48.63,52.17,-999,0.4154,0.28545,0.56754
69.02,52.17,-999,0.68214,0.4897,0.89656
1.3,54.68,-999,1.5528,1.308,1.8083
28.52,54.68,-999,0.34583,0.23589,0.47344
41.25,54.68,-999,0.25999,0.19058,0.33997
44.82,54.68,-999,0.28714,0.18879,0.40382
69.02,54.68,-999,0.731,0.5331,0.95725
28.52,57.19,-999,0.41456,0.28803,0.55766
31.53,57.19,-999,0.2638,0.19756,0.33852
37.87,57.19,-999,0.18655,0.13771,0.2441
69.02,57.19,-999,0.73854,0.53873,0.96179
48.63,59.7,-999,0.29952,0.1955,0.42102
69.02,59.7,-999,0.7819,0.56941,1.0201
-11.81,62.21,-999,1.5978,1.3903,1.8198
-9.16,62.21,-999,1.5851,1.3661,1.8166
-6.53,62.21,-999,1.6769,1.4471,1.9189
41.25,62.21,-999,0.21769,0.13497,0.31825
44.82,62.21,-999,0.21593,0.13571,0.3086
48.63,62.21,-999,0.27946,0.18206,0.39542
69.02,62.21,-999,0.77516,0.56229,1.0128
-25.59,64.72,-999,0.94949,0.71743,1.2068
-22.74,64.72,-999,0.98482,0.73984,1.2559
-19.94,64.72,-999,1.1233,0.85255,1.4217
-17.19,64.72,-999,1.2167,0.92471,1.5388
-14.48,64.72,-999,1.4147,1.0965,1.756
-11.81,64.72,-999,1.4105,1.0894,1.7515
28.52,64.72,-999,0.61447,0.4444,0.80987
41.25,64.72,-999,0.18345,0.10915,0.27194
44.82,64.72,-999,0.21288,0.1324,0.30648
48.63,64.72,-999,0.26037,0.16555,0.37438
52.75,64.72,-999,0.46989,0.35241,0.59442
69.02,64.72,-999,0.76931,0.55825,1.0082
-28.52,67.23,-999,0.84314,0.63736,1.0677
-25.59,67.23,-999,0.94767,0.71937,1.2046
-22.74,67.23,-999,1.0309,0.78034,1.3124
-19.94,67.23,-999,1.1226,0.85494,1.4145
-17.19,67.23,-999,1.2399,0.94942,1.5542
-14.48,67.23,-999,1.4137,1.0972,1.7582
-11.81,67.23,-999,1.6067,1.4101,1.8152
-9.16,67.23,-999,1.5821,1.2321,1.9705
-3.91,67.23,-999,1.8367,1.599,2.0922
25.59,67.23,-999,0.84366,0.63563,1.0708
28.52,67.23,-999,0.66079,0.4799,0.85901
37.87,67.23,-999,0.26092,0.16414,0.37367
41.25,67.23,-999,0.19641,0.11903,0.28814
44.82,67.23,-999,0.2034,0.12486,0.29541
48.63,67.23,-999,0.23703,0.14552,0.34641
62.55,67.23,-999,0.80867,0.59565,1.0485
69.02,67.23,-999,0.76207,0.55266,1.0027
-25.59,69.74,-999,0.92679,0.70352,1.1647
-22.74,69.74,-999,1.0269,0.7877,1.2864
-19.94,69.74,-999,1.1914,0.91953,1.4837
-17.19,69.74,-999,1.2851,0.98558,1.6103
-14.48,69.74,-999,1.4329,1.1119,1.7807
-11.81,69.74,-999,1.4954,1.165,1.8605
-9.16,69.74,-999,1.5924,1.248,1.9834
-6.53,69.74,-999,1.8106,1.607,2.0233
-3.91,69.74,-999,1.8717,1.6341,2.1275
25.59,69.74,-999,0.94359,0.71859,1.1875
28.52,69.74,-999,0.74284,0.54488,0.95546
31.53,69.74,-999,0.62727,0.45383,0.81529
37.87,69.74,-999,0.27323,0.17006,0.3911
41.25,69.74,-999,0.19286,0.11574,0.28125
44.82,69.74,-999,0.17028,0.099397,0.25838
48.63,69.74,-999,0.22344,0.13412,0.33066
57.32,69.74,-999,0.63281,0.45222,0.83429
62.55,69.74,-999,0.82031,0.6061,1.0544
69.02,69.74,-999,0.75325,0.54373,0.99277
-19.94,72.25,-999,1.1967,0.92478,1.4878
-17.19,72.25,-999,1.3399,1.0424,1.6573
-14.48,72.25,-999,1.445,1.1328,1.7807
-11.81,72.25,-999,1.5142,1.1838,1.8734
-9.16,72.25,-999,1.6176,1.2786,1.9921
-6.53,72.25,-999,1.6943,1.3361,2.09
3.91,72.25,-999,2.1269,1.8699,2.4031
14.48,72.25,-999,1.7008,1.3573,2.069
17.19,72.25,-999,1.4759,1.1714,1.8031
25.59,72.25,-999,1.0448,0.79363,1.3097
31.53,72.25,-999,0.64193,0.46182,0.8338
34.64,72.25,-999,0.46349,0.33119,0.60993
37.87,72.25,-999,0.25957,0.19208,0.33286
41.25,72.25,-999,0.20456,0.12309,0.30055
44.82,72.25,-999,0.16592,0.095792,0.2537
48.63,72.25,-999,0.22321,0.13538,0.3284
57.32,72.25,-999,0.64784,0.46705,0.84533
62.55,72.25,-999,0.79442,0.58672,1.0221
69.02,72.25,-999,0.69617,0.49978,0.92068
-19.94,74.76,-999,1.2126,0.93611,1.5076
-17.19,74.76,-999,1.3582,1.0596,1.6779
-14.48,74.76,-999,1.4643,1.1486,1.813
-11.81,74.76,-999,1.5208,1.193,1.8814
-9.16,74.76,-999,1.6272,1.2886,1.9994
-6.53,74.76,-999,1.7027,1.3441,2.0979
14.48,74.76,-999,1.8081,1.4381,2.2096
17.19,74.76,-999,1.5323,1.2133,1.8696
19.94,74.76,-999,1.2217,0.94045,1.5375
22.74,74.76,-999,1.1648,0.8838,1.466
25.59,74.76,-999,1.1176,0.8504,1.3955
28.52,74.76,-999,0.91309,0.68085,1.1582
31.53,74.76,-999,0.70051,0.50682,0.90467
37.87,74.76,-999,0.32211,0.2033,0.45671
41.25,74.76,-999,0.22344,0.13338,0.32999
44.82,74.76,-999,0.1878,0.10903,0.28707
48.63,74.76,-999,0.22259,0.13503,0.32585
52.75,74.76,-999,0.37987,0.25411,0.52167
57.32,74.76,-999,0.62969,0.45758,0.81785
62.55,74.76,-999,0.77691,0.57386,0.99745
69.02,74.76,-999,0.6821,0.48926,0.90373
-17.19,77.27,-999,1.2961,1.011,1.6052
-14.48,77.27,-999,1.4716,1.1579,1.8147
-11.81,77.27,-999,1.5352,1.2079,1.8947
-9.16,77.27,-999,1.6302,1.2905,2.005
11.81,77.27,-999,2.0993,1.673,2.5495
14.48,77.27,-999,1.7188,1.3532,2.1033
19.94,77.27,-999,1.2753,0.98934,1.5914
22.74,77.27,-999,1.1755,0.89528,1.4811
25.59,77.27,-999,1.1546,0.8808,1.4398
28.52,77.27,-999,0.97737,0.73064,1.2415
31.53,77.27,-999,0.75263,0.54724,0.97523
37.87,77.27,-999,0.31433,0.23964,0.39769
41.25,77.27,-999,0.20595,0.15294,0.26721
44.82,77.27,-999,0.17175,0.10004,0.25898
48.63,77.27,-999,0.22748,0.13953,0.3319
52.75,77.27,-999,0.3793,0.25464,0.52198
57.32,77.27,-999,0.62205,0.4492,0.81195
62.55,77.27,-999,0.76093,0.56174,0.979
69.02,77.27,-999,0.66678,0.47726,0.88272
-17.19,79.78,-999,1.4663,1.2766,1.6643
-14.48,79.78,-999,1.4698,1.1564,1.8102
-11.81,79.78,-999,1.5445,1.2174,1.9034
14.48,79.78,-999,1.8806,1.5008,2.2932
17.19,79.78,-999,1.5992,1.266,1.9547
19.94,79.78,-999,1.3816,1.0832,1.707
22.74,79.78,-999,1.209,0.9243,1.5269
25.59,79.78,-999,1.1811,0.90196,1.4735
28.52,79.78,-999,0.99421,0.74788,1.2709
31.53,79.78,-999,0.80305,0.58435,1.0434
34.64,79.78,-999,0.5856,0.40969,0.78214
37.87,79.78,-999,0.37453,0.24596,0.51891
41.25,79.78,-999,0.24008,0.14822,0.3471
44.82,79.78,-999,0.1815,0.10745,0.27071
48.63,79.78,-999,0.2356,0.1441,0.34331
52.75,79.78,-999,0.38338,0.25759,0.52498
57.32,79.78,-999,0.61259,0.44188,0.79757
62.55,79.78,-999,0.74495,0.55147,0.95728
69.02,79.78,-999,0.64985,0.46375,0.86318
-14.48,82.29,-999,1.5895,1.3934,1.8017
14.48,82.29,-999,1.7744,1.4024,2.1741
17.19,82.29,-999,1.607,1.2747,1.9641
19.94,82.29,-999,1.3011,1.0038,1.6236
22.74,82.29,-999,1.2246,0.93328,1.5411
25.59,82.29,-999,1.2268,0.9359,1.5263
28.52,82.29,-999,1.0442,0.78921,1.332
31.53,82.29,-999,0.87036,0.64093,1.1233
34.64,82.29,-999,0.64149,0.45281,0.84678
37.87,82.29,-999,0.40504,0.27144,0.55237
41.25,82.29,-999,0.26104,0.16384,0.37506
44.82,82.29,-999,0.18939,0.11232,0.28171
48.63,82.29,-999,0.24462,0.15114,0.354
52.75,82.29,-999,0.45184,0.34574,0.56816
57.32,82.29,-999,0.60465,0.43677,0.78696
62.55,82.29,-999,0.72936,0.53824,0.9405
69.02,82.29,-999,0.63203,0.44966,0.83813
17.19,84.8,-999,1.6318,1.287,1.9979
22.74,84.8,-999,1.2693,0.97067,1.5959
25.59,84.8,-999,1.2638,0.97139,1.575
28.52,84.8,-999,1.1884,0.90965,1.4861
31.53,84.8,-999,0.93116,0.68941,1.1958
34.64,84.8,-999,0.68458,0.48731,0.89948
37.87,84.8,-999,0.43827,0.29736,0.59381
41.25,84.8,-999,0.2777,0.17465,0.39925
44.82,84.8,-999,0.20402,0.12229,0.29997
48.63,84.8,-999,0.25533,0.15909,0.36587
52.75,84.8,-999,0.4017,0.2699,0.55217
57.32,84.8,-999,0.59957,0.43101,0.78189
62.55,84.8,-999,0.71303,0.52724,0.9186
69.02,84.8,-999,0.61363,0.43516,0.81948
14.48,87.31,-999,1.9341,1.5507,2.3647
17.19,87.31,-999,1.7022,1.4975,1.9229
19.94,87.31,-999,1.2801,0.9866,1.6062
22.74,87.31,-999,1.2317,0.94251,1.5463
25.59,87.31,-999,1.2575,0.97108,1.5652
28.52,87.31,-999,1.2109,0.93064,1.5141
31.53,87.31,-999,0.98583,0.73248,1.2631
34.64,87.31,-999,0.74265,0.53573,0.96745
37.87,87.31,-999,0.47783,0.32694,0.64539
41.25,87.31,-999,0.30224,0.19445,0.42805
44.82,87.31,-999,0.22352,0.13778,0.32563
48.63,87.31,-999,0.26491,0.16802,0.37741
52.75,87.31,-999,0.41201,0.2778,0.56589
57.32,87.31,-999,0.59839,0.4297,0.78124
62.55,87.31,-999,0.69761,0.5159,0.90011
69.02,87.31,-999,0.59515,0.42212,0.79822
14.48,89.82,-999,1.9132,1.5395,2.3288
17.19,89.82,-999,1.5933,1.2702,1.9508
19.94,89.82,-999,1.342,1.0458,1.6664
22.74,89.82,-999,1.2312,0.94148,1.5432
25.59,89.82,-999,1.2485,0.96507,1.5588
28.52,89.82,-999,1.224,0.94173,1.5312
31.53,89.82,-999,1.0349,0.77378,1.3224
34.64,89.82,-999,0.80069,0.58244,1.0359
37.87,89.82,-999,0.52077,0.36161,0.69707
41.25,89.82,-999,0.33224,0.2172,0.46474
44.82,89.82,-999,0.24591,0.15473,0.35405
48.63,89.82,-999,0.28247,0.1807,0.39917
52.75,89.82,-999,0.4252,0.28898,0.58065
57.32,89.82,-999,0.5997,0.43169,0.78279
62.55,89.82,-999,0.68334,0.50303,0.88468
69.02,89.82,-999,0.57694,0.4061,0.77595
11.81,92.33,-999,2.2298,1.808,2.6907
17.19,92.33,-999,1.5853,1.2603,1.9446
19.94,92.33,-999,1.3603,1.0548,1.691
22.74,92.33,-999,1.2628,0.96582,1.5865
25.59,92.33,-999,1.2569,0.97741,1.5676
28.52,92.33,-999,1.1778,0.97625,1.3891
31.53,92.33,-999,1.1267,0.85208,1.431
34.64,92.33,-999,0.85988,0.63362,1.1079
37.87,92.33,-999,0.56844,0.39845,0.75207
41.25,92.33,-999,0.36624,0.24181,0.5066
44.82,92.33,-999,0.28825,0.18519,0.40904
48.63,92.33,-999,0.30238,0.19687,0.42403
52.75,92.33,-999,0.43956,0.30382,0.59144
57.32,92.33,-999,0.6042,0.43405,0.78791
62.55,92.33,-999,0.67091,0.49041,0.86965
69.02,92.33,-999,0.55627,0.38951,0.75151
17.19,94.84,-999,1.5724,1.2493,1.9344
19.94,94.84,-999,1.3415,1.0423,1.67
22.74,94.84,-999,1.2826,0.99565,1.5981
25.59,94.84,-999,1.2842,0.9996,1.5938
28.52,94.84,-999,1.2487,0.96184,1.5637
31.53,94.84,-999,1.1653,0.88548,1.4707
34.64,94.84,-999,0.90023,0.66143,1.1566
37.87,94.84,-999,0.61703,0.4362,0.81267
41.25,94.84,-999,0.40386,0.27059,0.55463
44.82,94.84,-999,0.31824,0.20731,0.447
48.63,94.84,-999,0.32912,0.21819,0.45649
52.75,94.84,-999,0.45542,0.31702,0.60932
57.32,94.84,-999,0.61105,0.43922,0.79344
62.55,94.84,-999,0.65941,0.48009,0.85553
69.02,94.84,-999,0.53946,0.37588,0.73183
17.19,97.35,-999,1.5871,1.2583,1.9567
19.94,97.35,-999,1.4015,1.0904,1.7389
22.74,97.35,-999,1.2995,1.0064,1.6186
25.59,97.35,-999,1.2105,1.0135,1.4275
28.52,97.35,-999,1.2883,0.99874,1.6135
31.53,97.35,-999,1.2351,0.94835,1.5434
34.64,97.35,-999,0.94861,0.69894,1.2179
37.87,97.35,-999,0.66985,0.47965,0.87682
41.25,97.35,-999,0.44554,0.30146,0.61012
44.82,97.35,-999,0.35321,0.23457,0.49368
48.63,97.35,-999,0.36061,0.24382,0.49674
52.75,97.35,-999,0.47676,0.33354,0.635
57.32,97.35,-999,0.62356,0.45063,0.80904
62.55,97.35,-999,0.65118,0.47375,0.84556
69.02,97.35,-999,0.52232,0.36123,0.7114
-69.02,99.86,-999,0.86339,0.64561,1.1016
17.19,99.86,-999,1.5856,1.2539,1.9664
19.94,99.86,-999,1.3812,1.0776,1.7183
22.74,99.86,-999,1.2832,0.99212,1.6029
25.59,99.86,-999,1.3077,1.0177,1.6293
28.52,99.86,-999,1.2669,1.0559,1.4976
31.53,99.86,-999,1.2777,0.98582,1.5949
34.64,99.86,-999,1.0136,0.7665,1.2809
37.87,99.86,-999,0.72079,0.52103,0.93954
41.25,99.86,-999,0.49193,0.33604,0.67184
44.82,99.86,-999,0.39322,0.26444,0.54632
48.63,99.86,-999,0.39295,0.26889,0.53706
52.75,99.86,-999,0.50658,0.35901,0.67049
57.32,99.86,-999,0.64334,0.46544,0.83011
62.55,99.86,-999,0.62505,0.45776,0.81319
69.02,99.86,-999,0.50835,0.34879,0.69446
-69.02,102.37,-999,0.83007,0.62784,1.0525
14.48,102.37,-999,1.9231,1.5229,2.3735
17.19,102.37,-999,1.6209,1.2824,2.0054
19.94,102.37,-999,1.3876,1.0841,1.7339
22.74,102.37,-999,1.2817,0.99283,1.6123
25.59,102.37,-999,1.3064,1.0162,1.6391
28.52,102.37,-999,1.344,1.0522,1.6709
31.53,102.37,-999,1.1536,0.94935,1.3691
34.64,102.37,-999,0.98836,0.81841,1.1653
37.87,102.37,-999,0.75571,0.55794,0.97244
41.25,102.37,-999,0.53472,0.38096,0.70938
44.82,102.37,-999,0.42059,0.29033,0.57309
48.63,102.37,-999,0.43319,0.30167,0.57984
52.75,102.37,-999,0.54014,0.38885,0.70899
57.32,102.37,-999,0.63256,0.462,0.81511
62.55,102.37,-999,0.62082,0.45459,0.80742
69.02,102.37,-999,0.49685,0.34146,0.68149
-69.02,104.88,-999,0.82488,0.62997,1.037
9.16,104.88,-999,2.5748,2.0774,3.1191
11.81,104.88,-999,2.3364,1.8781,2.8537
14.48,104.88,-999,1.9847,1.5815,2.4348
17.19,104.88,-999,1.6495,1.3018,2.0426
19.94,104.88,-999,1.4,1.0872,1.7588
22.74,104.88,-999,1.298,0.99704,1.6462
25.59,104.88,-999,1.2588,0.97614,1.5881
28.52,104.88,-999,1.3136,1.0278,1.6367
31.53,104.88,-999,1.2565,0.97747,1.5705
34.64,104.88,-999,1.075,0.82302,1.3498
37.87,104.88,-999,0.81321,0.6111,1.035
41.25,104.88,-999,0.58977,0.42546,0.77768
44.82,104.88,-999,0.47253,0.33104,0.63491
48.63,104.88,-999,0.47471,0.33541,0.62901
52.75,104.88,-999,0.57683,0.42082,0.74696
57.32,104.88,-999,0.64479,0.47462,0.82882
62.55,104.88,-999,0.62043,0.45478,0.80831
69.02,104.88,-999,0.48803,0.336,0.66806
-69.02,107.39,-999,0.8357,0.64407,1.0419
9.16,107.39,-999,2.6982,2.1805,3.2572
11.81,107.39,-999,2.4138,1.9346,2.9445
14.48,107.39,-999,2.023,1.6104,2.4917
17.19,107.39,-999,1.6997,1.3407,2.106
19.94,107.39,-999,1.3867,1.0772,1.7296
22.74,107.39,-999,1.2681,0.97561,1.6024
25.59,107.39,-999,1.2623,0.97353,1.593
28.52,107.39,-999,1.297,1.0148,1.6222
31.53,107.39,-999,1.2838,1.0039,1.605
34.64,107.39,-999,1.1302,0.8788,1.4127
37.87,107.39,-999,0.85919,0.65087,1.0877
41.25,107.39,-999,0.6422,0.47133,0.84008
44.82,107.39,-999,0.52242,0.37171,0.69667
48.63,107.39,-999,0.52071,0.37471,0.68333
52.75,107.39,-999,0.61579,0.4544,0.79052
57.32,107.39,-999,0.66377,0.4909,0.8482
62.55,107.39,-999,0.61787,0.45438,0.80509
69.02,107.39,-999,0.48631,0.33426,0.66748
-69.02,109.9,-999,0.85091,0.6605,1.0557
6.53,109.9,-999,2.8988,2.3445,3.4766
9.16,109.9,-999,2.7577,2.2197,3.3255
11.81,109.9,-999,2.3683,1.8936,2.8745
14.48,109.9,-999,1.9912,1.5809,2.4276
17.19,109.9,-999,1.6616,1.3141,2.044
19.94,109.9,-999,1.423,1.1099,1.7709
22.74,109.9,-999,1.2871,0.98869,1.6295
25.59,109.9,-999,1.2886,0.99882,1.6223
28.52,109.9,-999,1.3023,1.0153,1.6305
31.53,109.9,-999,1.2993,1.0194,1.6277
34.64,109.9,-999,1.0724,0.88879,1.2658
37.87,109.9,-999,0.90009,0.68616,1.133
41.25,109.9,-999,0.69521,0.51537,0.90346
44.82,109.9,-999,0.57489,0.41316,0.7564
48.63,109.9,-999,0.5782,0.42082,0.75204
52.75,109.9,-999,0.66439,0.49487,0.84458
57.32,109.9,-999,0.6999,0.52038,0.89042
62.55,109.9,-999,0.61686,0.45526,0.80121
69.02,109.9,-999,0.47945,0.32922,0.65611
-69.02,112.41,-999,0.8485,0.66092,1.0468
-6.53,112.41,-999,2.0769,1.6051,2.6102
1.3,112.41,-999,2.5901,2.0714,3.1522
3.91,112.41,-999,2.8117,2.2863,3.3793
6.53,112.41,-999,2.8993,2.35,3.4767
9.16,112.41,-999,2.6385,2.1213,3.1995
11.81,112.41,-999,2.3558,1.8786,2.8601
14.48,112.41,-999,1.9837,1.5772,2.4154
17.19,112.41,-999,1.6691,1.3186,2.0548
19.94,112.41,-999,1.4736,1.1492,1.8263
22.74,112.41,-999,1.2963,0.99662,1.6348
25.59,112.41,-999,1.3155,1.0212,1.6596
28.52,112.41,-999,1.3246,1.0348,1.6585
31.53,112.41,-999,1.2715,1.0546,1.5072
34.64,112.41,-999,1.0947,0.90954,1.2944
37.87,112.41,-999,0.88663,0.73636,1.0414
41.25,112.41,-999,0.74552,0.55842,0.95998
44.82,112.41,-999,0.61934,0.45138,0.80564
48.63,112.41,-999,0.6324,0.46749,0.81681
52.75,112.41,-999,0.8013,0.68514,0.9253
57.32,112.41,-999,0.72863,0.54473,0.92472
62.55,112.41,-999,0.62273,0.46101,0.80704
69.02,112.41,-999,0.475,0.32484,0.64956
-69.02,114.92,-999,0.86221,0.67633,1.0602
-52.75,114.92,-999,0.87752,0.65927,1.1259
-48.63,114.92,-999,0.83302,0.61999,1.0776
-1.3,114.92,-999,2.5383,1.9944,3.1318
1.3,114.92,-999,2.7622,2.2257,3.347
3.91,114.92,-999,2.9131,2.3631,3.5112
6.53,114.92,-999,2.8596,2.3054,3.4549
9.16,114.92,-999,2.6473,2.1175,3.2096
11.81,114.92,-999,2.3164,1.8555,2.8073
25.59,114.92,-999,1.2942,1.0029,1.6319
28.52,114.92,-999,1.3697,1.0679,1.7151
31.53,114.92,-999,1.3737,1.0731,1.7162
34.64,114.92,-999,1.124,0.9342,1.3316
37.87,114.92,-999,0.98296,0.75798,1.2371
41.25,114.92,-999,0.75285,0.62139,0.89123
44.82,114.92,-999,0.67099,0.49741,0.86832
48.63,114.92,-999,0.69118,0.51545,0.88628
52.75,114.92,-999,0.75597,0.5745,0.95117
57.32,114.92,-999,0.7509,0.56475,0.95154
62.55,114.92,-999,0.6331,0.46804,0.82143
69.02,114.92,-999,0.47314,0.32317,0.64873
-69.02,117.43,-999,0.87078,0.68291,1.0721
-57.32,117.43,-999,0.93838,0.71597,1.1792
-52.75,117.43,-999,0.90208,0.6711,1.1573
-48.63,117.43,-999,0.8543,0.63179,1.1086
-44.82,117.43,-999,0.76017,0.55929,0.99823
-1.3,117.43,-999,2.602,2.0589,3.2003
1.3,117.43,-999,2.8282,2.276,3.4214
3.91,117.43,-999,2.8181,2.2719,3.413
6.53,117.43,-999,2.8564,2.2981,3.4495
9.16,117.43,-999,2.6308,2.1003,3.1887
11.81,117.43,-999,2.3552,1.8827,2.8582
28.52,117.43,-999,1.3885,1.0763,1.7558
31.53,117.43,-999,1.3848,1.0814,1.7399
34.64,117.43,-999,1.2103,0.9408,1.522
37.87,117.43,-999,0.97073,0.80414,1.1456
41.25,117.43,-999,0.86359,0.65368,1.1002
44.82,117.43,-999,0.72968,0.54543,0.93528
48.63,117.43,-999,0.7446,0.55848,0.94538
52.75,117.43,-999,0.9091,0.78743,1.0351
57.32,117.43,-999,0.77115,0.58075,0.97818
62.55,117.43,-999,0.63658,0.47191,0.8266
69.02,117.43,-999,0.47361,0.32332,0.65001
-69.02,119.94,-999,0.87475,0.68813,1.0785
-57.32,119.94,-999,0.94904,0.71989,1.1962
-52.75,119.94,-999,0.93202,0.69819,1.1854
-48.63,119.94,-999,0.85093,0.62634,1.1082
-44.82,119.94,-999,0.76391,0.56066,1.0019
-1.3,119.94,-999,2.6787,2.1322,3.2893
1.3,119.94,-999,2.6798,2.1512,3.2514
6.53,119.94,-999,2.8179,2.2547,3.4179
9.16,119.94,-999,2.666,2.1208,3.2431
31.53,119.94,-999,1.3492,1.0391,1.7107
34.64,119.94,-999,1.2527,0.96944,1.5808
37.87,119.94,-999,1.0765,0.82934,1.3519
41.25,119.94,-999,0.86906,0.65568,1.1054
44.82,119.94,-999,0.78893,0.59179,1.0058
48.63,119.94,-999,0.90188,0.78269,1.0231
52.75,119.94,-999,0.86385,0.66075,1.082
57.32,119.94,-999,0.80075,0.60266,1.0149
62.55,119.94,-999,0.64667,0.47829,0.84197
69.02,119.94,-999,0.47674,0.3265,0.65272
-69.02,122.45,-999,0.88595,0.69785,1.0937
-57.32,122.45,-999,0.96053,0.74087,1.2047
-52.75,122.45,-999,0.94566,0.7038,1.2114
-48.63,122.45,-999,0.86138,0.63133,1.1232
-44.82,122.45,-999,0.77037,0.56186,1.0144
-41.25,122.45,-999,0.74417,0.54629,0.97382
3.91,122.45,-999,2.8376,2.2846,3.4422
6.53,122.45,-999,2.817,2.242,3.4351
34.64,122.45,-999,1.3326,1.1528,1.5361
37.87,122.45,-999,1.142,0.87522,1.4388
41.25,122.45,-999,0.92515,0.69864,1.1722
44.82,122.45,-999,0.84826,0.63496,1.0802
48.63,122.45,-999,0.86639,0.65617,1.0929
52.75,122.45,-999,0.92133,0.70237,1.1521
57.32,122.45,-999,0.93521,0.80688,1.066
62.55,122.45,-999,0.66292,0.4891,0.86474
69.02,122.45,-999,0.48677,0.33509,0.66511
-69.02,124.96,-999,0.8955,0.6998,1.1136
-57.32,124.96,-999,0.98512,0.75503,1.2414
-52.75,124.96,-999,0.99104,0.73626,1.273
-48.63,124.96,-999,0.85617,0.62454,1.121
-44.82,124.96,-999,0.79294,0.5824,1.0367
-41.25,124.96,-999,0.74289,0.54613,0.97359
3.91,124.96,-999,3.0393,2.648,3.4477
37.87,124.96,-999,1.1505,0.88131,1.4489
41.25,124.96,-999,0.98168,0.73997,1.2434
44.82,124.96,-999,0.91184,0.6838,1.1591
48.63,124.96,-999,0.93505,0.70701,1.1788
52.75,124.96,-999,1.0154,0.87457,1.1582
57.32,124.96,-999,0.85925,0.64626,1.0941
62.55,124.96,-999,0.67591,0.49825,0.88354
69.02,124.96,-999,0.49877,0.34385,0.68274
-69.02,127.47,-999,0.90279,0.69926,1.1295
-57.32,127.47,-999,0.98347,0.75357,1.2407
-52.75,127.47,-999,0.96746,0.71777,1.246
-48.63,127.47,-999,0.87008,0.63177,1.1418
-44.82,127.47,-999,0.8169,0.59929,1.0678
-41.25,127.47,-999,0.76141,0.56581,0.99221
-37.87,127.47,-999,0.74518,0.55464,0.96073
44.82,127.47,-999,0.93293,0.6947,1.1945
48.63,127.47,-999,1.0131,0.76487,1.2789
52.75,127.47,-999,1.0579,0.90783,1.2116
57.32,127.47,-999,0.88427,0.66393,1.1306
62.55,127.47,-999,0.6847,0.50302,0.8968
69.02,127.47,-999,0.514,0.3557,0.70342
-69.02,129.98,-999,0.91372,0.70457,1.1466
-57.32,129.98,-999,0.92793,0.70585,1.1759
-52.75,129.98,-999,0.98425,0.72576,1.2701
-48.63,129.98,-999,0.88535,0.63774,1.1658
-44.82,129.98,-999,0.83893,0.6105,1.0989
-41.25,129.98,-999,0.78176,0.5832,1.012
-37.87,129.98,-999,0.7422,0.5519,0.95757
48.63,129.98,-999,1.0364,0.7796,1.3143
52.75,129.98,-999,0.98739,0.73903,1.2553
57.32,129.98,-999,0.91256,0.68334,1.1669
62.55,129.98,-999,0.73041,0.53682,0.95471
69.02,129.98,-999,0.53877,0.37606,0.73649
-69.02,132.49,-999,0.92568,0.70677,1.1698
-52.75,132.49,-999,0.96967,0.71369,1.2531
-48.63,132.49,-999,0.94492,0.68218,1.2321
-44.82,132.49,-999,0.85972,0.62282,1.1275
-41.25,132.49,-999,0.78664,0.59081,1.0143
-37.87,132.49,-999,0.78439,0.5904,1.0057
-34.64,132.49,-999,0.84461,0.6343,1.0844
37.87,132.49,-999,1.2214,0.92157,1.5614
48.63,132.49,-999,1.0737,0.8071,1.3652
52.75,132.49,-999,1.0174,0.76301,1.2982
57.32,132.49,-999,0.93177,0.6914,1.193
62.55,132.49,-999,0.72747,0.53172,0.95388
69.02,132.49,-999,0.57272,0.40164,0.78165
-69.02,135,-999,0.92515,0.69954,1.1743
-52.75,135,-999,0.95797,0.70486,1.2415
-48.63,135,-999,0.95879,0.69215,1.2522
-44.82,135,-999,0.85161,0.61615,1.1164
-41.25,135,-999,0.81264,0.61006,1.0448
-37.87,135,-999,0.82527,0.62265,1.0583
-34.64,135,-999,0.84926,0.63923,1.0898
48.63,135,-999,1.1719,0.87247,1.4906
52.75,135,-999,1.0385,0.77819,1.3259
57.32,135,-999,0.95079,0.70395,1.2241
62.55,135,-999,0.73388,0.53067,0.96478
69.02,135,-999,0.55598,0.39225,0.75244
-69.02,137.51,-999,0.93445,0.69935,1.1938
-52.75,137.51,-999,0.97883,0.71601,1.2663
-48.63,137.51,-999,0.97659,0.7038,1.2805
-44.82,137.51,-999,0.87039,0.62463,1.1431
-41.25,137.51,-999,0.84039,0.63045,1.0806
-37.87,137.51,-999,0.83569,0.63023,1.0691
-34.64,137.51,-999,0.89217,0.67122,1.1501
48.63,137.51,-999,1.1294,0.84244,1.4485
52.75,137.51,-999,1.0871,0.81376,1.385
-69.02,140.02,-999,0.94803,0.70592,1.2134
-52.75,140.02,-999,0.99428,0.72583,1.2907
-48.63,140.02,-999,0.99349,0.7125,1.3081
-44.82,140.02,-999,0.96986,0.7039,1.264
-41.25,140.02,-999,0.86899,0.64656,1.1174
-37.87,140.02,-999,0.85947,0.64412,1.1059
-34.64,140.02,-999,0.91009,0.67997,1.1778
-69.02,142.53,-999,0.95786,0.71195,1.234
-52.75,142.53,-999,1.0997,0.88389,1.3318
-48.63,142.53,-999,0.99089,0.70753,1.3102
-44.82,142.53,-999,0.97518,0.7049,1.2719
-41.25,142.53,-999,0.87095,0.64756,1.1218
-37.87,142.53,-999,0.88469,0.6577,1.142
-34.64,142.53,-999,0.93861,0.70013,1.2195
-6.53,142.53,-999,2.6668,2.1684,3.1771
69.02,142.53,-999,0.67704,0.54299,0.82826
-69.02,145.04,-999,0.96574,0.71836,1.2475
-62.55,145.04,-999,0.93186,0.72856,1.152
-52.75,145.04,-999,1.008,0.73349,1.3132
-48.63,145.04,-999,0.99444,0.70834,1.3151
-44.82,145.04,-999,0.98556,0.71025,1.291
-41.25,145.04,-999,0.88481,0.65447,1.14
-37.87,145.04,-999,0.90676,0.67363,1.1731
-34.64,145.04,-999,0.97082,0.72187,1.2638
-31.53,145.04,-999,1.0595,0.80033,1.344
-28.52,145.04,-999,1.1766,0.89419,1.4909
-69.02,147.55,-999,0.96288,0.71737,1.2434
-62.55,147.55,-999,0.93517,0.73131,1.1561
-57.32,147.55,-999,0.92723,0.69522,1.1811
-52.75,147.55,-999,1.0039,0.72935,1.3119
-48.63,147.55,-999,1.0116,0.7167,1.3432
-44.82,147.55,-999,1.0063,0.72034,1.3224
-41.25,147.55,-999,0.90086,0.66706,1.1626
-37.87,147.55,-999,0.92327,0.68185,1.1994
-34.64,147.55,-999,0.98228,0.72673,1.2851
-31.53,147.55,-999,1.0682,0.80597,1.363
-28.52,147.55,-999,1.2541,0.95279,1.5873
-69.02,150.06,-999,0.97379,0.72668,1.2428
-62.55,150.06,-999,0.93975,0.73584,1.1611
-57.32,150.06,-999,1.0007,0.75359,1.2726
-52.75,150.06,-999,1.0201,0.73854,1.3355
-48.63,150.06,-999,1.0178,0.71847,1.3549
-44.82,150.06,-999,0.93858,0.6671,1.2467
-41.25,150.06,-999,0.91825,0.67846,1.1878
-37.87,150.06,-999,0.94354,0.69718,1.2238
-34.64,150.06,-999,0.99704,0.7385,1.3049
-69.02,152.57,-999,0.97676,0.73696,1.2458
-62.55,152.57,-999,0.93935,0.73418,1.1601
-57.32,152.57,-999,1.098,0.90578,1.3016
-52.75,152.57,-999,1.0467,0.75109,1.3751
-48.63,152.57,-999,1.0326,0.72765,1.3785
-44.82,152.57,-999,0.94325,0.67068,1.255
-41.25,152.57,-999,0.932,0.68757,1.2058
-37.87,152.57,-999,0.95875,0.70845,1.2459
-34.64,152.57,-999,1.0251,0.76022,1.3354
-69.02,155.08,-999,0.97654,0.73902,1.2387
-62.55,155.08,-999,0.95969,0.74861,1.1858
-52.75,155.08,-999,1.0525,0.7549,1.3838
-48.63,155.08,-999,0.99351,0.69646,1.331
-44.82,155.08,-999,0.94693,0.67244,1.2606
-41.25,155.08,-999,0.96211,0.71478,1.2381
-37.87,155.08,-999,0.9757,0.72509,1.2644
-34.64,155.08,-999,1.0243,0.75921,1.3392
-69.02,157.59,-999,0.97865,0.74333,1.2371
-52.75,157.59,-999,1.1791,0.92015,1.453
-48.63,157.59,-999,0.99901,0.7023,1.3379
-44.82,157.59,-999,0.96202,0.68658,1.2748
-41.25,157.59,-999,0.96587,0.71908,1.2453
-37.87,157.59,-999,0.99045,0.734,1.2817
-34.64,157.59,-999,1.0409,0.77422,1.3545
-69.02,160.1,-999,0.97421,0.74198,1.2234
-57.32,160.1,-999,1.035,0.77697,1.3153
-52.75,160.1,-999,0.98002,0.70036,1.2933
-48.63,160.1,-999,0.98067,0.68732,1.3156
-44.82,160.1,-999,0.96187,0.68843,1.2741
-41.25,160.1,-999,0.96444,0.71388,1.246
-37.87,160.1,-999,0.99429,0.7365,1.2877
-69.02,162.61,-999,0.98228,0.7518,1.2358
-57.32,162.61,-999,1.1375,0.93622,1.345
-52.75,162.61,-999,0.97371,0.69454,1.2858
-48.63,162.61,-999,0.97848,0.68748,1.3118
-44.82,162.61,-999,0.95731,0.68192,1.2661
-41.25,162.61,-999,0.95228,0.69766,1.2406
-69.02,165.12,-999,0.98912,0.76029,1.2412
-57.32,165.12,-999,1.072,0.88335,1.2666
-52.75,165.12,-999,1.0738,0.84905,1.3183
-48.63,165.12,-999,0.9715,0.67917,1.3023
-44.82,165.12,-999,0.95931,0.67932,1.2688
-69.02,167.63,-999,0.99429,0.76529,1.2464
-62.55,167.63,-999,1.1286,0.94715,1.3208
-57.32,167.63,-999,0.96372,0.72046,1.235
-69.02,170.14,-999,1.0187,0.78754,1.2767
-69.02,172.65,-999,1.0105,0.78159,1.2658
-69.02,175.16,-999,1.0026,0.77665,1.2484
-69.02,177.67,-999,0.98791,0.76428,1.2316
