-57.32,-173.73,1.1168,0.82486,1.4105
-52.75,-173.73,1.1064,0.85678,1.363
-48.63,-173.73,1.112,0.8807,1.3567
-57.32,-171.22,1.113,0.84922,1.3757
-52.75,-171.22,1.1041,0.87837,1.3339
-52.75,-166.2,1.1135,0.90843,1.3216
-52.75,-163.69,1.1158,0.91806,1.314
62.55,-148.63,0.99169,0.91675,1.0681
69.02,-143.61,1.0035,0.9255,1.0824
69.02,-141.1,1.0124,0.93736,1.0902
62.55,-136.08,1.0052,0.9307,1.0803
69.02,-131.06,1.0272,0.9509,1.1061
69.02,-128.55,1.0271,0.94926,1.1055
62.55,-126.04,0.99738,0.9168,1.0785
62.55,-123.53,1.0191,0.94302,1.0948
69.02,-123.53,0.99299,0.91715,1.0701
62.55,-118.51,1.0206,0.95046,1.0894
48.63,-116,1.0032,0.93004,1.0717
69.02,-116,0.96647,0.89748,1.035
41.25,-113.49,1.0171,0.94736,1.0878
44.82,-113.49,1.0174,0.94787,1.0848
48.63,-113.49,0.99559,0.92475,1.0629
52.75,-113.49,0.99185,0.91979,1.0579
41.25,-110.98,1.0178,0.94811,1.0875
44.82,-110.98,1.0307,0.96662,1.0935
48.63,-110.98,1.0041,0.93938,1.0665
52.75,-110.98,0.99212,0.93076,1.0517
57.32,-110.98,0.99031,0.93315,1.0465
52.75,-108.47,0.98532,0.92799,1.0407
37.87,-105.96,1.036,0.95552,1.1186
44.82,-105.96,1.0163,0.93693,1.0964
48.63,-103.45,0.99521,0.94244,1.0491
44.82,-100.94,0.97115,0.92221,1.0184
48.63,-100.94,0.98816,0.93681,1.0399
48.63,-98.43,0.98697,0.93509,1.0424
44.82,-93.41,0.99402,0.94359,1.044
48.63,-93.41,0.98059,0.89918,1.068
31.53,-90.9,1.0086,0.95495,1.0633
48.63,-90.9,0.99037,0.90582,1.0798
31.53,-88.39,0.9782,0.90021,1.0601
31.53,-85.88,0.98391,0.92982,1.0396
34.64,-85.88,1.0165,0.95984,1.0743
34.64,-83.37,1.0242,0.96476,1.084
37.87,-80.86,1.0606,1.0007,1.1207
22.74,-78.35,0.7975,0.7082,0.88473
34.64,-78.35,1.0215,0.96598,1.0788
37.87,-78.35,1.0535,0.99403,1.1132
41.25,-78.35,1.0877,1.0293,1.1479
19.94,-75.84,0.83326,0.73457,0.93705
31.53,-73.33,0.95008,0.89645,1.0072
34.64,-73.33,1.0051,0.95211,1.0602
22.74,-70.82,0.78277,0.69523,0.8696
34.64,-70.82,0.97,0.88995,1.0492
1.3,-65.8,1.4058,1.3415,1.4657
6.53,-65.8,1.2074,1.1432,1.2695
22.74,-65.8,0.78931,0.71009,0.86917
-37.87,-63.29,0.9504,0.86841,1.0347
6.53,-63.29,1.2016,1.1392,1.2633
9.16,-63.29,1.0893,1.0229,1.1576
-52.75,-60.78,1.1567,1.044,1.2655
-48.63,-60.78,1.195,1.0702,1.3122
1.3,-60.78,1.3808,1.3268,1.4338
9.16,-60.78,1.0824,1.0147,1.1505
-48.63,-58.27,1.1692,1.0512,1.2828
-44.82,-58.27,1.1209,1.0145,1.2235
9.16,-58.27,1.0719,1.0052,1.1398
-52.75,-55.76,1.1369,1.0312,1.2401
-25.59,-55.76,0.88067,0.81432,0.94736
3.91,-50.74,1.2372,1.185,1.2907
-37.87,-48.23,0.90575,0.83446,0.97282
3.91,-48.23,1.2242,1.1726,1.2762
3.91,-45.72,1.2174,1.1672,1.2689
57.32,-43.21,0.94902,0.89739,1.0026
-25.59,-40.7,0.90497,0.85515,0.95552
-3.91,-40.7,1.2437,1.1876,1.299
69.02,-35.68,0.88876,0.80723,0.97457
-22.74,-33.17,1.005,0.94492,1.0662
14.48,-18.11,1.0566,0.99794,1.1147
6.53,-15.6,1.2566,1.2052,1.3095
14.48,-15.6,1.0763,1.0187,1.1336
52.75,-10.58,0.95908,0.90383,1.0116
28.52,-8.07,0.47112,0.40752,0.53263
28.52,-5.56,0.44788,0.38655,0.50721
37.87,-5.56,0.6424,0.57743,0.70648
52.75,-5.56,0.98199,0.92312,1.0397
57.32,-5.56,0.94943,0.89353,1.0052
28.52,-3.05,0.44215,0.38389,0.49886
41.25,-3.05,0.75723,0.68165,0.83094
48.63,-3.05,0.9792,0.92199,1.038
57.32,-3.05,0.96835,0.91391,1.0213
3.91,-0.54,1.2716,1.2184,1.3246
9.16,-0.54,1.2856,1.2271,1.3427
31.53,-0.54,0.43683,0.3789,0.49411
41.25,-0.54,0.73418,0.67018,0.79631
44.82,-0.54,0.87327,0.80006,0.94632
48.63,-0.54,0.94521,0.86958,1.0183
57.32,-0.54,0.95498,0.89724,1.0117
3.91,1.97,1.2611,1.2072,1.316
9.16,1.97,1.2776,1.2229,1.3326
25.59,1.97,0.46688,0.4141,0.51957
37.87,1.97,0.66305,0.60952,0.71591
41.25,1.97,0.79641,0.72156,0.87149
44.82,1.97,0.8315,0.76684,0.89638
48.63,1.97,0.97522,0.90156,1.0472
6.53,4.48,1.2708,1.2184,1.3243
19.94,4.48,0.77138,0.71871,0.82603
41.25,4.48,0.7564,0.6865,0.82635
44.82,4.48,0.89041,0.82307,0.95877
48.63,4.48,0.96859,0.91686,1.0197
52.75,4.48,0.98638,0.92958,1.0437
11.81,6.99,1.1938,1.1426,1.244
28.52,6.99,0.41981,0.36569,0.4745
31.53,6.99,0.42405,0.37068,0.47915
44.82,6.99,0.89318,0.8257,0.96052
48.63,6.99,0.93827,0.86752,1.0079
28.52,9.5,0.41311,0.35907,0.46756
31.53,9.5,0.41847,0.3632,0.477
48.63,9.5,0.96807,0.91905,1.0164
28.52,12.01,0.42356,0.36869,0.47944
37.87,12.01,0.62869,0.57921,0.68003
41.25,12.01,0.7604,0.70831,0.81492
44.82,12.01,0.86924,0.82103,0.91879
48.63,12.01,0.95266,0.90471,0.99913
52.75,12.01,1.0087,0.95731,1.0588
22.74,14.52,0.55231,0.49628,0.60886
41.25,14.52,0.7501,0.69616,0.80679
44.82,14.52,0.88084,0.83155,0.93169
52.75,14.52,1.0092,0.95714,1.0604
37.87,17.03,0.62412,0.57053,0.67861
41.25,17.03,0.73326,0.68034,0.78871
44.82,17.03,0.8683,0.81831,0.91937
34.64,19.54,0.55864,0.50389,0.61397
37.87,19.54,0.62015,0.56554,0.67397
44.82,19.54,0.76722,0.69578,0.83794
48.63,19.54,0.94689,0.90024,0.99327
31.53,22.05,0.52489,0.46587,0.58456
34.64,22.05,0.56357,0.50629,0.62211
41.25,22.05,0.7281,0.6726,0.78523
37.87,24.56,0.61821,0.564,0.67404
41.25,24.56,0.66483,0.61022,0.72004
22.74,27.07,0.67176,0.60403,0.74076
41.25,27.07,0.65269,0.59823,0.708
48.63,27.07,0.86131,0.81017,0.91038
22.74,29.58,0.64411,0.59402,0.69512
31.53,29.58,0.5747,0.51027,0.64183
44.82,29.58,0.7583,0.71048,0.80712
48.63,29.58,0.83516,0.78197,0.88635
28.52,32.09,0.61826,0.5475,0.69006
31.53,32.09,0.58326,0.51922,0.65044
34.64,32.09,0.55918,0.48108,0.64144
37.87,32.09,0.62177,0.56307,0.67995
44.82,32.09,0.72925,0.68119,0.77855
-6.53,34.6,1.1503,1.0871,1.2147
31.53,34.6,0.61065,0.54319,0.68142
37.87,34.6,0.58609,0.53105,0.64252
44.82,34.6,0.70947,0.66172,0.75946
37.87,37.11,0.58877,0.53395,0.64639
25.59,39.62,0.69082,0.64112,0.74013
37.87,39.62,0.59134,0.53435,0.65194
19.94,42.13,0.93836,0.86753,1.0111
37.87,42.13,0.58653,0.52537,0.65128
1.3,44.64,1.1813,1.11,1.257
3.91,44.64,1.1616,1.097,1.2259
17.19,47.15,1.0058,0.95245,1.0577
14.48,49.66,1.0858,1.0322,1.1374
34.64,49.66,0.63106,0.57625,0.68837
11.81,52.17,1.1519,1.0973,1.2049
31.53,52.17,0.74207,0.68561,0.79889
34.64,54.68,0.6861,0.62838,0.74496
48.63,57.19,0.66771,0.60696,0.7338
48.63,59.7,0.6579,0.59289,0.7287
9.16,62.21,1.2951,1.2383,1.3515
11.81,62.21,1.2277,1.1618,1.29
37.87,62.21,0.66742,0.6079,0.73001
-6.53,64.72,1.2017,1.1488,1.2571
6.53,64.72,1.2997,1.248,1.3515
9.16,64.72,1.3316,1.2786,1.3846
11.81,64.72,1.2939,1.2362,1.3506
28.52,64.72,1.0278,0.96263,1.0935
44.82,64.72,0.57067,0.48324,0.66731
-6.53,67.23,1.2314,1.1795,1.2841
-3.91,67.23,1.2415,1.1898,1.2937
6.53,67.23,1.3327,1.2791,1.3868
11.81,67.23,1.3256,1.2686,1.3828
17.19,67.23,1.2404,1.1846,1.2955
44.82,67.23,0.57849,0.48703,0.67564
52.75,67.23,0.72984,0.66726,0.79536
-6.53,69.74,1.202,1.1529,1.2533
-3.91,69.74,1.2494,1.2003,1.2997
17.19,69.74,1.2669,1.2122,1.3221
14.48,72.25,1.3294,1.2685,1.392
37.87,72.25,0.82621,0.74838,0.90426
48.63,72.25,0.64247,0.5741,0.71686
14.48,74.76,1.3371,1.2733,1.4022
44.82,77.27,0.6314,0.54852,0.72173
48.63,77.27,0.66454,0.59611,0.7384
44.82,79.78,0.6657,0.58124,0.75681
48.63,79.78,0.66166,0.57984,0.7488
6.53,82.29,1.3786,1.3258,1.4327
48.63,82.29,0.69634,0.63083,0.7667
6.53,84.8,1.3844,1.3306,1.4393
11.81,89.82,1.3732,1.3179,1.4258
11.81,92.33,1.3544,1.2819,1.4235
31.53,94.84,1.0946,1.0268,1.1584
3.91,99.86,1.4198,1.3539,1.4865
6.53,99.86,1.4523,1.3955,1.5113
34.64,99.86,1.0634,0.99191,1.1309
-57.32,102.37,1.022,0.96899,1.0777
3.91,102.37,1.4244,1.359,1.4907
-57.32,104.88,1.0423,0.98735,1.0981
-1.3,104.88,1.3391,1.2649,1.4156
22.74,104.88,1.1819,1.1006,1.2657
37.87,104.88,1.0367,0.96974,1.104
-57.32,107.39,1.0452,0.98964,1.1017
19.94,107.39,1.2124,1.1427,1.282
22.74,107.39,1.2065,1.1494,1.262
-57.32,109.9,1.0284,0.97649,1.0807
-48.63,109.9,1.0027,0.93877,1.0651
-3.91,109.9,1.3546,1.2776,1.4302
22.74,109.9,1.2068,1.1283,1.2869
31.53,109.9,1.113,1.0388,1.1844
34.64,109.9,1.1019,1.0292,1.1734
-57.32,112.41,1.0384,0.9868,1.0927
-9.16,112.41,1.2926,1.2101,1.3711
-6.53,112.41,1.3215,1.2421,1.3966
22.74,112.41,1.1636,1.095,1.232
31.53,112.41,1.1212,1.0474,1.1926
34.64,112.41,1.0997,1.0286,1.1704
-6.53,114.92,1.3327,1.2489,1.4124
-3.91,114.92,1.3599,1.2791,1.4383
1.3,114.92,1.4007,1.3327,1.4677
22.74,114.92,1.1725,1.1024,1.2424
31.53,114.92,1.1236,1.0507,1.1947
37.87,114.92,1.0968,1.013,1.1819
44.82,114.92,1.0281,0.97134,1.0855
-9.16,117.43,1.3074,1.2164,1.3931
-6.53,117.43,1.3278,1.2422,1.4084
-3.91,117.43,1.3382,1.2586,1.4168
1.3,117.43,1.3891,1.3229,1.4573
31.53,117.43,1.1262,1.0551,1.1974
48.63,117.43,1.0356,0.97935,1.0917
-3.91,119.94,1.3354,1.2546,1.4148
25.59,119.94,1.194,1.1468,1.2421
48.63,119.94,1.0528,0.99287,1.111
41.25,122.45,1.0996,1.0412,1.1581
48.63,122.45,1.0703,1.008,1.1307
69.02,122.45,0.8406,0.78501,0.89735
44.82,124.96,1.087,1.0258,1.1475
48.63,124.96,1.0796,1.0157,1.1411
-57.32,127.47,1.0249,0.97112,1.079
-25.59,127.47,1.0328,0.97659,1.0887
34.64,127.47,1.1681,1.1151,1.2235
41.25,127.47,1.1189,1.0636,1.1744
44.82,127.47,1.1014,1.0405,1.1611
52.75,127.47,1.0747,1.0136,1.1334
-52.75,129.98,1.0468,0.98122,1.1107
-48.63,129.98,1.0478,0.96748,1.1249
-37.87,129.98,0.97643,0.91589,1.0363
34.64,129.98,1.1763,1.1243,1.2314
44.82,129.98,1.1065,1.0462,1.1653
-57.32,132.49,1.037,0.98365,1.0919
-3.91,132.49,1.3545,1.2578,1.447
-57.32,135,1.0453,0.99086,1.1021
37.87,135,1.1542,1.1042,1.2072
-57.32,137.51,1.0346,0.9812,1.0885
-57.32,140.02,1.0455,0.99112,1.1021
41.25,140.02,1.1242,1.0728,1.176
44.82,140.02,1.1086,1.0541,1.161
48.63,140.02,1.0749,0.98128,1.1685
52.75,140.02,1.066,1.0098,1.121
-57.32,145.04,1.0448,0.98926,1.103
-62.55,150.06,1.0075,0.93299,1.082
-44.82,150.06,1.0259,0.94159,1.1049
-62.55,152.57,1.0162,0.89839,1.1366
-57.32,152.57,1.0288,0.97434,1.0832
62.55,152.57,1.012,0.95396,1.0692
-57.32,155.08,1.0225,0.97019,1.0764
-48.63,155.08,1.0164,0.94497,1.0855
69.02,167.63,1.0113,0.93538,1.0882
