62.55,-178.75,0.94109,0.021305,0.0004946
69.02,-178.75,0.93454,0.025453,0.00026016
62.55,-176.24,0.92582,0.030292,0.00026072
69.02,-176.24,0.93099,0.028228,0.00018963
-69.02,-173.73,0.62324,0.34631,0.070477
57.32,-173.73,0.93609,0.024241,0.00034657
62.55,-173.73,0.93621,0.02499,0.00025584
69.02,-173.73,0.93822,0.0248,0.00018116
-69.02,-171.22,0.63488,0.3328,0.071081
-62.55,-171.22,0.62575,0.33483,0.050389
57.32,-171.22,0.92852,0.029147,0.00024767
62.55,-171.22,0.93454,0.026653,0.00019937
69.02,-171.22,0.95189,0.018003,0.00026001
-69.02,-168.71,0.61865,0.35074,0.061383
-62.55,-168.71,0.60675,0.35688,0.043
57.32,-168.71,0.94422,0.020948,0.00026168
62.55,-168.71,0.95334,0.016979,0.00028976
69.02,-168.71,0.94872,0.020301,0.00016741
-69.02,-166.2,0.60368,0.36756,0.053588
-62.55,-166.2,0.62969,0.33152,0.045751
57.32,-166.2,0.9597,0.01369,0.00035906
62.55,-166.2,0.95697,0.015604,0.00026487
69.02,-166.2,0.93994,0.026354,0.00011569
-69.02,-163.69,0.62753,0.34045,0.057456
57.32,-163.69,0.9693,0.0096945,0.00047121
62.55,-163.69,0.94619,0.022009,0.00013693
69.02,-163.69,0.94664,0.023071,0.00010727
57.32,-161.18,0.97169,0.0088975,0.00040563
62.55,-161.18,0.94708,0.022229,0.00011799
69.02,-161.18,0.9506,0.021491,0.00010165
57.32,-158.67,0.9742,0.008045,0.00035493
62.55,-158.67,0.94642,0.023478,0.00010584
69.02,-158.67,0.95213,0.021399,9.5248e-05
57.32,-156.16,0.97705,0.007042,0.00032516
62.55,-156.16,0.95945,0.016348,0.00011359
69.02,-156.16,0.95575,0.01995,9.3702e-05
62.55,-153.65,0.95573,0.01926,9.1743e-05
69.02,-153.65,0.96434,0.015315,0.00011789
62.55,-151.14,0.95918,0.017857,8.7798e-05
69.02,-151.14,0.96959,0.012746,0.00015069
62.55,-148.63,0.97684,0.0083546,0.00018213
69.02,-148.63,0.97245,0.011531,0.00017284
62.55,-146.12,0.98032,0.0068712,0.00021058
69.02,-146.12,0.97503,0.010418,0.00020444
62.55,-143.61,0.9836,0.0054642,0.00025586
69.02,-143.61,0.97745,0.0093527,0.00025201
62.55,-141.1,0.9854,0.0047722,0.00027078
69.02,-141.1,0.98563,0.004957,0.00071647
57.32,-138.59,0.9919,0.0019104,0.00024719
62.55,-138.59,0.98427,0.0055691,0.00019588
69.02,-138.59,0.98699,0.0044381,0.0008968
57.32,-136.08,0.9916,0.002129,0.00016007
62.55,-136.08,0.98857,0.0036026,0.00031072
69.02,-136.08,0.98721,0.0045233,0.00099254
57.32,-133.57,0.99238,0.0019264,0.00013837
62.55,-133.57,0.98583,0.0052916,0.00017691
69.02,-133.57,0.9856,0.0056855,0.0009025
57.32,-131.06,0.99355,0.0015704,0.00013643
62.55,-131.06,0.98311,0.0073211,0.00012151
69.02,-131.06,0.98753,0.0048221,0.0014224
57.32,-128.55,0.99542,0.00096632,0.00018462
62.55,-128.55,0.98466,0.0068396,0.00012361
69.02,-128.55,0.98456,0.007009,0.0013112
62.55,-126.04,0.9884,0.0049454,0.0001545
69.02,-126.04,0.97993,0.01082,0.0012967
62.55,-123.53,0.99274,0.0027301,0.00025325
69.02,-123.53,0.97296,0.017317,0.0015895
62.55,-121.02,0.99569,0.0014011,0.00044986
69.02,-121.02,1,0,0
62.55,-118.51,0.9973,0.00078697,0.00071277
69.02,-118.51,0.97971,0.013295,0.0012353
62.55,-116,0.99795,0.00059668,0.00082578
69.02,-116,0.98788,0.007345,0.0010624
69.02,-113.49,0.99013,0.0062266,0.0011681
69.02,-110.98,0.98772,0.0088527,0.0014811
69.02,-108.47,1,0,0
69.02,-105.96,0.99056,0.008445,0.0017775
69.02,-103.45,0.99467,0.0053916,0.0013552
69.02,-100.94,0.99695,0.0032371,0.0014792
69.02,-98.43,0.99813,0.002027,0.0018585
52.75,-88.39,0.99855,0.00034443,0.00033239
62.55,-88.39,0.99677,0.0016577,0.0016375
69.02,-88.39,0.99458,0.006415,0.0014446
52.75,-85.88,0.99818,0.00042045,0.00041049
22.74,-83.37,1,0,0
28.52,-83.37,0.99312,0.010544,7.9727e-08
31.53,-83.37,0.99,0.011562,6.5771e-09
52.75,-83.37,0.99709,0.00071697,0.00041385
22.74,-80.86,0.97876,0.023756,0.00027099
25.59,-80.86,0.9806,0.03404,1.4607e-06
28.52,-80.86,0.98673,0.026885,4.092e-08
31.53,-80.86,0.98695,0.019366,2.8508e-09
34.64,-80.86,0.99203,0.0061709,6.9891e-10
69.02,-80.86,0.9959,0.0061872,0.00011272
22.74,-78.35,1,0,0
25.59,-78.35,0.97673,0.050956,9.9662e-07
28.52,-78.35,0.98677,0.035724,1.5806e-08
31.53,-78.35,0.98075,0.037302,1.4293e-09
34.64,-78.35,0.98933,0.0096039,3.186e-10
52.75,-78.35,0.99436,0.0011317,0.000733
62.55,-78.35,0.99982,5.4181e-05,5.9228e-07
69.02,-78.35,1,0,0
19.94,-75.84,1,0,0
22.74,-75.84,0.95474,0.065086,1.5134e-05
25.59,-75.84,0.97341,0.072496,5.2301e-07
28.52,-75.84,0.98649,0.050493,3.9809e-09
31.53,-75.84,0.98259,0.043006,2.3176e-10
34.64,-75.84,0.98918,0.010895,2.473e-10
37.87,-75.84,0.99183,0.0042035,9.8662e-09
62.55,-75.84,0.99881,0.0001382,1.4261e-06
69.02,-75.84,0.99771,0.00055928,1.6562e-05
19.94,-73.33,0.94722,0.051703,0.00011886
22.74,-73.33,0.96533,0.056938,5.1759e-06
25.59,-73.33,0.9687,0.10573,2.0991e-07
28.52,-73.33,0.97738,0.11068,6.3312e-10
31.53,-73.33,0.98421,0.051738,3.9765e-11
34.64,-73.33,0.98035,0.02433,4.889e-10
37.87,-73.33,0.9879,0.0062655,3.0954e-08
41.25,-73.33,1,0,0
48.63,-73.33,1,0,0
57.32,-73.33,1,0,0
62.55,-73.33,1,0,0
69.02,-73.33,0.99808,0.00034657,8.1975e-08
22.74,-70.82,0.95566,0.079752,3.4578e-06
25.59,-70.82,0.96807,0.13716,6.1269e-08
28.52,-70.82,0.97196,0.18249,4.8863e-11
31.53,-70.82,0.97808,0.091472,1.2258e-11
34.64,-70.82,0.9769,0.032064,1.6716e-09
37.87,-70.82,0.98053,0.011133,4.0632e-07
41.25,-70.82,0.99199,0.0025384,0.0083045
44.82,-70.82,0.99556,0.00036999,0.010255
48.63,-70.82,0.99598,0.00050253,0.014796
52.75,-70.82,1,0,0
57.32,-70.82,0.99662,1.7626e-05,0.0010132
62.55,-70.82,0.99773,0.00040804,9.7865e-11
69.02,-70.82,1,0,0
22.74,-68.31,0.95206,0.090459,4.37e-06
25.59,-68.31,0.96137,0.20119,1.3192e-08
28.52,-68.31,0.95972,0.31425,1.3829e-11
31.53,-68.31,0.97195,0.14579,6.7857e-12
34.64,-68.31,0.98624,0.030598,0.010726
37.87,-68.31,0.98525,0.014964,0.010104
41.25,-68.31,0.9973,0.00023419,0.00011549
44.82,-68.31,0.99506,0.0012855,0.0049035
48.63,-68.31,0.99696,0.00015942,0.01007
52.75,-68.31,0.99794,2.5746e-05,0.0017785
57.32,-68.31,0.99673,1.8629e-05,9.2309e-05
62.55,-68.31,0.99967,5.2771e-05,6.1775e-16
69.02,-68.31,1,0,0
25.59,-65.8,0.94972,0.29459,1.6015e-09
28.52,-65.8,0.94578,0.47602,1.4608e-11
31.53,-65.8,0.99211,0.069854,1.3682e-09
34.64,-65.8,0.99524,0.010295,0.00021795
37.87,-65.8,1,0,0
41.25,-65.8,1,0,0
44.82,-65.8,0.99861,0.00029296,5.7521e-06
48.63,-65.8,0.99749,0.00013967,0.0059376
52.75,-65.8,0.99826,1.7485e-06,0.002443
57.32,-65.8,0.99926,1.2717e-06,3.8838e-08
62.55,-65.8,0.99991,0.00015124,1.5724e-06
69.02,-65.8,0.99924,0.00083515,7.7613e-11
25.59,-63.29,0.98025,0.15548,1.6014e-08
28.52,-63.29,0.97295,0.16714,0.00086398
34.64,-63.29,1,0,0
41.25,-63.29,1,0,0
44.82,-63.29,1,0,0
48.63,-63.29,0.99975,8.8478e-06,0.00072504
52.75,-63.29,0.99986,6.9974e-08,1.5258e-08
57.32,-63.29,0.99957,9.2548e-07,6.5775e-07
69.02,-63.29,0.9998,0.00060079,4.0468e-12
-69.02,-60.78,0.954,0.053807,0.010318
22.74,-60.78,1,0,0
25.59,-60.78,0.9725,0.24552,9.0986e-11
34.64,-60.78,1,0,0
41.25,-60.78,1,0,0
44.82,-60.78,1,0,0
48.63,-60.78,1,0,0
52.75,-60.78,0.99971,6.9088e-07,4.3959e-09
69.02,-60.78,0.99944,0.0017939,2.0136e-06
-69.02,-58.27,0.95931,0.051577,0.013639
-52.75,-58.27,0.85521,0.11589,1.8865e-05
28.52,-58.27,1,1,0
34.64,-58.27,1,0,0
44.82,-58.27,1,0,0
48.63,-58.27,0.99844,3.239e-05,1.1322e-07
69.02,-58.27,1,0,0
-69.02,-55.76,0.94101,0.060864,0.004917
22.74,-55.76,0,1,0
28.52,-55.76,1,1,0
37.87,-55.76,1,0,0
41.25,-55.76,1,0,0
44.82,-55.76,1,0,0
48.63,-55.76,1,0,0
22.74,-53.25,1,0,0
31.53,-53.25,0,1,0
44.82,-53.25,1,0,0
52.75,-53.25,1,0,0
69.02,-53.25,0.99921,0.002637,6.8425e-06
-62.55,-50.74,1,0,0
14.48,-50.74,0.51,0.53975,1.5094e-06
34.64,-50.74,1,1,0
37.87,-50.74,1,0,0
41.25,-50.74,1,0,0
62.55,-50.74,0.99989,0.00018635,1.8397e-08
69.02,-50.74,0.99933,0.0023254,2.0925e-07
6.53,-48.23,0.37114,0.62319,8.1817e-10
9.16,-48.23,0.40399,0.61217,6.2307e-11
14.48,-48.23,0,1,0
17.19,-48.23,1,0,0
19.94,-48.23,0,1,0
34.64,-48.23,0.9672,0.33088,2.0382e-07
37.87,-48.23,0.99598,0.012767,9.9883e-06
41.25,-48.23,1,0,0
44.82,-48.23,1,0,0
57.32,-48.23,0.9998,6.5783e-05,8.2201e-09
62.55,-48.23,0.99982,0.00026789,1.8542e-10
69.02,-48.23,0.99933,0.0023933,5.2684e-09
-28.52,-45.72,0.04363,0.96931,1.4605e-08
-25.59,-45.72,0.032161,0.97892,3.0991e-08
-22.74,-45.72,0.031727,0.97844,6.8845e-08
11.81,-45.72,0.16869,0.84138,8.0657e-07
14.48,-45.72,0,1,0
17.19,-45.72,0,1,0
31.53,-45.72,0,1,0
34.64,-45.72,0.97568,0.17144,4.0317e-13
37.87,-45.72,1,0,0
41.25,-45.72,1,0,0
44.82,-45.72,1,0,0
48.63,-45.72,1,0,0
57.32,-45.72,0.99991,5.0994e-05,2.1928e-10
62.55,-45.72,0.99969,0.00047784,5.7792e-10
69.02,-45.72,0.99927,0.0026796,5.1887e-09
-48.63,-43.21,0.85542,0.11302,2.9869e-05
-25.59,-43.21,0.031283,0.97882,1.4757e-07
-11.81,-43.21,0.35141,0.72566,2.2477e-08
31.53,-43.21,1,0,0
34.64,-43.21,0.97654,0.091607,1.1979e-13
37.87,-43.21,0.99133,0.02078,1.1874e-13
41.25,-43.21,0.99919,0.002066,2.6732e-13
44.82,-43.21,1,0,0
48.63,-43.21,1,0,0
52.75,-43.21,0.99991,5.7742e-05,1.7325e-13
57.32,-43.21,0.99987,7.8957e-05,9.9907e-10
62.55,-43.21,0.99948,0.0010004,1.216e-08
69.02,-43.21,0.9992,0.0030145,1.4476e-08
-52.75,-40.7,0.97385,0.029626,0.0026278
-48.63,-40.7,0.97003,0.028923,3.4993e-05
-17.19,-40.7,0.19643,0.84957,0.00028567
-6.53,-40.7,0.31888,0.74473,3.1189e-13
1.3,-40.7,1,0,0
31.53,-40.7,1,0,0
34.64,-40.7,1,0,0
37.87,-40.7,0.99031,0.024804,1.6243e-12
41.25,-40.7,0.99922,0.0021733,5.287e-14
44.82,-40.7,1,0,0
48.63,-40.7,0.99971,0.00012816,3.4662e-09
52.75,-40.7,0.99987,6.9848e-05,1.6793e-12
57.32,-40.7,0.99981,0.00012691,4.6953e-09
62.55,-40.7,0.99911,0.0021342,2.4702e-07
69.02,-40.7,0.99909,0.0035711,4.9764e-08
-48.63,-38.19,0.96472,0.036251,9.6206e-06
-44.82,-38.19,0.95388,0.04344,2.3634e-05
-41.25,-38.19,0.92437,0.096587,7.542e-05
-25.59,-38.19,0.022359,0.98564,1.2306e-06
-17.19,-38.19,0,1,0
-6.53,-38.19,0.26009,0.80961,5.3081e-12
-3.91,-38.19,0.36709,0.70204,2.8586e-12
-1.3,-38.19,0.4434,0.61423,1.6598e-08
1.3,-38.19,0,1,0
22.74,-38.19,1,0,0
25.59,-38.19,0,1,0
31.53,-38.19,1,0,0
34.64,-38.19,1,0,0
37.87,-38.19,0.98525,0.040386,5.0507e-09
41.25,-38.19,0.99879,0.003379,2.2229e-11
44.82,-38.19,0.99947,0.00070676,1.2933e-10
48.63,-38.19,0.99974,0.00010583,4.286e-10
52.75,-38.19,0.99981,9.3585e-05,4.1587e-11
57.32,-38.19,0.99969,0.00025738,3.5903e-08
62.55,-38.19,0.99853,0.0040791,4.0407e-06
69.02,-38.19,0.9989,0.00446,2.2142e-07
-52.75,-35.68,0.94403,0.042482,2.9629e-06
-48.63,-35.68,0.92265,0.059062,4.4085e-06
-44.82,-35.68,0.84362,0.12638,1.0265e-05
-41.25,-35.68,0.71517,0.2461,5.7768e-05
-37.87,-35.68,0,1,0
-34.64,-35.68,0.44473,0.64613,6.8304e-08
-31.53,-35.68,0.31044,0.74443,8.1586e-08
-28.52,-35.68,0.24076,0.80192,1.9705e-07
-25.59,-35.68,0.18738,0.84756,4.7057e-05
-22.74,-35.68,0.16759,0.86365,4.5224e-05
-19.94,-35.68,0.072778,0.93769,4.5449e-06
-14.48,-35.68,0.096422,0.94185,3.7687e-09
-9.16,-35.68,0.23398,0.83729,1.3821e-12
-6.53,-35.68,0.21611,0.85384,7.3794e-11
-3.91,-35.68,0.23405,0.83443,9.1267e-10
-1.3,-35.68,0.33181,0.7369,2.2927e-10
1.3,-35.68,0.55924,0.47876,1.3228e-05
28.52,-35.68,1,0,0
31.53,-35.68,1,0,0
34.64,-35.68,0.99375,0.0091626,4.6289e-09
37.87,-35.68,0.99255,0.019725,1.0603e-10
41.25,-35.68,0.99758,0.0069403,1.8757e-08
44.82,-35.68,0.99963,0.00058548,8.2776e-09
48.63,-35.68,0.99956,0.00015864,7.759e-09
52.75,-35.68,0.99969,0.00015913,2.5515e-09
57.32,-35.68,0.99944,0.00071244,4.3602e-07
62.55,-35.68,0.99762,0.0070322,4.6757e-05
69.02,-35.68,0.99883,0.0048749,4.8828e-07
-52.75,-33.17,0.94279,0.044604,7.5648e-07
-44.82,-33.17,0.82704,0.14088,5.9325e-06
-41.25,-33.17,1,0,0
-37.87,-33.17,0,1,0
-34.64,-33.17,0.026979,0.98086,4.1053e-11
-31.53,-33.17,0.02666,0.9817,3.2986e-13
-28.52,-33.17,0.020515,0.98851,3.3161e-09
-25.59,-33.17,0,1,0
-22.74,-33.17,0,1,0
-19.94,-33.17,0,1,0
-14.48,-33.17,0.074832,0.95975,1.7374e-10
-11.81,-33.17,0.13627,0.92073,5.0289e-12
-9.16,-33.17,0.16628,0.89922,3.5165e-11
-6.53,-33.17,0.16645,0.89614,3.4212e-09
-3.91,-33.17,0.16199,0.89272,6.2892e-07
-1.3,-33.17,0.31619,0.75636,1.0013e-09
1.3,-33.17,0.51673,0.53742,2.235e-08
19.94,-33.17,0,1,0
31.53,-33.17,1,0,0
34.64,-33.17,1,0,0
37.87,-33.17,0.99547,0.010585,7.3191e-13
41.25,-33.17,0.99691,0.009216,1.0038e-07
44.82,-33.17,0.9993,0.0012194,7.5758e-07
48.63,-33.17,0.99871,0.00059941,4.8673e-06
52.75,-33.17,0.99945,0.00036665,1.8802e-07
57.32,-33.17,0.99893,0.0020593,6.5666e-06
62.55,-33.17,0.9961,0.011359,0.0003554
69.02,-33.17,0.99903,0.0042073,3.4806e-07
-52.75,-30.66,0.95523,0.033943,2.0864e-06
-48.63,-30.66,0.92167,0.057258,1.1439e-05
-44.82,-30.66,0.85002,0.11756,9.0458e-06
-41.25,-30.66,0.60648,0.35773,1.015e-05
-37.87,-30.66,0.046576,0.95808,4.4769e-08
-34.64,-30.66,0.01216,0.9932,1.5275e-10
-31.53,-30.66,0.01169,0.99373,1.9665e-14
-28.52,-30.66,0,1,0
-25.59,-30.66,0.0036595,0.99839,1.0727e-10
-22.74,-30.66,0,1,0
-19.94,-30.66,0.015206,0.99162,1.3987e-08
-17.19,-30.66,0.025752,0.98744,3.123e-11
-14.48,-30.66,0.039365,0.98228,1.8204e-11
-11.81,-30.66,0.0744,0.96369,1.3047e-10
-9.16,-30.66,0.11317,0.9384,2.4976e-09
-6.53,-30.66,0.12918,0.92348,4.9725e-07
-3.91,-30.66,0.14534,0.90553,1.1932e-05
-1.3,-30.66,0.29555,0.77861,8.8696e-09
1.3,-30.66,0.51861,0.54209,7.4014e-11
3.91,-30.66,0.68263,0.33518,2.1552e-08
34.64,-30.66,0.99937,0.0010514,5.391e-05
37.87,-30.66,1,0,0
41.25,-30.66,0.99834,0.0049529,8.0957e-10
44.82,-30.66,0.99789,0.0045388,3.3567e-05
48.63,-30.66,1,0,0
52.75,-30.66,0.99888,0.0011937,8.1007e-06
57.32,-30.66,0.99783,0.0051754,8.9572e-05
62.55,-30.66,0.99358,0.017237,0.0016628
69.02,-30.66,0.99931,0.0030181,1.7561e-07
-44.82,-28.15,0.88127,0.088857,1.9308e-05
-41.25,-28.15,0.48924,0.45285,9.6842e-06
-37.87,-28.15,0.039069,0.9622,6.8317e-09
-34.64,-28.15,0.004693,0.99776,5.5977e-08
-31.53,-28.15,0.0032535,0.99881,9.8235e-10
-28.52,-28.15,0.005177,0.99788,2.1366e-09
-25.59,-28.15,0.0012453,0.99954,5.7077e-10
-22.74,-28.15,0.0026879,0.99872,1.4655e-10
-19.94,-28.15,0.0056795,0.99769,8.1547e-11
-17.19,-28.15,0.01216,0.99515,1.9735e-10
-14.48,-28.15,0.024431,0.99016,3.851e-09
-11.81,-28.15,0.04474,0.97974,1.0647e-07
-9.16,-28.15,0.07692,0.96013,1.557e-06
-6.53,-28.15,0.10573,0.93863,3.8258e-05
-3.91,-28.15,0.14317,0.90778,6.7419e-05
-1.3,-28.15,0.2787,0.79555,9.0325e-08
1.3,-28.15,0.50695,0.56048,3.3472e-12
3.91,-28.15,0.72768,0.28374,7.4298e-09
34.64,-28.15,1,0,0
37.87,-28.15,0.99898,0.0018932,5.7245e-12
41.25,-28.15,0.99863,0.0042683,1.4573e-10
44.82,-28.15,0.99609,0.0097387,0.00011315
48.63,-28.15,1,0,0
52.75,-28.15,0.99738,0.0043909,0.00016691
57.32,-28.15,0.99556,0.010964,0.00075187
62.55,-28.15,0.99376,0.017729,0.0015778
69.02,-28.15,0.99951,0.0020878,1.4262e-07
-41.25,-25.64,0.48644,0.4549,7.3706e-06
-37.87,-25.64,0.066188,0.93304,2.9932e-08
-34.64,-25.64,0.0075762,0.99643,4.1089e-12
-31.53,-25.64,0.0027724,0.9991,5.3964e-10
-28.52,-25.64,0,1,0
-25.59,-25.64,0.00083818,0.99965,3.7961e-06
-22.74,-25.64,0.0011984,0.9995,3.0763e-08
-19.94,-25.64,0.002631,0.99891,2.7371e-08
-17.19,-25.64,0.0072391,0.99727,1.2198e-07
-14.48,-25.64,0.017128,0.99344,1.5448e-06
-11.81,-25.64,0.03212,0.98547,3.6883e-05
-9.16,-25.64,0.058757,0.96936,0.00019372
-6.53,-25.64,0.089996,0.94726,0.00079287
-3.91,-25.64,0.18554,0.88042,1.8486e-05
-1.3,-25.64,0.34586,0.73942,1.4318e-08
1.3,-25.64,0.54647,0.52004,1.6737e-12
3.91,-25.64,0.7553,0.25319,1.5617e-09
34.64,-25.64,1,0,0
37.87,-25.64,1,0,0
41.25,-25.64,0.99854,0.0047286,1.2449e-10
44.82,-25.64,0.99718,0.0074257,1.1867e-05
48.63,-25.64,0.98414,0.028952,0.002423
52.75,-25.64,0.99386,0.012518,0.0014639
57.32,-25.64,0.99251,0.017859,0.0024202
62.55,-25.64,0.99491,0.016079,0.00086199
69.02,-25.64,0.99964,0.0014178,1.3369e-07
-41.25,-23.13,0.52729,0.41354,9.5535e-06
-37.87,-23.13,0.10875,0.88613,1.1799e-07
-34.64,-23.13,0.013616,0.99267,2.5704e-13
-31.53,-23.13,0.0037486,0.999,4.9491e-14
-28.52,-23.13,0.0044573,0.99813,3.1599e-08
-25.59,-23.13,0.0011392,0.99959,2.687e-05
-22.74,-23.13,0.00085953,0.99956,4.5158e-05
-19.94,-23.13,0.0017921,0.99909,9.1725e-06
-17.19,-23.13,0.0058178,0.99773,1.6984e-05
-14.48,-23.13,0.014578,0.99443,9.8533e-05
-11.81,-23.13,0.027396,0.98718,0.00084337
-9.16,-23.13,0.053167,0.97165,0.0014273
-6.53,-23.13,0.11306,0.93512,0.00054087
-3.91,-23.13,0.24054,0.84183,5.4282e-06
-1.3,-23.13,0.46845,0.62281,3.4343e-10
1.3,-23.13,0.72056,0.31049,3.6297e-13
37.87,-23.13,1,0,0
41.25,-23.13,0.99897,0.0035006,3.1171e-12
44.82,-23.13,0.99756,0.0064135,1.9345e-06
48.63,-23.13,0.99094,0.01862,0.00066016
52.75,-23.13,0.99745,0.0055707,6.3564e-05
57.32,-23.13,0.99616,0.010931,0.00028754
62.55,-23.13,0.99552,0.015246,0.00053925
69.02,-23.13,0.99971,0.0010584,1.6035e-07
-37.87,-20.62,0.16808,0.82,4.4921e-07
-34.64,-20.62,0.023786,0.98512,6.545e-12
-31.53,-20.62,0.0056796,0.99836,2.4616e-18
-28.52,-20.62,0.0045015,0.9985,9.171e-13
-25.59,-20.62,0.0032637,0.99909,8.4038e-07
-22.74,-20.62,0.0013247,0.99947,8.3434e-05
-19.94,-20.62,0.001845,0.99898,0.00046014
-17.19,-20.62,0.0062113,0.99758,0.00054349
-14.48,-20.62,0.015204,0.99435,0.00083167
-11.81,-20.62,0.032899,0.98616,0.00051214
-9.16,-20.62,0.07717,0.96209,0.00029199
-6.53,-20.62,0.17453,0.89939,6.4598e-05
-3.91,-20.62,0.3191,0.78123,1.1501e-06
-1.3,-20.62,0.57412,0.50901,2.7804e-11
1.3,-20.62,0.77633,0.24119,4.974e-13
34.64,-20.62,1,0,0
37.87,-20.62,0.99793,0.010028,2.2584e-07
41.25,-20.62,0.99901,0.0035256,5.6546e-13
44.82,-20.62,0.99715,0.0074551,3.2203e-06
48.63,-20.62,0.99434,0.0098311,0.00015614
52.75,-20.62,0.99887,0.00201,9.982e-07
57.32,-20.62,0.99795,0.0062657,2.8838e-05
62.55,-20.62,0.99572,0.015163,0.00041594
69.02,-20.62,0.99972,0.00092447,2.7601e-07
-34.64,-18.11,0.050341,0.96131,7.6174e-10
-31.53,-18.11,0.0093821,0.99642,3.6076e-16
-28.52,-18.11,0.0056245,0.99794,2.5884e-17
-25.59,-18.11,0,1,0
-22.74,-18.11,0.0032434,0.999,4.7221e-06
-19.94,-18.11,0.0029863,0.99889,9.8885e-05
-17.19,-18.11,0.008248,0.99732,0.0005335
-14.48,-18.11,0.02233,0.9939,4.1527e-05
-11.81,-18.11,0.050449,0.98246,1.7348e-05
-9.16,-18.11,0.11535,0.94485,2.6474e-05
-6.53,-18.11,0.28553,0.82303,2.3483e-06
-3.91,-18.11,0.48551,0.62724,1.3677e-08
-1.3,-18.11,0.71228,0.34021,5.5826e-13
1.3,-18.11,0.85194,0.14621,5.2167e-11
37.87,-18.11,0.99864,0.0072634,5.1931e-11
41.25,-18.11,0.99905,0.003574,7.6545e-14
44.82,-18.11,0.99659,0.0089504,6.7936e-06
48.63,-18.11,0.99425,0.0074042,0.00012099
52.75,-18.11,0.99949,0.00060799,7.7994e-09
57.32,-18.11,0.99881,0.0033109,2.8569e-06
62.55,-18.11,0.99557,0.015861,0.0003949
69.02,-18.11,0.99966,0.00096414,7.1489e-07
-34.64,-15.6,0,1,0
-31.53,-15.6,0.018643,0.98979,1.6753e-12
-28.52,-15.6,0.0077698,0.99661,1.1865e-14
-25.59,-15.6,0.0088876,0.99614,1.2332e-13
-22.74,-15.6,0,1,0
-19.94,-15.6,0.0057137,0.99845,1.3387e-05
-17.19,-15.6,0.012958,0.997,9.3174e-05
-14.48,-15.6,0.038131,0.99252,2.2035e-07
-11.81,-15.6,0.083172,0.97484,1.0501e-07
-9.16,-15.6,0.19107,0.90325,2.4931e-07
-6.53,-15.6,0.43492,0.6928,9.1902e-08
-3.91,-15.6,0.70366,0.36607,4.8295e-11
-1.3,-15.6,0.80188,0.20543,5.6154e-11
37.87,-15.6,0.99899,0.0056779,1.6516e-14
41.25,-15.6,0.99913,0.0035277,7.1199e-15
44.82,-15.6,0.99764,0.0057627,7.468e-07
48.63,-15.6,1,0,0
52.75,-15.6,0.99976,0.000177,6.5959e-11
57.32,-15.6,0.99922,0.0017682,2.5727e-07
62.55,-15.6,0.99508,0.017395,0.00044123
69.02,-15.6,0.99951,0.0012057,2.6825e-06
-28.52,-13.09,0.011438,0.99409,2.2037e-12
-25.59,-13.09,0.0093666,0.99605,7.323e-15
-22.74,-13.09,0.0072529,0.99775,3.622e-11
-19.94,-13.09,0.012079,0.99693,1.1767e-06
-17.19,-13.09,0.025029,0.99607,9.039e-07
-14.48,-13.09,0.069302,0.9897,2.4893e-09
-11.81,-13.09,0.14187,0.95942,6.9859e-10
-9.16,-13.09,0.30103,0.82205,1.7776e-09
-6.53,-13.09,0.5991,0.50735,1.5386e-08
37.87,-13.09,0.99919,0.004953,6.097e-18
41.25,-13.09,0.99953,0.0021758,3.7037e-18
44.82,-13.09,0.99893,0.0024712,3.094e-09
48.63,-13.09,0.99776,0.0019835,3.8176e-07
52.75,-13.09,0.99989,7.3182e-05,1.7474e-12
57.32,-13.09,0.99938,0.0011266,2.9475e-08
62.55,-13.09,0.99436,0.019396,0.00051789
69.02,-13.09,0.99918,0.0016672,1.0199e-05
-25.59,-10.58,0.0098368,0.9961,5.397e-14
-22.74,-10.58,0.0080111,0.99764,1.3583e-14
-19.94,-10.58,0,1,0
-17.19,-10.58,0.057474,0.99299,2.7353e-11
-14.48,-10.58,0.12104,0.9851,8.6122e-10
-11.81,-10.58,0.21497,0.93872,1.8732e-10
-9.16,-10.58,0.40759,0.70151,6.6726e-11
3.91,-10.58,0.89469,0.086666,6.7796e-11
9.16,-10.58,1,0,0
41.25,-10.58,0.99961,0.0019746,1.4769e-19
44.82,-10.58,0.99954,0.001093,8.7907e-13
48.63,-10.58,0.9995,0.00042841,3.3653e-12
52.75,-10.58,0.99994,5.4472e-05,5.7258e-14
57.32,-10.58,0.99933,0.0010424,7.5715e-09
62.55,-10.58,0.99404,0.020136,0.00049256
69.02,-10.58,0.99849,0.002571,3.4949e-05
-69.02,-8.07,0.8044,0.18959,0.01036
-25.59,-8.07,0.011868,0.99527,3.3776e-13
-22.74,-8.07,0.013258,0.99546,8.071e-14
-19.94,-8.07,0.044121,0.98878,6.4247e-15
-17.19,-8.07,0.13607,0.98307,2.2619e-15
-14.48,-8.07,0.26379,0.96697,1.6256e-11
-11.81,-8.07,0.33577,0.89694,6.5197e-11
-9.16,-8.07,0.37036,0.6852,1.858e-09
-6.53,-8.07,1,0,0
1.3,-8.07,0.90367,0.086725,1.0676e-14
3.91,-8.07,0.85549,0.13173,6.8411e-16
6.53,-8.07,0.82246,0.16621,8.3151e-13
9.16,-8.07,0.84818,0.14447,1.2781e-08
11.81,-8.07,0.87047,0.11338,9.0026e-05
14.48,-8.07,0.7603,0.21977,9.2885e-06
37.87,-8.07,0.99938,0.0049806,5.0641e-21
41.25,-8.07,0.99973,0.0014689,1.8449e-21
44.82,-8.07,0.99983,0.00044091,1.6044e-17
48.63,-8.07,0.99987,0.0001425,5.044e-17
52.75,-8.07,0.99991,0.00020296,2.6698e-14
57.32,-8.07,0.99892,0.0015382,8.5874e-09
62.55,-8.07,0.99388,0.02031,0.00043882
69.02,-8.07,0.99686,0.0045827,0.00010637
-69.02,-5.56,0.77846,0.21746,0.011196
-22.74,-5.56,0.03586,0.98175,3.0488e-10
-19.94,-5.56,0.083009,0.97607,4.9952e-13
-17.19,-5.56,0.28435,0.95248,1.2655e-14
-14.48,-5.56,0.51645,0.90953,1.5091e-13
-11.81,-5.56,0.55201,0.77671,1.0158e-10
-9.16,-5.56,0,1,0
-1.3,-5.56,0.90804,0.088082,1.3599e-14
1.3,-5.56,0.86247,0.13375,5.6933e-14
3.91,-5.56,0.74597,0.25196,1.1244e-12
6.53,-5.56,0.66745,0.33398,2.7596e-10
9.16,-5.56,0.70696,0.30187,1.2386e-08
11.81,-5.56,1,0,0
14.48,-5.56,0.62835,0.37289,9.1925e-09
17.19,-5.56,0.51016,0.48832,1.3435e-10
37.87,-5.56,0.99951,0.0044014,7.0931e-23
41.25,-5.56,0.99989,0.00070559,6.5684e-24
44.82,-5.56,0.99992,0.0002437,1.574e-20
52.75,-5.56,0.99995,8.5882e-05,4.2554e-14
57.32,-5.56,0.99742,0.0034165,5.6171e-08
62.55,-5.56,0.99334,0.021434,0.00045607
69.02,-5.56,1,0,0
-69.02,-3.05,0.75534,0.24151,0.013928
-22.74,-3.05,0,1,0
-11.81,-3.05,1,0,0
-9.16,-3.05,0,1,0
-1.3,-3.05,0.88969,0.11138,3.7714e-15
1.3,-3.05,0.82619,0.1758,1.0587e-11
3.91,-3.05,0.61878,0.39081,4.0877e-10
6.53,-3.05,0.45674,0.56043,5.7783e-08
9.16,-3.05,0.4696,0.55242,9.6887e-07
11.81,-3.05,0.58633,0.44389,5.5155e-07
14.48,-3.05,0.44384,0.57987,2.97e-09
17.19,-3.05,0.39716,0.60886,7.4316e-12
48.63,-3.05,0.99985,0.00015626,9.5662e-16
52.75,-3.05,0.99985,0.00017855,3.2885e-12
57.32,-3.05,1,0,0
62.55,-3.05,0.9924,0.023473,0.00053848
69.02,-3.05,0.99583,0.0058126,0.0001641
-69.02,-0.54,0.73157,0.26486,0.019621
-14.48,-0.54,1,1,0
-1.3,-0.54,0.87071,0.13397,3.9123e-13
1.3,-0.54,0.79927,0.20647,6.0127e-10
3.91,-0.54,0.51334,0.50042,1.2683e-08
6.53,-0.54,0.25591,0.7592,5.8824e-06
9.16,-0.54,0.2528,0.76187,2.8894e-05
11.81,-0.54,0.33789,0.69226,1.302e-06
14.48,-0.54,0.30758,0.71597,2.0918e-09
17.19,-0.54,0.28107,0.72769,1.0257e-11
19.94,-0.54,0.30457,0.70821,1.1233e-10
48.63,-0.54,0.99989,0.000149,3.6898e-16
52.75,-0.54,0.9995,0.00051339,3.2516e-10
57.32,-0.54,0.99511,0.0072526,8.3051e-07
62.55,-0.54,0.99401,0.019048,0.00027184
69.02,-0.54,0.99718,0.0041866,0.00010445
-69.02,1.97,0.73614,0.2632,0.011467
-48.63,1.97,0.88129,0.093466,0.0004495
-44.82,1.97,0.65591,0.28971,2.3824e-07
-3.91,1.97,0.89364,0.10805,3.0583e-09
-1.3,1.97,0.85569,0.15019,3.2223e-11
1.3,1.97,0.82358,0.17828,3.4331e-09
3.91,1.97,0.45347,0.55306,2.7597e-08
6.53,1.97,0.16791,0.84229,1.319e-05
9.16,1.97,0.12836,0.87974,0.00029996
11.81,1.97,0.18844,0.83299,1.4527e-06
14.48,1.97,0.1874,0.83049,1.3662e-09
17.19,1.97,0.181,0.82545,1.0533e-11
19.94,1.97,0.23226,0.77637,3.7125e-12
22.74,1.97,0,1,0
48.63,1.97,0.99984,0.00027222,2.6242e-15
52.75,1.97,0.99964,0.00042675,8.9736e-11
57.32,1.97,0.99656,0.0053449,9.9003e-07
62.55,1.97,0.9967,0.010583,4.5035e-05
69.02,1.97,0.99776,0.0034818,7.548e-05
-69.02,4.48,0.74179,0.25974,0.0072914
-48.63,4.48,1,0,0
-44.82,4.48,0.57151,0.3831,2.428e-08
-41.25,4.48,0.22899,0.73696,1.1264e-11
-37.87,4.48,0.093536,0.88977,4.444e-12
-34.64,4.48,0.054269,0.9446,1.172e-11
-31.53,4.48,0.03221,0.97495,3.1851e-09
-28.52,4.48,0,1,0
-3.91,4.48,0.88135,0.12272,7.0487e-08
-1.3,4.48,0.81379,0.194,1.6087e-09
1.3,4.48,1,0,0
3.91,4.48,0.39601,0.60038,2.0361e-08
6.53,4.48,0.1232,0.88571,6.8151e-06
9.16,4.48,0,1,0
11.81,4.48,0.099659,0.91258,1.8224e-06
14.48,4.48,0.11092,0.90025,7.4913e-10
17.19,4.48,0.12027,0.88284,3.5803e-12
19.94,4.48,0.23309,0.76548,2.7665e-12
48.63,4.48,0.99955,0.00082654,6.0365e-15
52.75,4.48,0.99983,0.00026638,5.7763e-12
57.32,4.48,0.99839,0.0022155,1.2551e-07
62.55,4.48,0.99829,0.0045772,3.8688e-06
69.02,4.48,0.99888,0.0016047,1.3391e-05
-69.02,6.99,0.75189,0.25098,0.0051748
-48.63,6.99,0.84771,0.12851,0.00012055
-44.82,6.99,0.45745,0.51297,6.2124e-10
-41.25,6.99,0.14314,0.84219,1.2201e-13
-37.87,6.99,0.057382,0.93721,8.7367e-14
-34.64,6.99,0.040806,0.96187,1.063e-14
-31.53,6.99,0.03514,0.97218,5.5255e-11
-28.52,6.99,0.046922,0.96789,2.5358e-07
-25.59,6.99,0,1,0
-17.19,6.99,0.4904,0.87704,3.0516e-14
-14.48,6.99,0.77504,0.66108,1.95e-14
-1.3,6.99,0.76777,0.2348,2.7515e-08
1.3,6.99,1,0,0
3.91,6.99,0.33796,0.64623,9.3111e-09
6.53,6.99,0.094121,0.91675,2.5557e-06
9.16,6.99,0.079097,0.92503,4.1574e-06
11.81,6.99,0.092275,0.91529,2.3943e-09
14.48,6.99,0.096901,0.91056,2.7932e-12
17.19,6.99,0.08734,0.91479,3.3533e-12
19.94,6.99,0,1,0
22.74,6.99,0.29482,0.85057,3.5632e-13
31.53,6.99,1,0,0
52.75,6.99,0.99992,0.00017723,3.0998e-13
57.32,6.99,0.99913,0.0010928,2.309e-08
62.55,6.99,0.99915,0.001576,1.7313e-07
69.02,6.99,0.99938,0.00080409,1.7002e-06
-69.02,9.5,0.76157,0.24254,0.0038892
-48.63,9.5,0.82759,0.14751,1.0211e-05
-44.82,9.5,0.34393,0.64262,1.0246e-11
-41.25,9.5,0.083844,0.91573,2.5346e-14
-37.87,9.5,0.038489,0.96094,3.4111e-13
-34.64,9.5,0.011705,0.99193,2.1941e-14
-31.53,9.5,0.011085,0.99416,1.9744e-14
-28.52,9.5,0.010691,0.9951,6.0683e-09
-25.59,9.5,0.027839,0.98872,2.7287e-11
-22.74,9.5,0.054235,0.98421,6.2249e-16
-19.94,9.5,0.13473,0.97273,3.2839e-16
-17.19,9.5,0.37837,0.92127,5.8119e-17
-14.48,9.5,0.61305,0.80615,3.0816e-16
-11.81,9.5,0.79597,0.48781,2.9889e-17
-9.16,9.5,0.84504,0.25981,6.3193e-12
-6.53,9.5,1,0,0
-3.91,9.5,0.83188,0.17699,9.0512e-07
-1.3,9.5,0.56693,0.44713,9.8314e-07
1.3,9.5,0.61389,0.36082,1.3986e-09
3.91,9.5,0.23454,0.75381,8.8494e-08
6.53,9.5,0.070553,0.94381,2.3921e-06
9.16,9.5,0.07008,0.93742,2.9782e-08
11.81,9.5,0.097645,0.90745,3.1351e-12
14.48,9.5,0.12096,0.88178,3.8561e-15
17.19,9.5,0.1083,0.89012,1.166e-13
19.94,9.5,1,0,0
34.64,9.5,0.99876,0.10869,5.9444e-19
48.63,9.5,1,0,0
57.32,9.5,0.99966,0.0004278,5.2412e-10
62.55,9.5,0.99959,0.00055688,4.1471e-09
69.02,9.5,0.99965,0.00041719,1.3112e-07
-69.02,12.01,0.77108,0.23423,0.0030487
-48.63,12.01,0.81789,0.15679,1.0828e-06
-44.82,12.01,0.3507,0.63755,8.561e-12
-41.25,12.01,0.047241,0.95757,1.9538e-13
-37.87,12.01,0.030879,0.96943,1.155e-11
-34.64,12.01,0.0080666,0.99498,3.9731e-14
-31.53,12.01,0.0055483,0.99742,5.64e-13
-28.52,12.01,0.0077006,0.997,1.8749e-10
-25.59,12.01,0.015402,0.9952,1.617e-10
-22.74,12.01,0.029494,0.99329,3.6009e-12
-19.94,12.01,0.082526,0.98555,1.0195e-14
-17.19,12.01,0.24114,0.95656,1.4271e-13
-14.48,12.01,0.4564,0.87491,2.3488e-13
-11.81,12.01,0.64773,0.66481,4.8264e-17
-9.16,12.01,0.74033,0.42211,3.0538e-14
-6.53,12.01,0.85539,0.18367,1.1424e-06
-3.91,12.01,0.78392,0.23227,2.3031e-07
-1.3,12.01,0,1,0
1.3,12.01,0.39969,0.60046,7.0586e-09
3.91,12.01,0,1,0
6.53,12.01,0.069761,0.94691,1.8424e-07
9.16,12.01,0.070451,0.94072,2.6926e-10
11.81,12.01,0.10862,0.89755,5.3937e-13
14.48,12.01,0.1763,0.81834,2.0327e-14
17.19,12.01,0,1,0
19.94,12.01,0,1,0
31.53,12.01,1,1,0
41.25,12.01,1,0,0
48.63,12.01,1,0,0
57.32,12.01,0.99988,0.00019077,3.7882e-12
62.55,12.01,0.99981,0.00025676,5.5709e-11
69.02,12.01,0.9998,0.00021829,5.2344e-09
-69.02,14.52,0.78055,0.22591,0.0023933
-48.63,14.52,0.83288,0.14146,4.3233e-07
-44.82,14.52,0.38289,0.60475,1.2715e-11
-41.25,14.52,0.052728,0.95051,2.2438e-12
-37.87,14.52,0,1,0
-34.64,14.52,0.0067468,0.99585,4.8337e-11
-31.53,14.52,0.0056408,0.99748,6.5917e-11
-28.52,14.52,0.0072463,0.99736,2.3277e-09
-25.59,14.52,0.012612,0.99613,2.4736e-08
-22.74,14.52,0.023109,0.99428,6.7132e-09
-19.94,14.52,0.055764,0.9889,2.3781e-10
-17.19,14.52,0.14988,0.97017,5.4274e-10
-14.48,14.52,0.30974,0.91538,2.6264e-10
-11.81,14.52,0.48393,0.78067,8.1674e-13
-9.16,14.52,0.65141,0.53261,1.1624e-13
-6.53,14.52,0.76935,0.30581,5.1872e-09
-3.91,14.52,0.67883,0.36704,2.3227e-07
-1.3,14.52,0.36492,0.6832,2.9551e-06
1.3,14.52,0.29079,0.73588,1.3308e-08
3.91,14.52,0.11347,0.90312,3.9883e-05
6.53,14.52,0.066964,0.95381,1.1436e-07
9.16,14.52,0.096762,0.9202,2.0604e-11
11.81,14.52,0.12553,0.88614,1.0109e-10
14.48,14.52,0.27672,0.70867,6.4329e-14
17.19,14.52,0,1,0
31.53,14.52,1,1,0
37.87,14.52,1,0,0
57.32,14.52,0.99996,9.6324e-05,2.3211e-14
62.55,14.52,0.99991,0.00014137,5.1344e-13
69.02,14.52,0.99988,0.00011443,1.0344e-10
-69.02,17.03,0.7901,0.21748,0.0017892
-44.82,17.03,0.51017,0.47595,2.4987e-11
-41.25,17.03,0.061225,0.941,4.8714e-11
-37.87,17.03,0.029229,0.9711,9.6029e-11
-34.64,17.03,0.0084865,0.99418,1.0954e-10
-31.53,17.03,0.0066589,0.99681,4.5975e-08
-28.52,17.03,0.0083265,0.99673,4.2647e-07
-25.59,17.03,0.012592,0.99556,1.9482e-06
-22.74,17.03,0.021058,0.99357,1.7444e-06
-19.94,17.03,0.043063,0.9889,3.8792e-07
-17.19,17.03,0.099662,0.97475,3.208e-07
-14.48,17.03,0.20772,0.93556,1.2283e-07
-11.81,17.03,0.34823,0.84536,4.1e-09
-9.16,17.03,0.539,0.64604,4.3807e-11
-6.53,17.03,0.64892,0.46574,2.5072e-09
-3.91,17.03,0.57259,0.50792,3.1138e-07
-1.3,17.03,0.35876,0.70587,9.7259e-07
1.3,17.03,0.23066,0.81159,5.455e-08
3.91,17.03,0.10265,0.92295,6.1767e-05
6.53,17.03,0.064465,0.9611,1.841e-07
9.16,17.03,0.053256,0.96846,2.8623e-09
11.81,17.03,0,1,0
14.48,17.03,0.37079,0.61788,1.1423e-12
37.87,17.03,1,0,0
41.25,17.03,1,0,0
62.55,17.03,0.99994,8.6332e-05,5.3398e-15
-69.02,19.54,0.79979,0.20885,0.0012516
-44.82,19.54,0.66634,0.32215,6.0394e-11
-41.25,19.54,0,1,0
-37.87,19.54,0.041578,0.95847,1.0943e-10
-34.64,19.54,0.01587,0.98779,1.342e-11
-31.53,19.54,0.010548,0.99444,3.569e-10
-28.52,19.54,0.0106,0.99495,1.747e-05
-25.59,19.54,0.014243,0.99383,5.9354e-05
-22.74,19.54,0.021207,0.99191,8.3278e-05
-19.94,19.54,0.036955,0.98767,5.6859e-05
-17.19,19.54,0.073194,0.97603,4.1267e-05
-14.48,19.54,0.14572,0.94576,2.0422e-05
-11.81,19.54,0.26304,0.87677,1.8212e-06
-9.16,19.54,0.42689,0.7352,2.253e-08
-6.53,19.54,0.5268,0.60415,1.2206e-08
-3.91,19.54,0.486,0.61346,7.1554e-07
-1.3,19.54,0.34421,0.73005,1.1193e-06
1.3,19.54,0.23889,0.81004,5.9153e-07
3.91,19.54,0.23455,0.81058,5.6386e-08
6.53,19.54,0.099123,0.93983,4.2039e-10
9.16,19.54,0.048294,0.97682,2.891e-09
11.81,19.54,0.067887,0.95287,5.129e-10
14.48,19.54,1,0,0
17.19,19.54,0,1,0
22.74,19.54,0,1,0
34.64,19.54,1,1,0
37.87,19.54,1,0,0
52.75,19.54,0.99989,0.00020948,9.2606e-12
69.02,19.54,0.99977,0.00030679,2.4797e-11
-69.02,22.05,0.80961,0.20001,0.00085005
-44.82,22.05,0.62775,0.34613,3.7589e-11
-41.25,22.05,0,1,0
-37.87,22.05,0.088669,0.90937,1.977e-10
-34.64,22.05,0.038559,0.96691,1.7501e-09
-31.53,22.05,0.019545,0.98871,5.3813e-11
-28.52,22.05,0.016385,0.99206,1.9002e-07
-25.59,22.05,0.020766,0.99122,4.5167e-06
-22.74,22.05,0.026776,0.9898,1.3467e-05
-19.94,22.05,0.039836,0.9857,4.2666e-05
-17.19,22.05,0.064901,0.97514,0.00023558
-14.48,22.05,0.10895,0.9513,0.00095794
-11.81,22.05,0.20611,0.89484,0.00018311
-9.16,22.05,0.33833,0.79263,1.7901e-05
-6.53,22.05,0.42919,0.69418,3.6551e-06
-3.91,22.05,0.43791,0.66405,1.9647e-06
-1.3,22.05,0.47065,0.59888,4.958e-08
1.3,22.05,0.42435,0.61192,1.116e-10
3.91,22.05,0.31076,0.73689,5.4467e-11
6.53,22.05,0.17816,0.88775,6.2157e-14
9.16,22.05,0.091698,0.95274,1.3193e-12
11.81,22.05,0.06002,0.95959,5.2444e-14
14.48,22.05,0.31085,0.68686,2.6382e-16
34.64,22.05,1,0,0
37.87,22.05,1,0,0
52.75,22.05,0.99977,0.00047123,1.0774e-09
57.32,22.05,0.99997,5.3788e-05,1.1051e-15
-69.02,24.56,0.81953,0.19092,0.00059551
-41.25,24.56,0.52955,0.43599,1.4106e-09
-37.87,24.56,0.20853,0.77966,3.1098e-10
-34.64,24.56,0,1,0
-31.53,24.56,0.038109,0.97602,2.6217e-11
-28.52,24.56,0.031864,0.98452,2.6483e-10
-25.59,24.56,0.073728,0.967,3.6635e-08
-22.74,24.56,0.07265,0.97284,2.3519e-07
-19.94,24.56,0.075199,0.97443,1.9001e-06
-17.19,24.56,0.076212,0.97074,1.3052e-05
-14.48,24.56,0.1196,0.94481,0.00015831
-11.81,24.56,0.17703,0.9018,0.0015547
-9.16,24.56,0.27496,0.82742,0.0010712
-6.53,24.56,0.42904,0.69157,4.3143e-05
-3.91,24.56,0.58458,0.51067,2.4561e-08
-1.3,24.56,0.67468,0.35722,1.0065e-09
1.3,24.56,0.64948,0.34201,2.7321e-15
3.91,24.56,0.50533,0.51749,5.4031e-17
6.53,24.56,0.28315,0.82745,8.4214e-16
9.16,24.56,0.18406,0.90141,1.6693e-09
11.81,24.56,0,1,0
41.25,24.56,0.99875,0.0024227,2.6615e-16
52.75,24.56,0.99971,0.00055038,3.3871e-09
57.32,24.56,0.99994,9.624e-05,1.5505e-13
-69.02,27.07,0.82954,0.18156,0.000444
-41.25,27.07,1,0,0
-37.87,27.07,0.41511,0.55016,6.7476e-10
-34.64,27.07,0.17997,0.82427,1.026e-08
-31.53,27.07,0.082583,0.94346,6.3277e-12
-28.52,27.07,0.096194,0.94864,7.3845e-14
-25.59,27.07,0.068492,0.97031,1.7352e-11
-22.74,27.07,0.068448,0.97425,3.7265e-10
-19.94,27.07,0.14298,0.94183,4.0155e-08
-17.19,27.07,0.1133,0.95644,9.5662e-07
-14.48,27.07,0.13858,0.93471,9.6953e-06
-11.81,27.07,0.23252,0.87014,3.8777e-05
-9.16,27.07,0.33287,0.78375,0.00025235
-6.53,27.07,0.51718,0.60864,5.3699e-06
-3.91,27.07,0.70334,0.37167,6.7727e-10
-1.3,27.07,0.8174,0.1919,2.6177e-10
1.3,27.07,0.81539,0.1585,1.1833e-18
3.91,27.07,0.74097,0.2473,2.3505e-16
6.53,27.07,0.49676,0.67787,7.2317e-15
9.16,27.07,0,1,0
11.81,27.07,0,1,0
14.48,27.07,0,1,0
22.74,27.07,1,1,0
25.59,27.07,1,0,0
37.87,27.07,1,0,0
41.25,27.07,1,0,0
44.82,27.07,1,0,0
48.63,27.07,1,0,0
52.75,27.07,0.99956,0.00079859,1.3444e-08
57.32,27.07,0.99985,0.00020976,1.123e-11
62.55,27.07,0.99992,6.6628e-05,1.8425e-17
-69.02,29.58,0.83927,0.17233,0.0003478
-34.64,29.58,0.27537,0.73257,7.8089e-11
-31.53,29.58,0.19084,0.84858,3.9469e-12
-28.52,29.58,0.2048,0.86813,4.9671e-14
-25.59,29.58,0.13563,0.93048,7.7561e-14
-22.74,29.58,0.12886,0.94322,2.2367e-13
-19.94,29.58,0.10294,0.96034,2.9085e-10
-17.19,29.58,0.12056,0.95099,4.7897e-08
-14.48,29.58,0.16967,0.91792,3.3088e-07
-11.81,29.58,0.31655,0.81397,5.7965e-08
-9.16,29.58,0.44513,0.69017,2.2136e-06
-6.53,29.58,0.60116,0.51955,7.9054e-07
-3.91,29.58,0.80903,0.24066,1.5955e-11
-1.3,29.58,1,0,0
1.3,29.58,0.89113,0.087864,4.4064e-17
3.91,29.58,0.85012,0.13116,2.6638e-15
19.94,29.58,0,1,0
22.74,29.58,1,0,0
28.52,29.58,1,0,0
31.53,29.58,1,0,0
37.87,29.58,1,0,0
41.25,29.58,1,0,0
48.63,29.58,0.99813,0.00079628,1.8237e-07
52.75,29.58,0.99931,0.0012252,3.7579e-08
57.32,29.58,0.99962,0.00054414,3.136e-10
62.55,29.58,0.99987,9.4214e-05,9.9707e-17
-69.02,32.09,0.84358,0.16957,0.00026309
-34.64,32.09,0.48073,0.50421,1.6205e-09
-31.53,32.09,0.36717,0.6562,2.1415e-09
-28.52,32.09,0.35125,0.71649,6.341e-10
-25.59,32.09,0.35226,0.74632,5.3808e-10
-22.74,32.09,0.34274,0.77767,1.8655e-10
-19.94,32.09,0.18835,0.91041,5.9929e-12
-17.19,32.09,0.17089,0.92277,2.6211e-09
-14.48,32.09,0.23796,0.87737,1.3148e-09
-11.81,32.09,0.4331,0.71561,1.0143e-10
-9.16,32.09,0.57426,0.55845,1.0156e-09
-6.53,32.09,0.65218,0.45814,1.4306e-06
-3.91,32.09,0.85522,0.18404,2.2198e-11
-1.3,32.09,1,0,0
1.3,32.09,0.93728,0.048558,1.7817e-16
9.16,32.09,1,1,0
19.94,32.09,1,0,0
25.59,32.09,1,0,0
28.52,32.09,1,0,0
31.53,32.09,1,0,0
52.75,32.09,0.99934,0.001023,6.167e-09
57.32,32.09,0.99913,0.0013672,4.1757e-09
62.55,32.09,0.99985,9.2691e-05,2.3097e-17
-69.02,34.6,0.84168,0.17454,0.00018312
-22.74,34.6,0.26336,0.81627,1.3201e-07
-19.94,34.6,0.26619,0.84551,1.1796e-10
-17.19,34.6,0.17043,0.91576,6.621e-11
-14.48,34.6,0.41014,0.74048,2.2781e-12
-11.81,34.6,0.70829,0.41646,2.9536e-12
-9.16,34.6,0.69215,0.40866,7.2439e-12
-6.53,34.6,0.72395,0.36374,1.2052e-06
-3.91,34.6,0.87316,0.16426,1.115e-10
-1.3,34.6,0.9451,0.058985,9.7033e-15
1.3,34.6,0.94443,0.046716,3.9513e-17
3.91,34.6,1,0,0
6.53,34.6,1,0,0
22.74,34.6,1,0,0
28.52,34.6,1,1,0
34.64,34.6,1,0,0
52.75,34.6,0.99927,0.0010999,1.3958e-09
57.32,34.6,0.99875,0.0018783,3.6531e-09
62.55,34.6,0.99983,8.3562e-05,2.2963e-18
-69.02,37.11,0.84668,0.17083,0.00013643
-19.94,37.11,0.29705,0.79727,1.7405e-07
-17.19,37.11,0.2125,0.87603,1.6228e-10
-14.48,37.11,0.52942,0.58652,3.4531e-11
-11.81,37.11,0.79238,0.27823,1.7548e-12
-9.16,37.11,0.80465,0.25235,8.0319e-13
-6.53,37.11,0.79872,0.25434,7.932e-07
-3.91,37.11,0.85598,0.19484,1.0056e-08
-1.3,37.11,0.9181,0.1005,8.4454e-15
1.3,37.11,0.91489,0.093053,8.5065e-19
3.91,37.11,1,0,0
6.53,37.11,0,1,0
17.19,37.11,1,0,0
34.64,37.11,1,0,0
37.87,37.11,1,0,0
48.63,37.11,0.99878,0.00060998,1.7203e-15
52.75,37.11,0.99907,0.0014476,4.8622e-10
57.32,37.11,0.99853,0.0020659,8.9403e-10
62.55,37.11,0.99977,9.9961e-05,3.1287e-18
-69.02,39.62,0.857,0.16015,0.00011
-41.25,39.62,1,0,0
-17.19,39.62,0.24854,0.81897,1.5607e-06
-11.81,39.62,0.76008,0.28889,2.0739e-10
-9.16,39.62,0.87993,0.1431,3.6375e-12
-6.53,39.62,1,0,0
-3.91,39.62,0.95975,0.046948,3.3416e-15
-1.3,39.62,0.91072,0.12191,3.2552e-14
1.3,39.62,0.85325,0.21577,2.7791e-17
3.91,39.62,0.72891,0.4142,3.6442e-15
6.53,39.62,0.64335,0.74355,3.7405e-10
9.16,39.62,1,1,0
11.81,39.62,0,1,0
17.19,39.62,1,0,0
34.64,39.62,1,0,0
48.63,39.62,0.99825,0.0015035,9.1674e-15
52.75,39.62,0.99931,0.00094026,2.9015e-12
57.32,39.62,0.99867,0.0016673,3.8994e-11
62.55,39.62,0.99967,0.00012531,1.4577e-17
-69.02,42.13,0.86236,0.1557,8.1297e-05
-41.25,42.13,0.87647,0.11736,8.1293e-06
-37.87,42.13,1,0,0
-11.81,42.13,0.81369,0.20032,1.2257e-07
-9.16,42.13,0.94081,0.058682,3.0975e-08
-6.53,42.13,0.97252,0.023519,1.4648e-09
-3.91,42.13,0.98173,0.015728,5.6718e-19
-1.3,42.13,0.95399,0.059995,1.011e-20
1.3,42.13,0.82334,0.30283,8.5324e-19
3.91,42.13,0.70915,0.58321,1.1933e-15
6.53,42.13,0.57848,0.84959,2.5667e-13
41.25,42.13,1,0,0
52.75,42.13,0.99956,0.00043786,6.2229e-15
57.32,42.13,0.99896,0.0010851,2.5261e-12
62.55,42.13,0.99952,0.00017272,2.0755e-16
-69.02,44.64,0.8621,0.15857,5.3573e-05
-48.63,44.64,0.73137,0.27994,1.6143e-07
-44.82,44.64,0.50374,0.52099,4.3172e-05
-37.87,44.64,0.91269,0.079204,6.0292e-06
-17.19,44.64,0,1,0
-6.53,44.64,0.97139,0.02323,1.7991e-08
-3.91,44.64,0.98117,0.014781,4.1652e-12
-1.3,44.64,0.94529,0.066008,1.9328e-15
1.3,44.64,0.84707,0.31674,3.6737e-17
17.19,44.64,0,1,0
19.94,44.64,1,0,0
34.64,44.64,1,0,0
41.25,44.64,1,0,0
48.63,44.64,1,0,0
52.75,44.64,0.9997,0.00022756,1.0283e-16
57.32,44.64,0.99901,0.00088927,9.4158e-13
62.55,44.64,0.9993,0.00026279,3.9471e-15
-69.02,47.15,0.85708,0.16795,3.4364e-05
-62.55,47.15,0.96625,0.040638,1.618e-05
-44.82,47.15,0,1,0
-41.25,47.15,0.81777,0.19146,2.4794e-06
-37.87,47.15,0.93411,0.056313,6.1664e-06
-34.64,47.15,0.89896,0.087896,7.9126e-07
-17.19,47.15,0,1,0
-1.3,47.15,1,0,0
57.32,47.15,0.99886,0.00096543,7.3349e-13
62.55,47.15,0.99889,0.00047836,1.3329e-13
69.02,47.15,0.99954,9.26e-05,2.8401e-16
-69.02,49.66,0.84855,0.18252,2.712e-05
-41.25,49.66,0.83358,0.17603,1.1269e-06
-37.87,49.66,0.90215,0.10238,4.2452e-08
-34.64,49.66,0.93664,0.054062,5.3214e-07
3.91,49.66,0,1,0
44.82,49.66,0.99841,0.0027169,8.9941e-25
57.32,49.66,0.99867,0.0011003,6.338e-13
62.55,49.66,0.99782,0.0012689,2.6471e-11
69.02,49.66,0.99948,9.9772e-05,7.3371e-17
-69.02,52.17,0.86874,0.15737,2.194e-05
-41.25,52.17,0.88468,0.11735,7.6729e-07
-37.87,52.17,0.90317,0.10593,9.8365e-09
-34.64,52.17,0.9489,0.045083,2.9975e-07
-31.53,52.17,0.92127,0.074636,8.0672e-08
-9.16,52.17,1,0,0
-1.3,52.17,1,0,0
1.3,52.17,0,1,0
3.91,52.17,1,1,0
52.75,52.17,0.9997,0.00023214,9.8123e-21
57.32,52.17,0.99822,0.001523,1.166e-12
62.55,52.17,0.99616,0.0027367,1.0143e-09
-69.02,54.68,0.89153,0.1287,2.034e-05
-41.25,54.68,0.90778,0.090956,5.0799e-06
-37.87,54.68,0.92658,0.078983,1.4398e-08
-31.53,54.68,0.90891,0.096635,2.3613e-09
-28.52,54.68,0.89944,0.10727,1.1627e-06
52.75,54.68,0.99972,0.0001904,2.2467e-23
57.32,54.68,0.99818,0.0014448,3.5528e-13
62.55,54.68,1,0,0
-69.02,57.19,0.91329,0.10179,2.3349e-05
-41.25,57.19,0.9249,0.076814,8.4156e-07
-37.87,57.19,0.92202,0.08824,5.8552e-09
-34.64,57.19,0.95705,0.042494,2.2431e-08
-31.53,57.19,0.8887,0.12992,1.2737e-09
-28.52,57.19,0.91983,0.087735,8.9433e-07
-25.59,57.19,1,0,0
52.75,57.19,0.99964,0.00023303,5.7113e-24
57.32,57.19,0.99885,0.00066783,2.8752e-15
62.55,57.19,0.99553,0.0029039,3.7137e-10
-69.02,59.7,0.93252,0.078616,3.1307e-05
-41.25,59.7,0.93898,0.062831,4.2423e-06
-37.87,59.7,0.90319,0.11607,2.3402e-08
-34.64,59.7,0.92354,0.090731,5.5227e-10
-31.53,59.7,0.93176,0.078724,8.5276e-10
-28.52,59.7,0.93389,0.074204,4.3956e-07
-25.59,59.7,0.91082,0.096789,8.735e-05
52.75,59.7,0.9994,0.00038555,1.9014e-20
57.32,59.7,0.99925,0.00030494,7.7224e-18
62.55,59.7,0.99782,0.00085685,1.0208e-13
-69.02,62.21,0.94588,0.062953,3.8677e-05
-41.25,62.21,0.94741,0.054735,0.00015913
-37.87,62.21,0.93032,0.081534,2.7302e-08
-34.64,62.21,0.96647,0.035571,5.3496e-09
-31.53,62.21,0.97257,0.027654,4.1015e-08
52.75,62.21,0.99923,0.00044192,1.5779e-17
57.32,62.21,0.99942,0.00017987,2.3633e-20
-69.02,64.72,0.95343,0.054308,3.8858e-05
-41.25,64.72,1,0,0
-37.87,64.72,0.95906,0.044523,3.1317e-08
-34.64,64.72,0.98215,0.017497,7.5622e-07
48.63,64.72,0.99796,0.0017456,4.1848e-14
52.75,64.72,0.99933,0.00029452,2.0395e-17
57.32,64.72,0.99935,0.00020339,3.2097e-22
-69.02,67.23,0.9558,0.05186,2.9748e-05
-41.25,67.23,0.96866,0.028938,0.00038224
-37.87,67.23,0.97351,0.02717,1.1408e-07
44.82,67.23,0.98806,0.014283,8.4402e-23
48.63,67.23,0.99423,0.0056506,1.1037e-08
52.75,67.23,0.99935,0.00024137,2.535e-18
-69.02,69.74,0.95408,0.054463,1.7933e-05
-41.25,69.74,1,0,0
-37.87,69.74,0.98665,0.012509,1.5182e-06
31.53,69.74,0.55074,0.69002,1.4579e-34
44.82,69.74,0.97989,0.022321,3.4278e-21
48.63,69.74,1,0,0
52.75,69.74,0.99906,0.00036199,1.5544e-18
-69.02,72.25,0.95277,0.056634,1.1886e-05
-41.25,72.25,0.97726,0.022521,5.143e-05
44.82,72.25,0.95739,0.045917,1.6454e-17
48.63,72.25,1,0,0
52.75,72.25,0.99889,0.00043675,9.6891e-20
-69.02,74.76,0.95315,0.056646,9.4618e-06
-41.25,74.76,0.97783,0.023656,9.0224e-05
41.25,74.76,0.64557,0.42471,1.978e-32
44.82,74.76,1,0,0
48.63,74.76,0.97462,0.030268,1.118e-06
52.75,74.76,0.99868,0.00060179,1.8021e-21
-69.02,77.27,0.95771,0.051125,9.2508e-06
41.25,77.27,0.40283,0.65352,1.8101e-27
44.82,77.27,0.89171,0.1275,2.1832e-17
48.63,77.27,0.96415,0.045257,3.3329e-08
52.75,77.27,0.99846,0.00089479,2.2254e-23
-69.02,79.78,0.95862,0.050321,8.4936e-06
34.64,79.78,0.17361,0.90162,6.997e-31
37.87,79.78,0,1,0
41.25,79.78,0.33654,0.73708,9.028e-32
44.82,79.78,0.83198,0.22681,3.9004e-19
48.63,79.78,1,0,0
52.75,79.78,0.9963,0.002793,1.9282e-20
-69.02,82.29,0.9582,0.051255,8.3864e-06
34.64,82.29,0.30907,0.77596,7.7217e-34
37.87,82.29,0,1,0
44.82,82.29,0.71785,0.40273,2.5766e-19
48.63,82.29,0.93404,0.1103,1.757e-11
52.75,82.29,0.9934,0.0069846,3.5412e-19
69.02,82.29,0.99682,0.0022066,1.9667e-14
-69.02,84.8,0.96914,0.036977,1.0288e-05
34.64,84.8,0.44435,0.67674,2.658e-28
37.87,84.8,0,1,0
41.25,84.8,0,1,0
44.82,84.8,0.72032,0.45364,6.1625e-23
48.63,84.8,0.91491,0.17245,7.4615e-13
52.75,84.8,0.98913,0.015977,1.8812e-18
57.32,84.8,1,0,0
62.55,84.8,0.99917,0.00022598,2.5156e-22
69.02,84.8,1,0,0
-69.02,87.31,0.97995,0.023233,2.1275e-05
31.53,87.31,0.072995,0.97358,1.6468e-33
34.64,87.31,0.37995,0.72449,3.8675e-31
37.87,87.31,0,1,0
41.25,87.31,0.14522,0.9204,3.8872e-28
44.82,87.31,0.60277,0.63452,7.0001e-22
48.63,87.31,0.87391,0.28735,3.8951e-13
52.75,87.31,0.9815,0.037357,2.4982e-17
57.32,87.31,0.98811,0.013984,4.848e-19
62.55,87.31,0.99874,0.00048525,7.1593e-21
69.02,87.31,0.99563,0.0035449,9.0675e-15
-69.02,89.82,0.98723,0.014377,5.0884e-05
31.53,89.82,0.38151,0.73501,9.7124e-28
34.64,89.82,0.22092,0.83631,5.3749e-34
37.87,89.82,0,1,0
41.25,89.82,0.040275,0.98943,1.8711e-24
44.82,89.82,0.38562,0.84043,5.4596e-18
48.63,89.82,0.86673,0.35859,4.3718e-15
52.75,89.82,0.98778,0.039058,6.3927e-22
57.32,89.82,0.98922,0.014859,1.5883e-18
62.55,89.82,0.99802,0.0010456,1.9334e-19
69.02,89.82,0.99714,0.0024979,2.0769e-15
-69.02,92.33,0.99178,0.0090405,0.00011508
31.53,92.33,0.3402,0.76598,1.247e-29
34.64,92.33,0.014238,0.99581,2.3991e-35
37.87,92.33,0,1,0
41.25,92.33,0.018128,0.99711,7.7668e-19
44.82,92.33,0.29872,0.90993,9.0661e-17
48.63,92.33,0.79235,0.53621,6.4038e-14
52.75,92.33,0.98889,0.052911,1.9477e-24
57.32,92.33,0.98853,0.019514,1.5205e-17
62.55,92.33,0.99677,0.0022694,5.5194e-18
69.02,92.33,0.99775,0.0020986,3.0432e-15
31.53,94.84,0.35577,0.75286,1.3421e-26
34.64,94.84,0.054508,0.97248,1.5869e-33
37.87,94.84,0.0045633,0.9992,9.8841e-20
41.25,94.84,0.01263,0.99851,6.6028e-16
44.82,94.84,0.37297,0.89667,3.2345e-19
48.63,94.84,0.65478,0.72669,1.6507e-11
52.75,94.84,0.99042,0.068388,6.3407e-26
57.32,94.84,0.98645,0.029271,8.5413e-16
62.55,94.84,0.99441,0.0052468,1.2182e-13
69.02,94.84,0.99795,0.0019926,7.2051e-15
-62.55,97.35,0.99264,0.0063049,0.00025225
22.74,97.35,0.06231,0.9749,6.9505e-28
31.53,97.35,0.29268,0.79744,1.589e-29
34.64,97.35,0.037112,0.985,6.9998e-33
37.87,97.35,0.010502,0.99813,1.8076e-25
41.25,97.35,0.024096,0.99679,9.7344e-18
44.82,97.35,0.24007,0.95441,1.7085e-15
48.63,97.35,0.64456,0.77722,5.1626e-11
52.75,97.35,0.98776,0.099018,1.4769e-23
57.32,97.35,0.98295,0.046871,2.0321e-13
62.55,97.35,0.98939,0.013005,3.7505e-09
69.02,97.35,0.99791,0.0020738,2.1156e-14
-62.55,99.86,0.9926,0.0070044,7.9901e-05
31.53,99.86,0.30607,0.78688,1.2169e-26
34.64,99.86,0.0080205,0.99851,7.9659e-33
37.87,99.86,0.0039332,0.99967,1.7742e-23
41.25,99.86,0.011185,0.99913,3.0037e-13
44.82,99.86,0.10502,0.98641,2.8191e-09
48.63,99.86,0.60562,0.83176,3.5055e-09
52.75,99.86,0.98414,0.14465,6.5373e-20
57.32,99.86,0.99102,0.035159,6.9443e-15
62.55,99.86,1,0,0
69.02,99.86,0.99767,0.0023248,7.0641e-14
-62.55,102.37,0.98888,0.01141,7.3974e-05
-57.32,102.37,0.99696,0.0030922,7.6361e-06
19.94,102.37,0.11401,0.93874,5.9466e-24
31.53,102.37,0.28946,0.79747,3.0936e-22
34.64,102.37,0.092442,0.95015,1.4396e-30
37.87,102.37,0.088652,0.96269,8.3055e-23
41.25,102.37,0.010017,0.99941,4.451e-12
44.82,102.37,0.082683,0.99159,9.5735e-07
48.63,102.37,0.44125,0.90848,3.2426e-06
52.75,102.37,0.94943,0.34461,2.4234e-11
57.32,102.37,0.98907,0.052514,1.1881e-12
62.55,102.37,0.98165,0.030941,4.6269e-07
69.02,102.37,0.99721,0.002787,3.1037e-13
-69.02,104.88,0.99636,0.0042457,0.00014216
-62.55,104.88,0.98218,0.019853,9.8039e-05
-57.32,104.88,0.99643,0.0038712,7.1808e-06
28.52,104.88,0.24253,0.82943,3.9461e-12
31.53,104.88,0.27625,0.80645,4.992e-18
34.64,104.88,0.18686,0.88028,5.204e-28
37.87,104.88,0.088201,0.96616,3.1828e-22
41.25,104.88,0.016617,0.99895,6.1088e-14
44.82,104.88,0.10071,0.991,3.9659e-06
48.63,104.88,0.38238,0.93656,6.3854e-05
52.75,104.88,0.89732,0.52485,1.2467e-07
57.32,104.88,0.98565,0.078985,2.434e-10
62.55,104.88,0.98369,0.031999,3.9165e-08
69.02,104.88,0.99644,0.0035669,9.2403e-12
-69.02,107.39,0.99751,0.0033806,0.00014955
-62.55,107.39,0.97794,0.024598,0.00024243
-57.32,107.39,0.99446,0.0072909,4.849e-06
-52.75,107.39,0.99784,0.0027359,1.3851e-07
25.59,107.39,0.14328,0.90506,1.2021e-13
28.52,107.39,0.042583,0.98118,4.2256e-26
31.53,107.39,0.08691,0.95024,2.4287e-30
34.64,107.39,0.18955,0.8795,1.3907e-25
37.87,107.39,0.078349,0.97299,1.6022e-20
41.25,107.39,0.044489,0.99527,1.3146e-14
44.82,107.39,0.072884,0.99534,4.5766e-05
48.63,107.39,0.33426,0.95583,0.00045871
52.75,107.39,0.83314,0.65928,1.9548e-05
57.32,107.39,0.97815,0.12162,6.1376e-08
62.55,107.39,0.98302,0.036804,2.0842e-07
69.02,107.39,0.99523,0.0048617,8.1851e-10
-69.02,109.9,0.99779,0.0036642,0.00014665
-62.55,109.9,1,0,0
-57.32,109.9,0.99084,0.014586,3.4701e-06
-52.75,109.9,0.99612,0.0062753,7.0129e-08
25.59,109.9,0.13,0.91319,8.552e-13
28.52,109.9,0.02558,0.98952,1.7896e-26
31.53,109.9,0.017457,0.99371,2.5506e-18
34.64,109.9,0.1288,0.92668,1.991e-23
37.87,109.9,0.037803,0.9918,1.609e-18
41.25,109.9,0.072986,0.98823,6.0749e-12
44.82,109.9,0.067459,0.99649,0.00015524
48.63,109.9,0.29711,0.9687,0.0014793
52.75,109.9,0.72799,0.76458,0.00051104
57.32,109.9,0.94531,0.22984,3.0077e-05
62.55,109.9,0.98026,0.04528,3.2673e-06
69.02,109.9,0.99331,0.0070127,4.3579e-08
-69.02,112.41,0.99831,0.0032897,0.00054635
-62.55,112.41,1,0,0
-57.32,112.41,0.98731,0.02209,2.8906e-06
-52.75,112.41,0.99532,0.0082832,6.4857e-08
22.74,112.41,0.41143,0.69575,3.0848e-05
25.59,112.41,0.17689,0.87783,4.2635e-13
28.52,112.41,0.01436,0.99373,2.6574e-18
31.53,112.41,0.038772,0.98012,1.5394e-12
34.64,112.41,0.090996,0.95529,1.7291e-20
37.87,112.41,0.022727,0.99645,8.3455e-16
41.25,112.41,0.069021,0.98765,1.9791e-09
44.82,112.41,0.05916,0.99737,0.0005438
48.63,112.41,0.27057,0.97699,0.0033773
52.75,112.41,0.65862,0.8135,0.0017439
57.32,112.41,0.90632,0.32728,0.00044897
62.55,112.41,0.97508,0.058278,2.8947e-05
69.02,112.41,0.99022,0.01064,1.1877e-06
-62.55,114.92,0.99536,0.0037559,0.0014119
-57.32,114.92,0.99088,0.015526,4.3108e-06
-52.75,114.92,0.99493,0.0094754,6.5562e-08
17.19,114.92,0.32306,0.78785,1.6045e-18
19.94,114.92,0.33586,0.77746,1.8469e-11
22.74,114.92,0,1,0
25.59,114.92,0,1,0
28.52,114.92,0.02489,0.99115,5.403e-14
31.53,114.92,0,1,0
34.64,114.92,0,1,0
37.87,114.92,0.061735,0.97728,3.1436e-12
41.25,114.92,0,1,0
44.82,114.92,0.053651,0.9978,0.0012751
48.63,114.92,0.26901,0.98177,0.0056394
52.75,114.92,0.58167,0.84942,0.0033897
57.32,114.92,0.8597,0.40697,0.0019541
62.55,114.92,0.98214,0.042617,2.354e-05
69.02,114.92,0.98777,0.012845,4.9705e-06
-62.55,117.43,1,0,0
-57.32,117.43,0.99236,0.01319,4.8524e-06
-52.75,117.43,0.99278,0.015001,4.0111e-08
-48.63,117.43,0.99861,0.0019128,1.132e-08
11.81,117.43,0.84897,0.30929,9.7679e-14
14.48,117.43,0.55575,0.60978,1.5135e-19
17.19,117.43,0.30404,0.82486,4.4657e-19
19.94,117.43,0.10163,0.9482,1.4964e-11
22.74,117.43,0,1,0
25.59,117.43,0.012166,0.99576,1.5631e-06
28.52,117.43,0,1,0
31.53,117.43,0.016604,0.99487,2.5323e-10
34.64,117.43,0,1,0
37.87,117.43,0.007115,0.99937,1.221e-08
41.25,117.43,0.016628,0.99797,6.1656e-06
44.82,117.43,0.077955,0.99708,0.00014947
48.63,117.43,0.43697,0.9776,0.0019828
52.75,117.43,0.60631,0.84493,0.0025576
57.32,117.43,0.88609,0.34574,0.0013392
62.55,117.43,0.98874,0.029747,5.0844e-06
69.02,117.43,0.98423,0.016141,1.5251e-05
-69.02,119.94,1,0,0
-57.32,119.94,0.99251,0.013501,3.9914e-06
-52.75,119.94,0.98988,0.022652,2.2687e-08
-48.63,119.94,0.99737,0.0044878,3.7458e-09
-44.82,119.94,0.99912,0.0011661,4.2355e-09
14.48,119.94,0.55615,0.61205,4.438e-20
17.19,119.94,0.34132,0.79403,2.4757e-20
19.94,119.94,0.12866,0.93527,9.6021e-13
22.74,119.94,0.05758,0.97149,3.9841e-11
25.59,119.94,0.025341,0.99065,4.1286e-12
28.52,119.94,0.11382,0.96797,5.7137e-19
31.53,119.94,0.18708,0.92231,1.5275e-23
34.64,119.94,0.0028292,0.99958,2.1981e-08
37.87,119.94,0.0025201,0.99984,6.5518e-09
41.25,119.94,0.094878,0.97525,1.118e-09
44.82,119.94,0.47386,0.89269,3.8126e-10
48.63,119.94,1,1,0
52.75,119.94,0.66758,0.82024,0.00095356
57.32,119.94,0.93603,0.21272,0.00021994
62.55,119.94,0.99606,0.011774,3.9468e-09
69.02,119.94,0.97873,0.021528,3.7928e-05
-57.32,122.45,0.99259,0.013967,2.8162e-06
-52.75,122.45,0.98421,0.037412,1.0444e-08
-48.63,122.45,0.99514,0.010169,1.2334e-09
-44.82,122.45,0.99882,0.0015907,9.2617e-10
9.16,122.45,0.80489,0.34433,1.8267e-22
11.81,122.45,0.69024,0.49137,1.0381e-23
17.19,122.45,0.35078,0.77444,1.4197e-18
19.94,122.45,0.54401,0.64866,1.1771e-07
22.74,122.45,0.13367,0.93161,5.0897e-13
25.59,122.45,0.059437,0.97849,5.5263e-17
28.52,122.45,0.022567,0.99687,4.5237e-17
31.53,122.45,0.0065377,0.99962,5.1525e-15
34.64,122.45,0.013352,0.99748,1.0442e-12
37.87,122.45,0.0046125,0.99937,1.2094e-11
41.25,122.45,0.15987,0.9475,8.4096e-12
44.82,122.45,0.47864,0.8921,6.9872e-13
48.63,122.45,0.55715,0.96805,6.8552e-05
52.75,122.45,0.71373,0.78855,0.00012439
57.32,122.45,0.92633,0.18491,0.00015968
62.55,122.45,0.99222,0.0116,2.339e-07
69.02,122.45,1,0,0
-69.02,124.96,1,0,0
-62.55,124.96,1,0,0
-57.32,124.96,0.99224,0.015324,1.5943e-06
-52.75,124.96,0.97457,0.061185,8.1808e-09
-48.63,124.96,0.99602,0.0078638,2.0685e-09
-44.82,124.96,0.99896,0.0013869,1.6771e-09
-1.3,124.96,0.94648,0.098186,8.2895e-16
1.3,124.96,0.9521,0.091215,3.3234e-16
6.53,124.96,0.88494,0.2218,1.928e-20
9.16,124.96,0.8034,0.35187,1.1485e-21
25.59,124.96,0.091804,0.97232,1.0965e-15
28.52,124.96,0.034876,0.99691,4.3534e-18
31.53,124.96,0.025525,0.99905,2.5879e-18
34.64,124.96,0,1,0
37.87,124.96,0,1,0
41.25,124.96,0.01874,0.9979,5.2323e-14
44.82,124.96,0.41014,0.91783,1.4712e-16
48.63,124.96,0.65765,0.93598,1.702e-08
52.75,124.96,0.74366,0.75039,2.6567e-06
57.32,124.96,1,0,0
62.55,124.96,0.98953,0.013755,7.0903e-08
69.02,124.96,0.97775,0.021978,1.7981e-05
-69.02,127.47,1,0,0
-62.55,127.47,0.99722,0.0051606,3.8941e-05
-57.32,127.47,0.99073,0.019389,6.3914e-07
-52.75,127.47,0.97607,0.058864,5.9137e-09
-48.63,127.47,0.99627,0.0071964,2.5434e-09
-44.82,127.47,0.99909,0.0012335,4.792e-09
3.91,127.47,0.93863,0.12469,7.7028e-19
25.59,127.47,0.51332,0.78662,4.4537e-07
28.52,127.47,0.1728,0.98383,5.3528e-19
31.53,127.47,0,1,0
34.64,127.47,0,1,0
37.87,127.47,0,1,0
41.25,127.47,0.01553,0.99769,1.6591e-15
44.82,127.47,0.10524,0.99313,2.2881e-16
48.63,127.47,0.76978,0.84323,1.0152e-14
52.75,127.47,0.88423,0.5741,1.6596e-11
57.32,127.47,0.95464,0.079594,5.9613e-08
62.55,127.47,0.99212,0.0092525,5.4494e-10
69.02,127.47,0.98574,0.012726,4.2534e-07
-62.55,129.98,0.99784,0.0038344,4.8978e-06
-57.32,129.98,0.9907,0.020224,2.9527e-07
-52.75,129.98,0.97395,0.064889,5.5067e-09
-48.63,129.98,0.99499,0.010511,1.3315e-09
-44.82,129.98,0.99846,0.0021499,9.4113e-10
1.3,129.98,0.96955,0.059815,4.1409e-14
3.91,129.98,0.96867,0.067971,3.6646e-14
28.52,129.98,0.72579,0.73819,3.0155e-05
31.53,129.98,1,1,0
34.64,129.98,0,1,0
37.87,129.98,0.034134,0.99049,4.4116e-22
41.25,129.98,0.029292,0.99218,1.2146e-17
44.82,129.98,0.089684,0.99185,4.9386e-19
48.63,129.98,0.60981,0.90562,3.5945e-17
52.75,129.98,0.91297,0.45463,4.2867e-16
57.32,129.98,0.98199,0.028637,8.1683e-14
62.55,129.98,0.99466,0.0055916,4.9374e-13
69.02,129.98,0.99023,0.0081838,5.04e-09
-69.02,132.49,1,0,0
-62.55,132.49,0.99811,0.0034094,2.4671e-06
-57.32,132.49,0.99515,0.0099731,3.9996e-07
-52.75,132.49,0.98138,0.047338,3.7738e-09
-48.63,132.49,0.99167,0.019828,3.9859e-10
-44.82,132.49,0.99702,0.0049784,2.0067e-10
-9.16,132.49,0.98343,0.031532,4.0648e-15
31.53,132.49,0.6424,0.88697,2.8639e-07
34.64,132.49,0,1,0
37.87,132.49,0,1,0
41.25,132.49,0,1,0
44.82,132.49,0.20912,0.96223,2.0033e-24
48.63,132.49,0.69422,0.8176,2.9709e-21
52.75,132.49,0.75203,0.60464,6.4731e-17
57.32,132.49,1,0,0
62.55,132.49,0.99738,0.0022268,2.6549e-16
69.02,132.49,0.99285,0.0057943,6.5558e-11
-62.55,135,0.99789,0.0041996,4.0523e-06
-57.32,135,0.99727,0.0050654,5.6394e-07
-52.75,135,0.98582,0.03575,4.038e-09
-48.63,135,0.9928,0.016387,4.8591e-10
-44.82,135,0.99582,0.0077428,8.6054e-11
-41.25,135,0.99867,0.0017301,2.3637e-10
-9.16,135,0.98401,0.030098,4.7759e-15
34.64,135,0.24955,0.91521,0.00011019
37.87,135,0.072841,0.97039,1.7419e-13
41.25,135,0.05679,0.97335,7.1899e-23
44.82,135,0.21009,0.95015,1.3435e-26
48.63,135,0.47557,0.88345,5.1871e-23
52.75,135,0.7196,0.55682,1.1732e-18
57.32,135,0.96651,0.050438,1.1802e-15
62.55,135,0.99933,0.0005296,8.864e-21
69.02,135,0.99437,0.0045421,3.3044e-12
-69.02,137.51,1,0,0
-62.55,137.51,0.99782,0.0045995,6.28e-06
-57.32,137.51,0.99816,0.0030958,8.2027e-07
-52.75,137.51,0.98836,0.028618,4.7076e-09
-48.63,137.51,0.99627,0.0067831,2.2387e-09
-44.82,137.51,0.99701,0.0047966,2.1184e-10
-41.25,137.51,0.99802,0.0026713,8.1185e-11
1.3,137.51,1,0,0
37.87,137.51,0.097091,0.95387,1.2299e-12
41.25,137.51,0.088251,0.95814,6.1479e-28
44.82,137.51,0.15295,0.94852,7.4445e-27
48.63,137.51,0.58674,0.76832,3.4455e-26
52.75,137.51,0.65391,0.52499,6.8197e-20
57.32,137.51,0.98604,0.022927,5.8049e-18
62.55,137.51,0.99954,0.00036337,4.0072e-22
69.02,137.51,0.99519,0.0039914,3.5644e-13
-69.02,140.02,0.99645,0.0036049,0.00056585
-62.55,140.02,0.99822,0.0036863,6.8347e-06
-57.32,140.02,0.99825,0.0028978,9.9977e-07
-52.75,140.02,0.99237,0.017193,9.8035e-09
-48.63,140.02,0.99794,0.0030883,9.5974e-09
-44.82,140.02,0.99855,0.001989,1.568e-09
-41.25,140.02,0.99857,0.0018686,3.4946e-10
41.25,140.02,0.26209,0.86429,1.6155e-25
44.82,140.02,0.31853,0.82715,5.8251e-20
48.63,140.02,0.8297,0.4355,1.1421e-32
52.75,140.02,0,1,0
57.32,140.02,1,0,0
62.55,140.02,0.99968,0.0002432,1.7833e-23
69.02,140.02,0.99564,0.0037972,4.4607e-14
-69.02,142.53,0.99603,0.0042887,0.00068927
-62.55,142.53,0.99826,0.0036245,1.1375e-05
-57.32,142.53,0.99809,0.0031321,3.898e-06
-52.75,142.53,0.99484,0.010245,2.5954e-08
-48.63,142.53,0.99844,0.0022643,2.1992e-08
41.25,142.53,0.55903,0.6387,2.3393e-18
44.82,142.53,0,1,0
48.63,142.53,0.84011,0.31822,1.2571e-33
52.75,142.53,1,0,0
57.32,142.53,0.99121,0.012303,1.0543e-18
62.55,142.53,0.99946,0.0004271,3.2283e-23
69.02,142.53,0.99572,0.0040086,7.3216e-15
-69.02,145.04,1,0,0
-62.55,145.04,0.99801,0.0041675,2.5801e-05
-57.32,145.04,0.99592,0.0071001,0.00012292
-52.75,145.04,0.99599,0.0071551,6.6799e-08
-48.63,145.04,0.99834,0.0024171,1.8996e-08
44.82,145.04,1,0,0
48.63,145.04,0.9201,0.14171,2.3272e-35
52.75,145.04,1,0,0
57.32,145.04,0.99639,0.0037606,6.8341e-22
62.55,145.04,0.99959,0.00032645,9.6401e-25
69.02,145.04,0.99687,0.0030807,2.5771e-16
-69.02,147.55,0.99561,0.0068622,0.0009739
-62.55,147.55,0.99719,0.0058732,7.6051e-05
-52.75,147.55,0.99599,0.0069595,9.6111e-08
-48.63,147.55,0.99771,0.0034102,5.8691e-09
-44.82,147.55,0.99863,0.0019241,2.3859e-09
37.87,147.55,0.47651,0.76102,6.43e-15
48.63,147.55,0.95785,0.070848,1.0339e-36
52.75,147.55,1,0,0
57.32,147.55,0.99745,0.0023423,2.9031e-23
62.55,147.55,0.99964,0.00027945,3.7859e-26
69.02,147.55,0.9969,0.0032965,2.7622e-17
-69.02,150.06,0.99508,0.0091153,0.0011829
-62.55,150.06,0.99527,0.0097158,0.00026349
-57.32,150.06,1,0,0
-52.75,150.06,0.9947,0.0098488,4.7522e-08
-48.63,150.06,0.99561,0.0075959,5.5129e-10
-44.82,150.06,0.99833,0.0023263,1.0925e-09
44.82,150.06,1,0,0
48.63,150.06,0.97675,0.034744,1.7552e-34
57.32,150.06,0.99925,0.00032713,7.3276e-21
69.02,150.06,0.99798,0.0023797,2.138e-19
-69.02,152.57,1,0,0
-62.55,152.57,1,0,0
-57.32,152.57,0.99412,0.010414,9.5873e-05
-52.75,152.57,0.99206,0.016589,1.4251e-08
-48.63,152.57,0.99312,0.013652,1.0116e-10
-44.82,152.57,0.99745,0.0036151,1.6944e-10
34.64,152.57,0.65304,0.69278,7.3172e-14
48.63,152.57,0.98592,0.020962,5.1722e-25
52.75,152.57,0.99533,0.0061747,1.3237e-21
69.02,152.57,0.99721,0.0035666,7.688e-20
-69.02,155.08,0.99301,0.012521,0.0010347
-62.55,155.08,0.99215,0.016897,0.00028012
-57.32,155.08,0.99436,0.010775,8.8632e-06
-52.75,155.08,0.98812,0.027545,4.0412e-09
-48.63,155.08,0.99239,0.015415,5.6371e-11
-44.82,155.08,0.99741,0.0036824,1.407e-10
-19.94,155.08,1,0,0
31.53,155.08,0.73209,0.65885,2.2254e-15
52.75,155.08,0.99162,0.013846,1.7622e-18
69.02,155.08,1,0,0
-69.02,157.59,0.9942,0.0098816,0.00069841
-62.55,157.59,0.9935,0.014281,0.00010814
-57.32,157.59,0.99326,0.014298,5.1269e-07
-52.75,157.59,0.99292,0.014378,9.8666e-09
-48.63,157.59,0.99578,0.0070156,3.3617e-10
-44.82,157.59,0.99738,0.0037183,1.2565e-10
48.63,157.59,1,0,0
52.75,157.59,1,0,0
69.02,157.59,1,0,0
-69.02,160.1,1,0,0
-62.55,160.1,0.99616,0.0069495,2.8844e-05
-57.32,160.1,0.99374,0.013531,1.7725e-07
-52.75,160.1,0.99594,0.0070762,4.2578e-08
-48.63,160.1,0.9976,0.0036119,4.0868e-09
-44.82,160.1,0.99808,0.002718,8.5323e-10
69.02,160.1,1,0,0
-69.02,162.61,1,0,0
-62.55,162.61,0.99741,0.0038338,1.9915e-05
-57.32,162.61,0.99627,0.007024,7.4048e-07
-52.75,162.61,0.99754,0.0039473,4.1274e-07
69.02,162.61,1,0,0
-69.02,165.12,0.99471,0.0079032,0.0014963
-62.55,165.12,0.99799,0.0024986,5.61e-05
-57.32,165.12,0.99754,0.0040116,3.8302e-06
69.02,165.12,0.99389,0.0050015,5.9314e-12
-69.02,167.63,0.99529,0.0077402,0.0028299
-62.55,167.63,0.99808,0.0022357,0.00018467
69.02,167.63,0.99693,0.0021677,4.2966e-12
69.02,170.14,0.99704,0.0024114,7.7104e-14
-69.02,172.65,0.99619,0.0055,0.00035384
69.02,172.65,0.99828,0.0013214,1.0094e-13
-69.02,175.16,0.99613,0.0056499,0.00019918
69.02,175.16,0.9973,0.0027604,2.1383e-19
-69.02,177.67,0.99597,0.0059835,0.00010896
69.02,177.67,0.99578,0.0055348,3.495e-22
