62.55,-178.75,-999,0.81728,0.47683,1.207
69.02,-178.75,-999,0.86553,0.50127,1.2846
62.55,-176.24,-999,0.87374,0.54347,1.2435
69.02,-176.24,-999,0.84039,0.50948,1.213
-69.02,-173.73,-999,1.4813,0.40881,3.1054
57.32,-173.73,-999,0.88248,0.57509,1.2205
62.55,-173.73,-999,0.84358,0.53897,1.1889
69.02,-173.73,-999,0.82614,0.51324,1.1865
-69.02,-171.22,-999,1.4423,0.43892,2.9226
-62.55,-171.22,-999,1.411,0.65622,2.4468
57.32,-171.22,-999,0.8445,0.56193,1.1484
62.55,-171.22,-999,0.82731,0.5355,1.1453
69.02,-171.22,-999,0.81726,0.52051,1.1512
-69.02,-168.71,-999,1.4372,0.47557,2.8181
-62.55,-168.71,-999,1.3035,0.61773,2.2472
57.32,-168.71,-999,0.82992,0.56453,1.1196
62.55,-168.71,-999,0.82474,0.55118,1.1252
69.02,-168.71,-999,0.82129,0.53573,1.1396
-69.02,-166.2,-999,1.3746,0.47412,2.6416
-62.55,-166.2,-999,1.3284,0.64696,2.2448
57.32,-166.2,-999,0.81178,0.56209,1.0853
62.55,-166.2,-999,0.83648,0.57079,1.1282
69.02,-166.2,-999,0.75058,0.48684,1.0369
-69.02,-163.69,-999,1.4698,0.5493,2.7454
57.32,-163.69,-999,0.85962,0.60091,1.147
62.55,-163.69,-999,0.85796,0.58806,1.1519
69.02,-163.69,-999,0.74921,0.49203,1.0309
57.32,-161.18,-999,0.85954,0.59233,1.1406
62.55,-161.18,-999,0.85075,0.58143,1.1393
69.02,-161.18,-999,0.75151,0.49343,1.0318
57.32,-158.67,-999,0.87083,0.60315,1.1558
62.55,-158.67,-999,0.78061,0.51976,1.066
69.02,-158.67,-999,0.75669,0.492,1.0459
57.32,-156.16,-999,0.80376,0.54456,1.0839
62.55,-156.16,-999,0.78228,0.51691,1.0739
69.02,-156.16,-999,0.8375,0.55493,1.1519
62.55,-153.65,-999,0.79178,0.52397,1.0916
69.02,-153.65,-999,0.85186,0.56119,1.1673
62.55,-151.14,-999,0.80144,0.53363,1.0981
69.02,-151.14,-999,0.86002,0.56676,1.1788
62.55,-148.63,-999,0.89498,0.61166,1.2002
69.02,-148.63,-999,0.8704,0.58338,1.186
62.55,-146.12,-999,0.90695,0.63123,1.2113
69.02,-146.12,-999,0.87525,0.59515,1.1889
62.55,-143.61,-999,0.91849,0.65231,1.218
69.02,-143.61,-999,0.88694,0.61428,1.194
62.55,-141.1,-999,0.91971,0.65766,1.215
69.02,-141.1,-999,0.88756,0.61802,1.1935
57.32,-138.59,-999,0.8966,0.64722,1.1671
62.55,-138.59,-999,0.92403,0.66259,1.2143
69.02,-138.59,-999,0.89576,0.62857,1.2007
57.32,-136.08,-999,0.95361,0.69576,1.2404
62.55,-136.08,-999,0.93356,0.67062,1.2233
69.02,-136.08,-999,0.90241,0.634,1.2067
57.32,-133.57,-999,0.95884,0.69762,1.2444
62.55,-133.57,-999,0.94283,0.67712,1.2399
69.02,-133.57,-999,0.90819,0.64,1.2201
57.32,-131.06,-999,0.97051,0.7062,1.2676
62.55,-131.06,-999,0.97369,0.6939,1.2923
69.02,-131.06,-999,0.90755,0.63758,1.2218
57.32,-128.55,-999,0.98176,0.71132,1.2865
62.55,-128.55,-999,0.99131,0.70522,1.3165
69.02,-128.55,-999,0.90422,0.63727,1.2156
62.55,-126.04,-999,0.98212,0.70138,1.2977
69.02,-126.04,-999,0.89319,0.63131,1.1917
62.55,-123.53,-999,0.88385,0.62721,1.1649
69.02,-123.53,-999,0.88469,0.63077,1.1676
62.55,-121.02,-999,0.84673,0.60721,1.1081
69.02,-121.02,-999,0.97334,0.7513,1.22
62.55,-118.51,-999,0.81294,0.58725,1.0582
69.02,-118.51,-999,0.82647,0.60281,1.0787
62.55,-116,-999,0.82929,0.60691,1.0705
69.02,-116,-999,0.78351,0.56998,1.0167
69.02,-113.49,-999,0.75588,0.54879,0.98658
69.02,-110.98,-999,0.70627,0.51121,0.91699
69.02,-108.47,-999,0.75215,0.58897,0.93701
69.02,-105.96,-999,0.61649,0.44019,0.81067
69.02,-103.45,-999,0.58486,0.41354,0.77572
69.02,-100.94,-999,0.50274,0.34662,0.67531
69.02,-98.43,-999,0.47669,0.32335,0.65189
52.75,-88.39,-999,0.70211,0.50434,0.92301
62.55,-88.39,-999,0.50204,0.35224,0.66979
69.02,-88.39,-999,0.46461,0.31703,0.63044
52.75,-85.88,-999,0.73411,0.53154,0.95956
22.74,-83.37,-999,0.73375,0.57023,0.91837
28.52,-83.37,-999,0.84688,0.62106,1.0961
31.53,-83.37,-999,0.89168,0.66176,1.1538
52.75,-83.37,-999,0.77589,0.57063,1.0004
22.74,-80.86,-999,0.68316,0.47,0.93406
25.59,-80.86,-999,0.73684,0.52478,0.97532
28.52,-80.86,-999,0.76216,0.55264,0.9947
31.53,-80.86,-999,0.89372,0.66361,1.1522
34.64,-80.86,-999,0.97456,0.7281,1.2461
69.02,-80.86,-999,0.54491,0.36577,0.74618
22.74,-78.35,-999,0.73534,0.56799,0.93174
25.59,-78.35,-999,0.70492,0.49493,0.94182
28.52,-78.35,-999,0.77337,0.55738,1.0122
31.53,-78.35,-999,0.87277,0.64494,1.1282
34.64,-78.35,-999,0.96001,0.71751,1.2264
52.75,-78.35,-999,0.85225,0.63572,1.0906
62.55,-78.35,-999,0.68263,0.47486,0.92062
69.02,-78.35,-999,0.67848,0.51857,0.85259
19.94,-75.84,-999,0.65373,0.48368,0.84982
22.74,-75.84,-999,0.63078,0.42383,0.87303
25.59,-75.84,-999,0.65444,0.4539,0.88102
28.52,-75.84,-999,0.72524,0.51902,0.95733
31.53,-75.84,-999,0.85703,0.63453,1.105
34.64,-75.84,-999,0.93355,0.69526,1.1893
37.87,-75.84,-999,0.96762,0.72453,1.2237
62.55,-75.84,-999,0.72427,0.50401,0.97759
69.02,-75.84,-999,0.63108,0.4208,0.87613
19.94,-73.33,-999,0.5516,0.35604,0.79147
22.74,-73.33,-999,0.60976,0.40991,0.84548
25.59,-73.33,-999,0.68006,0.47588,0.91846
28.52,-73.33,-999,0.74975,0.53643,0.98478
31.53,-73.33,-999,0.83154,0.60995,1.0725
34.64,-73.33,-999,0.92504,0.6894,1.1712
37.87,-73.33,-999,0.99994,0.75432,1.2584
41.25,-73.33,-999,1.1609,0.96995,1.367
48.63,-73.33,-999,1.1317,0.94285,1.3401
57.32,-73.33,-999,0.9837,0.80303,1.1798
62.55,-73.33,-999,0.87519,0.70433,1.0621
69.02,-73.33,-999,0.6599,0.44323,0.91506
22.74,-70.82,-999,0.61011,0.41125,0.8454
25.59,-70.82,-999,0.66972,0.46885,0.90319
28.52,-70.82,-999,0.74003,0.53099,0.96986
31.53,-70.82,-999,0.78004,0.56431,1.01
34.64,-70.82,-999,0.90116,0.672,1.1454
37.87,-70.82,-999,0.98433,0.74141,1.2334
41.25,-70.82,-999,1.1011,0.81433,1.4034
44.82,-70.82,-999,1.1419,0.84871,1.4567
48.63,-70.82,-999,1.1459,0.85144,1.4589
52.75,-70.82,-999,1.1858,0.98701,1.4013
57.32,-70.82,-999,0.94822,0.69224,1.232
62.55,-70.82,-999,0.78557,0.55708,1.0401
69.02,-70.82,-999,0.74517,0.5865,0.91901
22.74,-68.31,-999,0.60357,0.40973,0.83475
25.59,-68.31,-999,0.66002,0.4616,0.89022
28.52,-68.31,-999,0.72677,0.52058,0.95639
31.53,-68.31,-999,0.75821,0.54746,0.98207
34.64,-68.31,-999,0.928,0.67756,1.1959
37.87,-68.31,-999,0.98717,0.72005,1.278
41.25,-68.31,-999,1.0467,0.78144,1.3235
44.82,-68.31,-999,1.1508,0.8556,1.4671
48.63,-68.31,-999,1.1641,0.86518,1.4789
52.75,-68.31,-999,1.0855,0.80395,1.3908
57.32,-68.31,-999,0.98017,0.71902,1.2682
62.55,-68.31,-999,0.79921,0.57166,1.0523
69.02,-68.31,-999,0.76679,0.60306,0.94434
25.59,-65.8,-999,0.65429,0.4609,0.87707
28.52,-65.8,-999,0.71736,0.51651,0.94384
31.53,-65.8,-999,0.76503,0.55073,1.0024
34.64,-65.8,-999,0.85887,0.62992,1.1043
37.87,-65.8,-999,1.0335,0.87453,1.2035
41.25,-65.8,-999,1.0839,0.91877,1.2535
44.82,-65.8,-999,1.1945,0.90191,1.5027
48.63,-65.8,-999,1.1618,0.85991,1.4787
52.75,-65.8,-999,1.071,0.79265,1.3718
57.32,-65.8,-999,0.95898,0.70982,1.2364
62.55,-65.8,-999,0.80261,0.57749,1.0532
69.02,-65.8,-999,0.68781,0.46651,0.94151
25.59,-63.29,-999,0.67302,0.47696,0.89973
28.52,-63.29,-999,0.71638,0.504,0.95878
34.64,-63.29,-999,0.90719,0.77675,1.0453
41.25,-63.29,-999,1.1138,0.95026,1.2884
44.82,-63.29,-999,1.2112,1.0394,1.3975
48.63,-63.29,-999,1.1004,0.82,1.4089
52.75,-63.29,-999,1.0554,0.78903,1.3476
57.32,-63.29,-999,0.93516,0.69411,1.1956
69.02,-63.29,-999,0.68964,0.47638,0.92494
-69.02,-60.78,-999,1.0682,0.63856,1.5824
22.74,-60.78,-999,0.6876,0.55699,0.83618
25.59,-60.78,-999,0.68511,0.48719,0.91308
34.64,-60.78,-999,0.86613,0.74051,0.99699
41.25,-60.78,-999,1.0466,0.88981,1.2065
44.82,-60.78,-999,1.1536,0.98399,1.3355
48.63,-60.78,-999,1.1933,1.0081,1.385
52.75,-60.78,-999,1.0119,0.75415,1.2993
69.02,-60.78,-999,0.67667,0.4738,0.90765
-69.02,-58.27,-999,1.066,0.64973,1.5546
-52.75,-58.27,-999,1.3343,0.92172,1.8116
28.52,-58.27,-999,0.66334,0.49595,0.85566
34.64,-58.27,-999,0.86135,0.73302,0.99622
44.82,-58.27,-999,1.0812,0.90517,1.2628
48.63,-58.27,-999,1.0268,0.76457,1.3112
69.02,-58.27,-999,0.77243,0.62189,0.94045
-69.02,-55.76,-999,1.0781,0.66785,1.5645
22.74,-55.76,-999,0.55845,0.43171,0.70106
28.52,-55.76,-999,0.65517,0.49152,0.84106
37.87,-55.76,-999,0.8676,0.73216,1.0043
41.25,-55.76,-999,0.93625,0.78314,1.089
44.82,-55.76,-999,1.0585,0.88942,1.2334
48.63,-55.76,-999,1.0664,0.88266,1.2581
22.74,-53.25,-999,0.64139,0.52899,0.76241
31.53,-53.25,-999,0.65059,0.52224,0.78519
44.82,-53.25,-999,1.0018,0.84332,1.1654
52.75,-53.25,-999,1.0229,0.84855,1.2082
69.02,-53.25,-999,0.71216,0.50099,0.94538
-62.55,-50.74,-999,1.3308,1.0354,1.6773
14.48,-50.74,-999,0.78773,0.56996,1.0379
34.64,-50.74,-999,0.77015,0.59313,0.96529
37.87,-50.74,-999,0.81668,0.7006,0.93397
41.25,-50.74,-999,0.87369,0.73412,1.0119
62.55,-50.74,-999,0.7912,0.5775,1.0286
69.02,-50.74,-999,0.70208,0.49562,0.93584
6.53,-48.23,-999,1.1924,0.90305,1.519
9.16,-48.23,-999,1.0426,0.78707,1.3317
14.48,-48.23,-999,0.67628,0.53751,0.83691
17.19,-48.23,-999,0.71368,0.59069,0.84456
19.94,-48.23,-999,0.53913,0.41988,0.66985
34.64,-48.23,-999,0.71442,0.52654,0.918
37.87,-48.23,-999,0.71674,0.5279,0.91684
41.25,-48.23,-999,0.82523,0.6977,0.95154
44.82,-48.23,-999,0.90291,0.75638,1.0504
57.32,-48.23,-999,0.83298,0.61006,1.0708
62.55,-48.23,-999,0.78372,0.56967,1.0215
69.02,-48.23,-999,0.68381,0.48077,0.91538
-28.52,-45.72,-999,0.84173,0.62842,1.0753
-25.59,-45.72,-999,0.95286,0.7202,1.2211
-22.74,-45.72,-999,1.0087,0.75654,1.3002
11.81,-45.72,-999,0.88185,0.65674,1.1338
14.48,-45.72,-999,0.68588,0.55011,0.84083
17.19,-45.72,-999,0.59112,0.46236,0.72817
31.53,-45.72,-999,0.56677,0.45757,0.68668
34.64,-45.72,-999,0.6695,0.49507,0.85789
37.87,-45.72,-999,0.77299,0.66597,0.88559
41.25,-45.72,-999,0.79079,0.67142,0.91164
44.82,-45.72,-999,0.87099,0.73225,1.0088
48.63,-45.72,-999,0.93765,0.78503,1.0993
57.32,-45.72,-999,0.8515,0.63017,1.086
62.55,-45.72,-999,0.77402,0.56029,1.0107
69.02,-45.72,-999,0.66906,0.46682,0.89886
-48.63,-43.21,-999,1.0027,0.73506,1.2854
-25.59,-43.21,-999,0.94353,0.71122,1.2058
-11.81,-43.21,-999,1.5156,1.1821,1.8803
31.53,-43.21,-999,0.64577,0.5481,0.74359
34.64,-43.21,-999,0.65205,0.48178,0.83959
37.87,-43.21,-999,0.66725,0.49018,0.86111
41.25,-43.21,-999,0.71279,0.52859,0.91204
44.82,-43.21,-999,0.85183,0.71875,0.98633
48.63,-43.21,-999,0.90491,0.75992,1.0557
52.75,-43.21,-999,0.84193,0.61928,1.0771
57.32,-43.21,-999,0.8429,0.62268,1.0719
62.55,-43.21,-999,0.76375,0.54755,0.99993
69.02,-43.21,-999,0.65564,0.45013,0.89193
-52.75,-40.7,-999,1.1875,0.85243,1.5604
-48.63,-40.7,-999,1.0395,0.76366,1.3447
-17.19,-40.7,-999,1.2948,0.97691,1.6485
-6.53,-40.7,-999,1.7978,1.4119,2.2056
1.3,-40.7,-999,1.6845,1.4575,1.9187
31.53,-40.7,-999,0.65648,0.57205,0.74579
34.64,-40.7,-999,0.71535,0.61721,0.81731
37.87,-40.7,-999,0.64514,0.47432,0.83316
41.25,-40.7,-999,0.69403,0.51396,0.89137
44.82,-40.7,-999,0.83203,0.71625,0.95081
48.63,-40.7,-999,0.79842,0.59024,1.0181
52.75,-40.7,-999,0.84193,0.62465,1.0705
57.32,-40.7,-999,0.82231,0.60396,1.053
62.55,-40.7,-999,0.75392,0.53709,0.99615
69.02,-40.7,-999,0.64981,0.44011,0.8915
-48.63,-38.19,-999,1.0212,0.7548,1.3148
-44.82,-38.19,-999,0.8778,0.65754,1.1147
-41.25,-38.19,-999,0.79562,0.59713,1.0112
-25.59,-38.19,-999,0.96089,0.73429,1.2178
-17.19,-38.19,-999,1.1281,0.88811,1.3919
-6.53,-38.19,-999,1.9054,1.4993,2.3286
-3.91,-38.19,-999,1.8353,1.4548,2.2409
-1.3,-38.19,-999,1.7697,1.4161,2.1531
1.3,-38.19,-999,1.4378,1.1887,1.6973
22.74,-38.19,-999,0.63906,0.53621,0.75177
25.59,-38.19,-999,0.49481,0.38934,0.6088
31.53,-38.19,-999,0.62761,0.54294,0.71877
34.64,-38.19,-999,0.6856,0.58901,0.78661
37.87,-38.19,-999,0.62605,0.45856,0.81186
41.25,-38.19,-999,0.67961,0.50323,0.87378
44.82,-38.19,-999,0.73444,0.545,0.93972
48.63,-38.19,-999,0.78845,0.58802,1.0071
52.75,-38.19,-999,0.81926,0.60897,1.044
57.32,-38.19,-999,0.8133,0.59865,1.0448
62.55,-38.19,-999,0.75694,0.53828,1.0003
69.02,-38.19,-999,0.6353,0.42758,0.88014
-52.75,-35.68,-999,1.1904,0.87816,1.5278
-48.63,-35.68,-999,0.99238,0.74245,1.2604
-44.82,-35.68,-999,0.88388,0.66883,1.1189
-41.25,-35.68,-999,0.77388,0.58843,0.97206
-37.87,-35.68,-999,0.69311,0.57005,0.81873
-34.64,-35.68,-999,0.75584,0.57609,0.9623
-31.53,-35.68,-999,0.7989,0.60584,1.0119
-28.52,-35.68,-999,0.8824,0.67191,1.1155
-25.59,-35.68,-999,0.99428,0.76288,1.2521
-22.74,-35.68,-999,1.0858,0.83055,1.3769
-19.94,-35.68,-999,1.133,0.85897,1.4416
-14.48,-35.68,-999,1.3475,1.042,1.6888
-9.16,-35.68,-999,1.6968,1.3423,2.0883
-6.53,-35.68,-999,1.8745,1.4848,2.2816
-3.91,-35.68,-999,1.8305,1.4564,2.2215
-1.3,-35.68,-999,1.7168,1.3827,2.0678
1.3,-35.68,-999,1.5598,1.2432,1.8906
28.52,-35.68,-999,0.53844,0.45161,0.63008
31.53,-35.68,-999,0.61262,0.52712,0.70688
34.64,-35.68,-999,0.57186,0.41106,0.74898
37.87,-35.68,-999,0.6144,0.44856,0.80246
41.25,-35.68,-999,0.65804,0.48577,0.85147
44.82,-35.68,-999,0.7226,0.53549,0.92411
48.63,-35.68,-999,0.77581,0.57768,0.99156
52.75,-35.68,-999,0.80482,0.60045,1.0304
57.32,-35.68,-999,0.80034,0.58765,1.0319
62.55,-35.68,-999,0.7489,0.52961,0.9954
69.02,-35.68,-999,0.62601,0.41758,0.8699
-52.75,-33.17,-999,1.1001,0.80855,1.4139
-44.82,-33.17,-999,0.94295,0.71976,1.1869
-41.25,-33.17,-999,0.8971,0.73529,1.0753
-37.87,-33.17,-999,0.71642,0.59062,0.84788
-34.64,-33.17,-999,0.76815,0.59061,0.97381
-31.53,-33.17,-999,0.81305,0.62325,1.0211
-28.52,-33.17,-999,0.88835,0.68345,1.1166
-25.59,-33.17,-999,0.93836,0.79178,1.0884
-22.74,-33.17,-999,0.98935,0.82693,1.1672
-19.94,-33.17,-999,1.0671,0.87202,1.2786
-14.48,-33.17,-999,1.3769,1.0758,1.7171
-11.81,-33.17,-999,1.5232,1.1979,1.8771
-9.16,-33.17,-999,1.7293,1.3758,2.108
-6.53,-33.17,-999,1.8214,1.454,2.2103
-3.91,-33.17,-999,1.8725,1.5011,2.2634
-1.3,-33.17,-999,1.6992,1.3683,2.0472
1.3,-33.17,-999,1.5946,1.283,1.9229
19.94,-33.17,-999,0.52921,0.41531,0.65248
31.53,-33.17,-999,0.51256,0.43063,0.59917
34.64,-33.17,-999,0.60799,0.52259,0.69735
37.87,-33.17,-999,0.59087,0.42761,0.7712
41.25,-33.17,-999,0.66963,0.48988,0.86976
44.82,-33.17,-999,0.71006,0.5256,0.91467
48.63,-33.17,-999,0.76469,0.56873,0.98206
52.75,-33.17,-999,0.79417,0.5912,1.0164
57.32,-33.17,-999,0.79533,0.58401,1.0289
62.55,-33.17,-999,0.74336,0.52664,0.99133
69.02,-33.17,-999,0.62098,0.41399,0.86418
-52.75,-30.66,-999,1.0777,0.79283,1.383
-48.63,-30.66,-999,1.0278,0.77635,1.2897
-44.82,-30.66,-999,0.88634,0.68069,1.1075
-41.25,-30.66,-999,0.82076,0.63115,1.0262
-37.87,-30.66,-999,0.78116,0.59953,0.98453
-34.64,-30.66,-999,0.78818,0.60663,0.99597
-31.53,-30.66,-999,0.83192,0.63927,1.046
-28.52,-30.66,-999,0.85177,0.71781,0.99454
-25.59,-30.66,-999,1.0051,0.77879,1.2583
-22.74,-30.66,-999,1.0107,0.84813,1.1812
-19.94,-30.66,-999,1.1781,0.91354,1.4772
-17.19,-30.66,-999,1.2995,1.0079,1.6271
-14.48,-30.66,-999,1.4585,1.1525,1.7884
-11.81,-30.66,-999,1.5565,1.2354,1.9056
-9.16,-30.66,-999,1.6977,1.3567,2.063
-6.53,-30.66,-999,1.8159,1.4567,2.1913
-3.91,-30.66,-999,1.7444,1.4041,2.104
-1.3,-30.66,-999,1.6919,1.3697,2.0329
1.3,-30.66,-999,1.5906,1.2814,1.9179
3.91,-30.66,-999,1.4418,1.1512,1.7505
34.64,-30.66,-999,0.4713,0.32644,0.63525
37.87,-30.66,-999,0.63591,0.54587,0.73247
41.25,-30.66,-999,0.65495,0.47702,0.85491
44.82,-30.66,-999,0.69851,0.5125,0.90545
48.63,-30.66,-999,0.8518,0.7137,0.99817
52.75,-30.66,-999,0.78811,0.58294,1.0145
57.32,-30.66,-999,0.78915,0.5787,1.0232
62.55,-30.66,-999,0.7432,0.52374,0.98966
69.02,-30.66,-999,0.61837,0.41161,0.85668
-44.82,-28.15,-999,0.86422,0.66227,1.0781
-41.25,-28.15,-999,0.82942,0.64154,1.0333
-37.87,-28.15,-999,0.78265,0.60127,0.98072
-34.64,-28.15,-999,0.80748,0.61916,1.015
-31.53,-28.15,-999,0.8433,0.64653,1.0649
-28.52,-28.15,-999,0.91979,0.71381,1.1543
-25.59,-28.15,-999,0.97947,0.75958,1.2257
-22.74,-28.15,-999,1.0752,0.84381,1.3422
-19.94,-28.15,-999,1.1945,0.93284,1.4897
-17.19,-28.15,-999,1.312,1.0294,1.631
-14.48,-28.15,-999,1.4523,1.1507,1.779
-11.81,-28.15,-999,1.5607,1.2415,1.9052
-9.16,-28.15,-999,1.6845,1.3499,2.0427
-6.53,-28.15,-999,1.7891,1.4425,2.1577
-3.91,-28.15,-999,1.7378,1.4018,2.0925
-1.3,-28.15,-999,1.6894,1.3683,2.028
1.3,-28.15,-999,1.5975,1.289,1.9296
3.91,-28.15,-999,1.4557,1.1596,1.7723
34.64,-28.15,-999,0.52397,0.43759,0.61869
37.87,-28.15,-999,0.55768,0.3964,0.7418
41.25,-28.15,-999,0.65034,0.46715,0.85383
44.82,-28.15,-999,0.73973,0.53681,0.96352
48.63,-28.15,-999,0.84058,0.6994,0.99157
52.75,-28.15,-999,0.78982,0.5834,1.0188
57.32,-28.15,-999,0.78889,0.57626,1.0244
62.55,-28.15,-999,0.70148,0.49362,0.93735
69.02,-28.15,-999,0.61585,0.41412,0.85155
-41.25,-25.64,-999,0.80142,0.62015,1.0028
-37.87,-25.64,-999,0.79006,0.60919,0.98756
-34.64,-25.64,-999,0.80764,0.62284,1.0118
-31.53,-25.64,-999,0.87231,0.6735,1.0942
-28.52,-25.64,-999,0.87609,0.73713,1.0243
-25.59,-25.64,-999,0.98574,0.76355,1.2321
-22.74,-25.64,-999,1.0876,0.85222,1.3552
-19.94,-25.64,-999,1.2058,0.94562,1.5021
-17.19,-25.64,-999,1.3207,1.0435,1.6336
-14.48,-25.64,-999,1.4516,1.152,1.7788
-11.81,-25.64,-999,1.5617,1.2414,1.9021
-9.16,-25.64,-999,1.6766,1.3444,2.0313
-6.53,-25.64,-999,1.7729,1.4273,2.1361
-3.91,-25.64,-999,1.7114,1.3841,2.0681
-1.3,-25.64,-999,1.6892,1.3677,2.0401
1.3,-25.64,-999,1.6157,1.3037,1.9516
3.91,-25.64,-999,1.4869,1.1803,1.8159
34.64,-25.64,-999,0.50544,0.41613,0.60393
37.87,-25.64,-999,0.62027,0.5241,0.72512
41.25,-25.64,-999,0.60571,0.43645,0.79848
44.82,-25.64,-999,0.70839,0.51423,0.92395
48.63,-25.64,-999,0.7429,0.54199,0.96976
52.75,-25.64,-999,0.76722,0.55959,1.0028
57.32,-25.64,-999,0.77342,0.56278,1.0126
62.55,-25.64,-999,0.69987,0.49509,0.93209
69.02,-25.64,-999,0.61782,0.41912,0.84735
-41.25,-23.13,-999,0.82863,0.6428,1.0305
-37.87,-23.13,-999,0.78433,0.6071,0.98124
-34.64,-23.13,-999,0.81905,0.6327,1.0221
-31.53,-23.13,-999,0.86133,0.66643,1.0754
-28.52,-23.13,-999,0.9203,0.71184,1.1508
-25.59,-23.13,-999,1.0245,0.7991,1.2794
-22.74,-23.13,-999,1.0962,0.85574,1.3692
-19.94,-23.13,-999,1.2125,0.95134,1.5099
-17.19,-23.13,-999,1.3265,1.0488,1.6391
-14.48,-23.13,-999,1.452,1.1538,1.7811
-11.81,-23.13,-999,1.5615,1.244,1.9008
-9.16,-23.13,-999,1.6114,1.2972,1.9704
-6.53,-23.13,-999,1.6699,1.3501,2.0281
-3.91,-23.13,-999,1.6961,1.3751,2.0464
-1.3,-23.13,-999,1.6802,1.3579,2.0206
1.3,-23.13,-999,1.6199,1.3001,1.9632
37.87,-23.13,-999,0.55126,0.4655,0.64332
41.25,-23.13,-999,0.60205,0.42876,0.7945
44.82,-23.13,-999,0.70805,0.51133,0.92912
48.63,-23.13,-999,0.72074,0.52462,0.94765
52.75,-23.13,-999,0.76261,0.55836,0.99598
57.32,-23.13,-999,0.77253,0.5631,1.0075
62.55,-23.13,-999,0.70019,0.49748,0.93076
69.02,-23.13,-999,0.62086,0.42861,0.84167
-37.87,-20.62,-999,0.76141,0.58293,0.95506
-34.64,-20.62,-999,0.81393,0.62931,1.016
-31.53,-20.62,-999,0.85712,0.66429,1.0661
-28.52,-20.62,-999,0.91788,0.71315,1.1428
-25.59,-20.62,-999,1.0145,0.79442,1.2649
-22.74,-20.62,-999,1.1231,0.8808,1.3947
-19.94,-20.62,-999,1.217,0.95655,1.5096
-17.19,-20.62,-999,1.3327,1.0545,1.6445
-14.48,-20.62,-999,1.3951,1.1071,1.714
-11.81,-20.62,-999,1.5025,1.2022,1.8375
-9.16,-20.62,-999,1.5838,1.2778,1.9283
-6.53,-20.62,-999,1.6591,1.3435,2.0155
-3.91,-20.62,-999,1.6919,1.3694,2.0439
-1.3,-20.62,-999,1.6817,1.3562,2.0271
1.3,-20.62,-999,1.6534,1.325,2.0027
34.64,-20.62,-999,0.42531,0.34502,0.51373
37.87,-20.62,-999,0.47738,0.32922,0.64638
41.25,-20.62,-999,0.59783,0.42145,0.79413
44.82,-20.62,-999,0.70817,0.5085,0.93172
48.63,-20.62,-999,0.7154,0.51926,0.94001
52.75,-20.62,-999,0.76139,0.55708,0.99087
57.32,-20.62,-999,0.77458,0.56429,1.0077
62.55,-20.62,-999,0.70229,0.50317,0.93071
69.02,-20.62,-999,0.62293,0.43596,0.83578
-34.64,-18.11,-999,0.8147,0.62996,1.0182
-31.53,-18.11,-999,0.82485,0.63536,1.0297
-28.52,-18.11,-999,0.91953,0.71519,1.142
-25.59,-18.11,-999,0.94857,0.81506,1.09
-22.74,-18.11,-999,1.1125,0.87244,1.3774
-19.94,-18.11,-999,1.2284,0.96383,1.5185
-17.19,-18.11,-999,1.2755,1.003,1.5742
-14.48,-18.11,-999,1.3767,1.0958,1.6885
-11.81,-18.11,-999,1.4779,1.183,1.8027
-9.16,-18.11,-999,1.5611,1.2594,1.8978
-6.53,-18.11,-999,1.6287,1.3175,1.967
-3.91,-18.11,-999,1.6895,1.3633,2.0455
-1.3,-18.11,-999,1.6891,1.356,2.0469
1.3,-18.11,-999,1.6514,1.3156,2.0036
37.87,-18.11,-999,0.44921,0.30609,0.61211
41.25,-18.11,-999,0.58611,0.4093,0.7834
44.82,-18.11,-999,0.7052,0.50227,0.93084
48.63,-18.11,-999,0.71298,0.51623,0.93616
52.75,-18.11,-999,0.76345,0.55783,0.99299
57.32,-18.11,-999,0.77993,0.56815,1.0154
62.55,-18.11,-999,0.70553,0.50711,0.93235
69.02,-18.11,-999,0.62567,0.4424,0.83544
-34.64,-15.6,-999,0.7373,0.60564,0.88162
-31.53,-15.6,-999,0.81675,0.62368,1.0241
-28.52,-15.6,-999,0.91178,0.70848,1.1345
-25.59,-15.6,-999,0.99224,0.77778,1.2316
-22.74,-15.6,-999,1.0416,0.89505,1.1952
-19.94,-15.6,-999,1.2277,0.96658,1.5137
-17.19,-15.6,-999,1.2607,0.99384,1.5519
-14.48,-15.6,-999,1.3602,1.0825,1.6639
-11.81,-15.6,-999,1.4532,1.1615,1.7696
-9.16,-15.6,-999,1.5453,1.2448,1.8731
-6.53,-15.6,-999,1.6041,1.2945,1.9405
-3.91,-15.6,-999,1.6528,1.3273,2.0017
-1.3,-15.6,-999,1.6661,1.3296,2.0229
37.87,-15.6,-999,0.43949,0.29588,0.60463
41.25,-15.6,-999,0.57791,0.39948,0.77826
44.82,-15.6,-999,0.63172,0.4441,0.84456
48.63,-15.6,-999,0.80488,0.67069,0.9483
52.75,-15.6,-999,0.7683,0.55901,1.0003
57.32,-15.6,-999,0.78895,0.57518,1.027
62.55,-15.6,-999,0.70975,0.5121,0.93615
69.02,-15.6,-999,0.62891,0.44929,0.83642
-28.52,-13.09,-999,0.91018,0.70352,1.1396
-25.59,-13.09,-999,0.97868,0.76481,1.2178
-22.74,-13.09,-999,1.1045,0.86671,1.3703
-19.94,-13.09,-999,1.2145,0.9573,1.5004
-17.19,-13.09,-999,1.2762,1.0068,1.5694
-14.48,-13.09,-999,1.3424,1.0697,1.6431
-11.81,-13.09,-999,1.4318,1.1409,1.7422
-9.16,-13.09,-999,1.5101,1.2071,1.8332
-6.53,-13.09,-999,1.6139,1.2948,1.9626
37.87,-13.09,-999,0.41439,0.27569,0.57419
41.25,-13.09,-999,0.55644,0.37932,0.75149
44.82,-13.09,-999,0.62926,0.44002,0.84502
48.63,-13.09,-999,0.72611,0.52306,0.95474
52.75,-13.09,-999,0.77686,0.56257,1.0108
57.32,-13.09,-999,0.8024,0.58479,1.0423
62.55,-13.09,-999,0.71372,0.51527,0.94263
69.02,-13.09,-999,0.63123,0.45033,0.83816
-25.59,-10.58,-999,0.95628,0.74342,1.1954
-22.74,-10.58,-999,1.0909,0.8557,1.3525
-19.94,-10.58,-999,1.106,0.94537,1.275
-17.19,-10.58,-999,1.2584,0.99429,1.5448
-14.48,-10.58,-999,1.3349,1.0602,1.6325
-11.81,-10.58,-999,1.4119,1.1224,1.7229
-9.16,-10.58,-999,1.4793,1.1761,1.8141
3.91,-10.58,-999,1.8357,1.4685,2.2219
9.16,-10.58,-999,1.6079,1.3652,1.8608
41.25,-10.58,-999,0.56566,0.38118,0.77205
44.82,-10.58,-999,0.63196,0.43904,0.8496
48.63,-10.58,-999,0.74245,0.52992,0.97739
52.75,-10.58,-999,0.79064,0.56937,1.0335
57.32,-10.58,-999,0.82214,0.5989,1.0682
62.55,-10.58,-999,0.79166,0.57436,1.0372
69.02,-10.58,-999,0.63213,0.45208,0.8338
-69.02,-8.07,-999,0.99519,0.71377,1.3215
-25.59,-8.07,-999,0.97232,0.74873,1.216
-22.74,-8.07,-999,1.0518,0.82202,1.3127
-19.94,-8.07,-999,1.1253,0.88333,1.3964
-17.19,-8.07,-999,1.2395,0.97879,1.5285
-14.48,-8.07,-999,1.3664,1.0836,1.671
-11.81,-8.07,-999,1.4002,1.107,1.7154
-9.16,-8.07,-999,1.4662,1.1625,1.8017
-6.53,-8.07,-999,1.6476,1.4311,1.8719
1.3,-8.07,-999,1.8457,1.4892,2.2112
3.91,-8.07,-999,1.9001,1.5217,2.2972
6.53,-8.07,-999,1.7921,1.4196,2.1949
9.16,-8.07,-999,1.5445,1.2037,1.9158
11.81,-8.07,-999,1.1597,0.88023,1.4667
14.48,-8.07,-999,0.77346,0.55615,1.0217
37.87,-8.07,-999,0.35531,0.22849,0.5044
41.25,-8.07,-999,0.51103,0.34248,0.70371
44.82,-8.07,-999,0.64234,0.44764,0.85999
48.63,-8.07,-999,0.76149,0.54565,1.001
52.75,-8.07,-999,0.84038,0.60567,1.0997
57.32,-8.07,-999,0.84854,0.61786,1.1018
62.55,-8.07,-999,0.804,0.58074,1.0549
69.02,-8.07,-999,0.63242,0.45448,0.83375
-69.02,-5.56,-999,1.0156,0.73315,1.343
-22.74,-5.56,-999,0.98994,0.7639,1.2468
-19.94,-5.56,-999,1.0974,0.85102,1.372
-17.19,-5.56,-999,1.2222,0.95415,1.5181
-14.48,-5.56,-999,1.3227,1.0387,1.6306
-11.81,-5.56,-999,1.3714,1.0729,1.6952
-9.16,-5.56,-999,1.3851,1.1477,1.6485
-1.3,-5.56,-999,1.7643,1.4208,2.1297
1.3,-5.56,-999,1.9127,1.5443,2.2975
3.91,-5.56,-999,1.9274,1.545,2.3305
6.53,-5.56,-999,1.8435,1.4624,2.2539
9.16,-5.56,-999,1.5941,1.2495,1.9732
11.81,-5.56,-999,1.3323,1.1457,1.5319
14.48,-5.56,-999,0.80524,0.58972,1.0468
17.19,-5.56,-999,0.46007,0.31115,0.63787
37.87,-5.56,-999,0.3831,0.24347,0.54515
41.25,-5.56,-999,0.49991,0.33267,0.68984
44.82,-5.56,-999,0.63299,0.44017,0.84973
52.75,-5.56,-999,0.8447,0.61569,1.1008
57.32,-5.56,-999,0.85767,0.62361,1.1154
62.55,-5.56,-999,0.80087,0.57903,1.049
69.02,-5.56,-999,0.71903,0.59768,0.84942
-69.02,-3.05,-999,0.99093,0.715,1.3102
-22.74,-3.05,-999,0.92335,0.76228,1.0999
-11.81,-3.05,-999,1.4614,1.2513,1.6891
-9.16,-3.05,-999,1.3298,1.0868,1.5911
-1.3,-3.05,-999,1.7886,1.4394,2.161
1.3,-3.05,-999,1.9192,1.5523,2.31
3.91,-3.05,-999,1.988,1.5973,2.4052
6.53,-3.05,-999,1.8621,1.4746,2.278
9.16,-3.05,-999,1.5899,1.2424,1.9625
11.81,-3.05,-999,1.2052,0.92366,1.5038
14.48,-3.05,-999,0.78195,0.57224,1.0107
17.19,-3.05,-999,0.45176,0.30539,0.62351
48.63,-3.05,-999,0.83526,0.60336,1.0947
52.75,-3.05,-999,0.8559,0.62147,1.1176
57.32,-3.05,-999,0.96254,0.80208,1.1386
62.55,-3.05,-999,0.79862,0.57695,1.0451
69.02,-3.05,-999,0.63534,0.45914,0.83467
-69.02,-0.54,-999,0.99506,0.72062,1.3098
-14.48,-0.54,-999,1.324,1.0417,1.6457
-1.3,-0.54,-999,1.8294,1.446,2.2245
1.3,-0.54,-999,1.9425,1.5532,2.3479
3.91,-0.54,-999,1.9847,1.5987,2.3994
6.53,-0.54,-999,1.8701,1.4898,2.2727
9.16,-0.54,-999,1.6002,1.2567,1.9583
11.81,-0.54,-999,1.1876,0.91075,1.4839
14.48,-0.54,-999,0.77307,0.56639,0.9971
17.19,-0.54,-999,0.44249,0.29754,0.60786
19.94,-0.54,-999,0.23254,0.13792,0.34884
48.63,-0.54,-999,0.87584,0.62619,1.1536
52.75,-0.54,-999,0.88626,0.64428,1.1561
57.32,-0.54,-999,0.86308,0.63115,1.1218
62.55,-0.54,-999,0.74067,0.53532,0.97652
69.02,-0.54,-999,0.63625,0.45853,0.83389
-69.02,1.97,-999,1.0024,0.724,1.3167
-48.63,1.97,-999,0.89926,0.69121,1.1193
-44.82,1.97,-999,0.83182,0.63493,1.0427
-3.91,1.97,-999,1.6584,1.2942,2.0527
-1.3,1.97,-999,1.7986,1.422,2.1907
1.3,1.97,-999,1.9175,1.5299,2.3231
3.91,1.97,-999,2.0026,1.6075,2.4244
6.53,1.97,-999,1.9494,1.5615,2.3652
9.16,1.97,-999,1.5582,1.2221,1.9133
11.81,1.97,-999,1.1711,0.90228,1.4529
14.48,1.97,-999,0.75998,0.55496,0.9751
17.19,1.97,-999,0.43293,0.29079,0.59634
19.94,1.97,-999,0.22575,0.13458,0.33769
22.74,1.97,-999,0.10396,0.062508,0.1537
48.63,1.97,-999,0.88263,0.62988,1.162
52.75,1.97,-999,0.90426,0.64927,1.184
57.32,1.97,-999,0.87126,0.62857,1.1314
62.55,1.97,-999,0.73738,0.53325,0.96942
69.02,1.97,-999,0.63149,0.45252,0.83316
-69.02,4.48,-999,0.98393,0.71269,1.2977
-48.63,4.48,-999,1.06,0.89886,1.2353
-44.82,4.48,-999,0.86368,0.66583,1.0791
-41.25,4.48,-999,0.80502,0.60692,1.0217
-37.87,4.48,-999,0.79033,0.58386,1.0211
-34.64,4.48,-999,0.7913,0.57589,1.0298
-31.53,4.48,-999,0.80187,0.5875,1.0382
-28.52,4.48,-999,0.74494,0.59865,0.89824
-3.91,4.48,-999,1.6559,1.2901,2.0511
-1.3,4.48,-999,1.7892,1.4085,2.1976
1.3,4.48,-999,2.038,1.7802,2.3092
3.91,4.48,-999,1.9417,1.5524,2.3625
6.53,4.48,-999,1.8866,1.5124,2.2925
9.16,4.48,-999,1.4524,1.2023,1.7077
11.81,4.48,-999,1.1461,0.87984,1.425
14.48,4.48,-999,0.74118,0.54078,0.95354
17.19,4.48,-999,0.42072,0.28101,0.58085
19.94,4.48,-999,0.22227,0.13321,0.33095
48.63,4.48,-999,0.87162,0.61645,1.1459
52.75,4.48,-999,0.92434,0.66537,1.2091
57.32,4.48,-999,0.88881,0.64549,1.1492
62.55,4.48,-999,0.73214,0.52785,0.96201
69.02,4.48,-999,0.62164,0.44267,0.81843
-69.02,6.99,-999,0.97886,0.70955,1.2892
-48.63,6.99,-999,0.95448,0.74201,1.1817
-44.82,6.99,-999,0.86507,0.6614,1.0819
-41.25,6.99,-999,0.81861,0.61283,1.0387
-37.87,6.99,-999,0.80179,0.58927,1.0358
-34.64,6.99,-999,0.80187,0.57935,1.0451
-31.53,6.99,-999,0.81112,0.58911,1.0513
-28.52,6.99,-999,0.80303,0.59616,1.0308
-25.59,6.99,-999,0.8351,0.69335,0.99246
-17.19,6.99,-999,1.1771,0.89644,1.4883
-14.48,6.99,-999,1.2588,0.95794,1.582
-1.3,6.99,-999,1.7411,1.361,2.147
1.3,6.99,-999,2.0387,1.7835,2.309
3.91,6.99,-999,1.9284,1.5385,2.3354
6.53,6.99,-999,1.8608,1.4853,2.2547
9.16,6.99,-999,1.4695,1.1561,1.795
11.81,6.99,-999,1.1036,0.84175,1.3669
14.48,6.99,-999,0.72081,0.51828,0.93326
17.19,6.99,-999,0.40892,0.27089,0.565
19.94,6.99,-999,0.19911,0.13921,0.26522
22.74,6.99,-999,0.12622,0.068885,0.20095
31.53,6.99,-999,0.15002,0.10785,0.19948
52.75,6.99,-999,0.91289,0.65162,1.1924
57.32,6.99,-999,0.87973,0.63904,1.1439
62.55,6.99,-999,0.72525,0.52297,0.95188
69.02,6.99,-999,0.61041,0.43266,0.80489
-69.02,9.5,-999,0.97362,0.70346,1.2804
-48.63,9.5,-999,0.94088,0.73071,1.1631
-44.82,9.5,-999,0.86911,0.66031,1.0878
-41.25,9.5,-999,0.82829,0.61754,1.0537
-37.87,9.5,-999,0.80983,0.58957,1.0468
-34.64,9.5,-999,0.80272,0.57618,1.0537
-31.53,9.5,-999,0.8034,0.57839,1.0467
-28.52,9.5,-999,0.80632,0.6006,1.0331
-25.59,9.5,-999,0.85457,0.64572,1.081
-22.74,9.5,-999,0.96464,0.73382,1.2134
-19.94,9.5,-999,1.0788,0.82628,1.3513
-17.19,9.5,-999,1.2177,0.93341,1.5273
-14.48,9.5,-999,1.3041,1.0028,1.6244
-11.81,9.5,-999,1.386,1.0643,1.7334
-9.16,9.5,-999,1.4331,1.1036,1.7916
-6.53,9.5,-999,1.6015,1.3565,1.8578
-3.91,9.5,-999,1.6114,1.2389,2.0172
-1.3,9.5,-999,1.6848,1.3165,2.074
1.3,9.5,-999,1.8039,1.4241,2.2056
3.91,9.5,-999,1.8627,1.4841,2.2525
6.53,9.5,-999,1.6604,1.3138,2.024
9.16,9.5,-999,1.4109,1.1075,1.7243
11.81,9.5,-999,1.0545,0.80506,1.3158
14.48,9.5,-999,0.69145,0.49336,0.90089
17.19,9.5,-999,0.40247,0.26334,0.56133
19.94,9.5,-999,0.24864,0.18536,0.32382
34.64,9.5,-999,0.17462,0.099963,0.26631
48.63,9.5,-999,0.97867,0.83037,1.1356
57.32,9.5,-999,0.84826,0.61623,1.1041
62.55,9.5,-999,0.71895,0.51574,0.94291
69.02,9.5,-999,0.60156,0.42336,0.79701
-69.02,12.01,-999,0.9682,0.69694,1.2721
-48.63,12.01,-999,0.90368,0.70346,1.1213
-44.82,12.01,-999,0.88357,0.67798,1.1054
-41.25,12.01,-999,0.83499,0.62153,1.0666
-37.87,12.01,-999,0.81625,0.58932,1.0628
-34.64,12.01,-999,0.80763,0.57174,1.0671
-31.53,12.01,-999,0.78241,0.55849,1.0293
-28.52,12.01,-999,0.80918,0.59791,1.0403
-25.59,12.01,-999,0.85654,0.64581,1.0861
-22.74,12.01,-999,0.95305,0.72415,1.1997
-19.94,12.01,-999,1.083,0.83205,1.3551
-17.19,12.01,-999,1.2215,0.9385,1.5251
-14.48,12.01,-999,1.2991,0.99876,1.6182
-11.81,12.01,-999,1.3861,1.0672,1.7227
-9.16,12.01,-999,1.4437,1.1118,1.799
-6.53,12.01,-999,1.4419,1.1016,1.8157
-3.91,12.01,-999,1.5536,1.1972,1.9417
-1.3,12.01,-999,1.5937,1.3291,1.8672
1.3,12.01,-999,1.7773,1.4028,2.1799
3.91,12.01,-999,1.719,1.4679,1.9866
6.53,12.01,-999,1.5979,1.2677,1.9387
9.16,12.01,-999,1.3531,1.0607,1.6575
11.81,12.01,-999,1.0111,0.76972,1.2689
14.48,12.01,-999,0.65607,0.4642,0.86794
17.19,12.01,-999,0.34215,0.24682,0.45255
19.94,12.01,-999,0.18163,0.11969,0.2559
31.53,12.01,-999,0.11441,0.067889,0.17111
41.25,12.01,-999,0.49999,0.40608,0.59855
48.63,12.01,-999,0.95164,0.81014,1.0991
57.32,12.01,-999,0.84985,0.61695,1.1073
62.55,12.01,-999,0.71394,0.51187,0.936
69.02,12.01,-999,0.59334,0.41274,0.79158
-69.02,14.52,-999,0.9626,0.69209,1.2646
-48.63,14.52,-999,0.87583,0.67871,1.0933
-44.82,14.52,-999,0.86028,0.65985,1.0775
-41.25,14.52,-999,0.84795,0.63557,1.0797
-37.87,14.52,-999,0.80043,0.60383,1.016
-34.64,14.52,-999,0.81189,0.56807,1.0808
-31.53,14.52,-999,0.78595,0.55455,1.0438
-28.52,14.52,-999,0.80859,0.59136,1.0454
-25.59,14.52,-999,0.8551,0.64258,1.0924
-22.74,14.52,-999,0.95209,0.72189,1.2073
-19.94,14.52,-999,1.0768,0.82659,1.3486
-17.19,14.52,-999,1.225,0.9391,1.5266
-14.48,14.52,-999,1.3149,1.0107,1.6366
-11.81,14.52,-999,1.3974,1.0694,1.7351
-9.16,14.52,-999,1.4093,1.0825,1.7584
-6.53,14.52,-999,1.4561,1.1134,1.8326
-3.91,14.52,-999,1.5303,1.1783,1.9104
-1.3,14.52,-999,1.6268,1.2619,2.0099
1.3,14.52,-999,1.7213,1.3594,2.1168
3.91,14.52,-999,1.7597,1.3979,2.1484
6.53,14.52,-999,1.5411,1.2188,1.8764
9.16,14.52,-999,1.3049,1.0256,1.5968
11.81,14.52,-999,0.96756,0.73406,1.2186
14.48,14.52,-999,0.62964,0.43898,0.84124
17.19,14.52,-999,0.32687,0.22967,0.44235
31.53,14.52,-999,0.11743,0.070463,0.17395
37.87,14.52,-999,0.34445,0.26738,0.42951
57.32,14.52,-999,0.86238,0.62623,1.1207
62.55,14.52,-999,0.71218,0.51084,0.93516
69.02,14.52,-999,0.571,0.39121,0.76324
-69.02,17.03,-999,0.95616,0.68482,1.259
-44.82,17.03,-999,0.86806,0.66715,1.0863
-41.25,17.03,-999,0.85324,0.64119,1.0845
-37.87,17.03,-999,0.81733,0.58443,1.0733
-34.64,17.03,-999,0.81343,0.56146,1.0907
-31.53,17.03,-999,0.78852,0.55195,1.0493
-28.52,17.03,-999,0.79618,0.58149,1.0348
-25.59,17.03,-999,0.85205,0.63604,1.0878
-22.74,17.03,-999,0.94837,0.71508,1.2097
-19.94,17.03,-999,1.0773,0.82203,1.3486
-17.19,17.03,-999,1.2254,0.94195,1.5271
-14.48,17.03,-999,1.3247,1.0189,1.6446
-11.81,17.03,-999,1.406,1.0729,1.7512
-9.16,17.03,-999,1.418,1.0911,1.7675
-6.53,17.03,-999,1.46,1.1173,1.8301
-3.91,17.03,-999,1.5188,1.1632,1.8989
-1.3,17.03,-999,1.5974,1.2377,1.9751
1.3,17.03,-999,1.6778,1.322,2.0621
3.91,17.03,-999,1.6073,1.2672,1.983
6.53,17.03,-999,1.4921,1.1777,1.8181
9.16,17.03,-999,1.2566,0.98232,1.5418
11.81,17.03,-999,0.88668,0.72804,1.0581
14.48,17.03,-999,0.62741,0.4432,0.83464
37.87,17.03,-999,0.2978,0.22774,0.37425
41.25,17.03,-999,0.45976,0.37041,0.55804
62.55,17.03,-999,0.68986,0.49193,0.90842
-69.02,19.54,-999,0.95019,0.67835,1.2522
-44.82,19.54,-999,0.86471,0.66207,1.0813
-41.25,19.54,-999,0.81511,0.63808,1.0066
-37.87,19.54,-999,0.81468,0.58692,1.069
-34.64,19.54,-999,0.79895,0.55197,1.0756
-31.53,19.54,-999,0.80404,0.56638,1.0593
-28.52,19.54,-999,0.827,0.60296,1.0738
-25.59,19.54,-999,0.8498,0.63073,1.096
-22.74,19.54,-999,0.94393,0.7074,1.212
-19.94,19.54,-999,1.0748,0.81937,1.3507
-17.19,19.54,-999,1.2245,0.94171,1.524
-14.48,19.54,-999,1.3305,1.0192,1.6492
-11.81,19.54,-999,1.3826,1.0533,1.7225
-9.16,19.54,-999,1.4255,1.0956,1.7791
-6.53,19.54,-999,1.4626,1.1196,1.8348
-3.91,19.54,-999,1.5122,1.1549,1.893
-1.3,19.54,-999,1.5791,1.2192,1.9616
1.3,19.54,-999,1.5748,1.2274,1.9595
3.91,19.54,-999,1.5615,1.2268,1.9222
6.53,19.54,-999,1.4489,1.1397,1.7722
9.16,19.54,-999,1.236,0.96464,1.5206
11.81,19.54,-999,0.9152,0.69258,1.1564
14.48,19.54,-999,0.69192,0.5587,0.83779
17.19,19.54,-999,0.32547,0.23523,0.43048
22.74,19.54,-999,0.11068,0.073575,0.15483
34.64,19.54,-999,0.18271,0.12202,0.25358
37.87,19.54,-999,0.28381,0.21673,0.35572
52.75,19.54,-999,0.92585,0.67736,1.1942
69.02,19.54,-999,0.59628,0.40608,0.80711
-69.02,22.05,-999,0.94403,0.67212,1.2508
-44.82,22.05,-999,0.83182,0.63424,1.0402
-41.25,22.05,-999,0.75226,0.58708,0.92686
-37.87,22.05,-999,0.79646,0.57351,1.0476
-34.64,22.05,-999,0.79355,0.55055,1.0672
-31.53,22.05,-999,0.80063,0.56647,1.0562
-28.52,22.05,-999,0.78697,0.56943,1.0277
-25.59,22.05,-999,0.82187,0.6081,1.0548
-22.74,22.05,-999,0.91977,0.68292,1.1825
-19.94,22.05,-999,1.0633,0.80966,1.3466
-17.19,22.05,-999,1.2245,0.94062,1.5426
-14.48,22.05,-999,1.3341,1.0206,1.6532
-11.81,22.05,-999,1.3892,1.0611,1.7293
-9.16,22.05,-999,1.4329,1.0951,1.7911
-6.53,22.05,-999,1.4683,1.1184,1.8492
-3.91,22.05,-999,1.4531,1.1133,1.8323
-1.3,22.05,-999,1.4941,1.1495,1.8709
1.3,22.05,-999,1.5355,1.1992,1.9064
3.91,22.05,-999,1.5369,1.2087,1.8901
6.53,22.05,-999,1.3987,1.0983,1.7139
9.16,22.05,-999,1.1893,0.92451,1.4746
11.81,22.05,-999,0.90158,0.68276,1.143
14.48,22.05,-999,0.60408,0.43228,0.7955
34.64,22.05,-999,0.19544,0.14539,0.25165
37.87,22.05,-999,0.26874,0.20367,0.33976
52.75,22.05,-999,0.90135,0.65873,1.1664
57.32,22.05,-999,0.83173,0.6066,1.0742
-69.02,24.56,-999,0.93763,0.6653,1.245
-41.25,24.56,-999,0.79143,0.58614,1.0161
-37.87,24.56,-999,0.79575,0.57514,1.0402
-34.64,24.56,-999,0.74604,0.54803,0.96363
-31.53,24.56,-999,0.80192,0.57247,1.0562
-28.52,24.56,-999,0.77311,0.56349,1.0036
-25.59,24.56,-999,0.81318,0.60401,1.0453
-22.74,24.56,-999,0.91082,0.68135,1.1676
-19.94,24.56,-999,1.0543,0.80479,1.3342
-17.19,24.56,-999,1.2136,0.93603,1.5212
-14.48,24.56,-999,1.3551,1.0366,1.6972
-11.81,24.56,-999,1.4027,1.0672,1.7614
-9.16,24.56,-999,1.4412,1.0949,1.8021
-6.53,24.56,-999,1.418,1.0762,1.7876
-3.91,24.56,-999,1.4399,1.0997,1.816
-1.3,24.56,-999,1.4731,1.1318,1.8438
1.3,24.56,-999,1.5036,1.1664,1.8682
3.91,24.56,-999,1.4945,1.1636,1.845
6.53,24.56,-999,1.3632,1.0641,1.6816
9.16,24.56,-999,1.1443,0.88171,1.4306
11.81,24.56,-999,0.88252,0.73238,1.0439
41.25,24.56,-999,0.37853,0.23692,0.54241
52.75,24.56,-999,0.91877,0.66922,1.1868
57.32,24.56,-999,0.84361,0.61872,1.0848
-69.02,27.07,-999,0.9311,0.65806,1.2376
-41.25,27.07,-999,0.83984,0.68032,1.0149
-37.87,27.07,-999,0.76106,0.54639,0.99963
-34.64,27.07,-999,0.801,0.56963,1.064
-31.53,27.07,-999,0.75281,0.5356,0.9918
-28.52,27.07,-999,0.76752,0.55949,0.99269
-25.59,27.07,-999,0.79327,0.5884,1.0206
-22.74,27.07,-999,0.8925,0.66669,1.1409
-19.94,27.07,-999,1.0474,0.7979,1.3223
-17.19,27.07,-999,1.2105,0.9337,1.5144
-14.48,27.07,-999,1.3437,1.025,1.6849
-11.81,27.07,-999,1.3911,1.0564,1.7491
-9.16,27.07,-999,1.449,1.0991,1.8175
-6.53,27.07,-999,1.4156,1.078,1.7816
-3.91,27.07,-999,1.4381,1.0987,1.8165
-1.3,27.07,-999,1.4634,1.1273,1.8285
1.3,27.07,-999,1.481,1.1404,1.8436
3.91,27.07,-999,1.4565,1.1256,1.8079
6.53,27.07,-999,1.373,1.0656,1.7024
9.16,27.07,-999,1.0905,0.91619,1.268
11.81,27.07,-999,0.82847,0.68809,0.97808
14.48,27.07,-999,0.55408,0.43278,0.68332
22.74,27.07,-999,0.1819,0.10685,0.27566
25.59,27.07,-999,0.14812,0.097567,0.20654
37.87,27.07,-999,0.28173,0.2102,0.36024
41.25,27.07,-999,0.42542,0.33571,0.52254
44.82,27.07,-999,0.53432,0.4365,0.63781
48.63,27.07,-999,0.78837,0.66389,0.91837
52.75,27.07,-999,0.8794,0.63799,1.1354
57.32,27.07,-999,0.84766,0.62422,1.0826
62.55,27.07,-999,0.68918,0.49669,0.89445
-69.02,29.58,-999,0.9251,0.65019,1.231
-34.64,29.58,-999,0.76106,0.54175,1.0047
-31.53,29.58,-999,0.7432,0.53495,0.97704
-28.52,29.58,-999,0.76054,0.55696,0.97877
-25.59,29.58,-999,0.7789,0.5755,1.0011
-22.74,29.58,-999,0.8852,0.66004,1.1337
-19.94,29.58,-999,1.0384,0.78286,1.3084
-17.19,29.58,-999,1.1966,0.91716,1.5012
-14.48,29.58,-999,1.2834,0.97638,1.6142
-11.81,29.58,-999,1.3816,1.0528,1.7378
-9.16,29.58,-999,1.4472,1.0957,1.8186
-6.53,29.58,-999,1.4167,1.0791,1.7835
-3.91,29.58,-999,1.438,1.0938,1.815
-1.3,29.58,-999,1.6122,1.3833,1.8675
1.3,29.58,-999,1.4814,1.1339,1.8624
3.91,29.58,-999,1.4331,1.0941,1.7938
19.94,29.58,-999,0.24526,0.18695,0.3108
22.74,29.58,-999,0.22011,0.15095,0.30231
28.52,29.58,-999,0.17508,0.11699,0.24307
31.53,29.58,-999,0.17914,0.12422,0.24242
37.87,29.58,-999,0.26921,0.19896,0.34509
41.25,29.58,-999,0.38859,0.30797,0.47565
48.63,29.58,-999,0.69693,0.48446,0.92256
52.75,29.58,-999,0.85833,0.6217,1.1111
57.32,29.58,-999,0.83396,0.61383,1.0614
62.55,29.58,-999,0.71488,0.52165,0.92157
-69.02,32.09,-999,0.92345,0.64654,1.2306
-34.64,32.09,-999,0.75934,0.54375,0.99616
-31.53,32.09,-999,0.73043,0.52612,0.9544
-28.52,32.09,-999,0.74048,0.54248,0.955
-25.59,32.09,-999,0.76657,0.56363,0.98755
-22.74,32.09,-999,0.8988,0.66462,1.1422
-19.94,32.09,-999,1.0363,0.77642,1.308
-17.19,32.09,-999,1.1908,0.90867,1.4967
-14.48,32.09,-999,1.2683,0.96196,1.5953
-11.81,32.09,-999,1.3749,1.0449,1.7312
-9.16,32.09,-999,1.45,1.0997,1.8233
-6.53,32.09,-999,1.4248,1.0815,1.7941
-3.91,32.09,-999,1.4483,1.0993,1.8256
-1.3,32.09,-999,1.6213,1.3828,1.8848
1.3,32.09,-999,1.4788,1.1289,1.8573
9.16,32.09,-999,1.2046,0.9396,1.5137
19.94,32.09,-999,0.35214,0.25651,0.46864
25.59,32.09,-999,0.18728,0.12542,0.25968
28.52,32.09,-999,0.18874,0.12663,0.25951
31.53,32.09,-999,0.18506,0.12937,0.24929
52.75,32.09,-999,0.84669,0.61615,1.0976
57.32,32.09,-999,0.83554,0.61523,1.0636
62.55,32.09,-999,0.71339,0.51882,0.9214
-69.02,34.6,-999,0.9243,0.64265,1.2374
-22.74,34.6,-999,0.90045,0.66357,1.1525
-19.94,34.6,-999,1.039,0.77619,1.3158
-17.19,34.6,-999,1.1676,0.88955,1.4673
-14.48,34.6,-999,1.2582,0.95872,1.5866
-11.81,34.6,-999,1.3829,1.0505,1.7424
-9.16,34.6,-999,1.4617,1.1073,1.8347
-6.53,34.6,-999,1.5275,1.1552,1.9231
-3.91,34.6,-999,1.4657,1.1083,1.8483
-1.3,34.6,-999,1.4903,1.1362,1.884
1.3,34.6,-999,1.4962,1.1394,1.8895
3.91,34.6,-999,1.639,1.3617,1.9443
6.53,34.6,-999,1.479,1.2189,1.7522
22.74,34.6,-999,0.27852,0.19335,0.38009
28.52,34.6,-999,0.18962,0.1149,0.28675
34.64,34.6,-999,0.20202,0.14656,0.26641
52.75,34.6,-999,0.81521,0.59489,1.0563
57.32,34.6,-999,0.80935,0.59434,1.0365
62.55,34.6,-999,0.71848,0.52701,0.92656
-69.02,37.11,-999,0.90848,0.62403,1.2248
-19.94,37.11,-999,1.0011,0.74613,1.2701
-17.19,37.11,-999,1.1276,0.85563,1.4168
-14.48,37.11,-999,1.2431,0.94241,1.5669
-11.81,37.11,-999,1.3942,1.0619,1.7544
-9.16,37.11,-999,1.4888,1.1283,1.8645
-6.53,37.11,-999,1.4737,1.1197,1.845
-3.91,37.11,-999,1.494,1.1314,1.8906
-1.3,37.11,-999,1.5252,1.1625,1.9283
1.3,37.11,-999,1.526,1.1615,1.9246
3.91,37.11,-999,1.6463,1.3854,1.9344
6.53,37.11,-999,1.2592,1.0443,1.4893
17.19,37.11,-999,0.60372,0.46147,0.76835
34.64,37.11,-999,0.20904,0.14955,0.27711
37.87,37.11,-999,0.23475,0.17253,0.30316
48.63,37.11,-999,0.58916,0.41147,0.78375
52.75,37.11,-999,0.77287,0.56237,1.0001
57.32,37.11,-999,0.80189,0.5888,1.0226
62.55,37.11,-999,0.73238,0.53711,0.94189
-69.02,39.62,-999,0.90135,0.61501,1.2234
-41.25,39.62,-999,0.84991,0.70293,1.01
-17.19,39.62,-999,1.0852,0.81408,1.3691
-11.81,39.62,-999,1.3822,1.0499,1.7327
-9.16,39.62,-999,1.4777,1.1226,1.8464
-6.53,39.62,-999,1.6325,1.4098,1.8675
-3.91,39.62,-999,1.5385,1.1753,1.9245
-1.3,39.62,-999,1.5926,1.2096,1.9919
1.3,39.62,-999,1.578,1.1987,1.9926
3.91,39.62,-999,1.5353,1.1764,1.9306
6.53,39.62,-999,1.4235,1.0995,1.7777
9.16,39.62,-999,1.2642,0.98673,1.5797
11.81,39.62,-999,0.93212,0.7682,1.1008
17.19,39.62,-999,0.6559,0.50189,0.8329
34.64,39.62,-999,0.20016,0.13948,0.26848
48.63,39.62,-999,0.52469,0.36526,0.70337
52.75,39.62,-999,0.70635,0.50964,0.92456
57.32,39.62,-999,0.84489,0.63284,1.0724
62.55,39.62,-999,0.743,0.54505,0.95604
-69.02,42.13,-999,0.89716,0.60908,1.2274
-41.25,42.13,-999,0.79849,0.60638,1.0079
-37.87,42.13,-999,0.84848,0.68677,1.0201
-11.81,42.13,-999,1.391,1.0584,1.752
-9.16,42.13,-999,1.4273,1.0883,1.7822
-6.53,42.13,-999,1.4861,1.1386,1.8398
-3.91,42.13,-999,1.546,1.1829,1.9269
-1.3,42.13,-999,1.6172,1.2349,2.0154
1.3,42.13,-999,1.583,1.2108,1.9884
3.91,42.13,-999,1.5756,1.2159,1.9671
6.53,42.13,-999,1.4427,1.1202,1.7957
41.25,42.13,-999,0.27611,0.21289,0.34572
52.75,42.13,-999,0.66449,0.47651,0.87136
57.32,42.13,-999,0.84173,0.63232,1.0703
62.55,42.13,-999,0.75578,0.55515,0.97085
-69.02,44.64,-999,0.89515,0.59937,1.2329
-48.63,44.64,-999,0.81348,0.62838,1.0075
-44.82,44.64,-999,0.83981,0.64569,1.0485
-37.87,44.64,-999,0.79812,0.60302,1.0138
-17.19,44.64,-999,1.0299,0.83694,1.2239
-6.53,44.64,-999,1.4518,1.1041,1.8109
-3.91,44.64,-999,1.5426,1.1795,1.9256
-1.3,44.64,-999,1.6662,1.2704,2.0747
1.3,44.64,-999,1.5914,1.2219,1.9932
17.19,44.64,-999,0.64517,0.52198,0.77181
19.94,44.64,-999,0.66901,0.50826,0.84667
34.64,44.64,-999,0.22268,0.1547,0.29877
41.25,44.64,-999,0.28209,0.21817,0.35162
48.63,44.64,-999,0.47629,0.38233,0.57767
52.75,44.64,-999,0.61108,0.43141,0.80473
57.32,44.64,-999,0.84205,0.63614,1.0705
62.55,44.64,-999,0.76454,0.56223,0.98028
-69.02,47.15,-999,0.89522,0.59655,1.2349
-62.55,47.15,-999,0.9733,0.766,1.1953
-44.82,47.15,-999,0.75459,0.6042,0.91995
-41.25,47.15,-999,0.79918,0.61106,1.0035
-37.87,47.15,-999,0.77492,0.58654,0.98473
-34.64,47.15,-999,0.72998,0.53924,0.93519
-17.19,47.15,-999,1.0773,0.87961,1.2801
-1.3,47.15,-999,1.7521,1.5162,1.9996
57.32,47.15,-999,0.83801,0.63182,1.0646
62.55,47.15,-999,0.77901,0.5754,0.99816
69.02,47.15,-999,0.71113,0.51656,0.92594
-69.02,49.66,-999,0.8814,0.58133,1.22
-41.25,49.66,-999,0.81692,0.62495,1.028
-37.87,49.66,-999,0.78815,0.59719,0.99534
-34.64,49.66,-999,0.74189,0.55725,0.95211
3.91,49.66,-999,1.5142,1.2791,1.7673
44.82,49.66,-999,0.26036,0.16686,0.36922
57.32,49.66,-999,0.82312,0.62141,1.0487
62.55,49.66,-999,0.80088,0.5953,1.0205
69.02,49.66,-999,0.71234,0.51454,0.92578
-69.02,52.17,-999,0.88008,0.58106,1.2136
-41.25,52.17,-999,0.80761,0.6152,1.018
-37.87,52.17,-999,0.74098,0.55493,0.94042
-34.64,52.17,-999,0.73173,0.5508,0.93473
-31.53,52.17,-999,0.80344,0.60965,1.0137
-9.16,52.17,-999,1.5787,1.3642,1.8
-1.3,52.17,-999,1.7885,1.5432,2.044
1.3,52.17,-999,1.569,1.3252,1.8308
3.91,52.17,-999,1.7253,1.4098,2.0649
52.75,52.17,-999,0.55853,0.40254,0.73012
57.32,52.17,-999,0.79326,0.60008,1.0086
62.55,52.17,-999,0.78972,0.58506,1.0102
-69.02,54.68,-999,0.87389,0.58605,1.1975
-41.25,54.68,-999,0.79781,0.60745,1.0028
-37.87,54.68,-999,0.73877,0.55609,0.93547
-31.53,54.68,-999,0.82515,0.63122,1.0369
-28.52,54.68,-999,0.7882,0.5925,0.9963
52.75,54.68,-999,0.53746,0.38343,0.70742
57.32,54.68,-999,0.71139,0.52525,0.91373
62.55,54.68,-999,0.88994,0.75425,1.032
-69.02,57.19,-999,0.87323,0.59303,1.1881
-41.25,57.19,-999,0.78616,0.59926,0.98783
-37.87,57.19,-999,0.74868,0.56744,0.94406
-34.64,57.19,-999,0.77944,0.59296,0.98842
-31.53,57.19,-999,0.84128,0.64572,1.0559
-28.52,57.19,-999,0.80705,0.61279,1.0157
-25.59,57.19,-999,0.94326,0.79085,1.1099
52.75,57.19,-999,0.49611,0.35498,0.65273
57.32,57.19,-999,0.69208,0.50769,0.89305
62.55,57.19,-999,0.80461,0.59596,1.0311
-69.02,59.7,-999,0.86414,0.59123,1.1699
-41.25,59.7,-999,0.80504,0.6139,1.0155
-37.87,59.7,-999,0.8089,0.61352,1.0179
-34.64,59.7,-999,0.7921,0.60364,1.0039
-31.53,59.7,-999,0.78245,0.59531,0.9826
-28.52,59.7,-999,0.83637,0.63714,1.049
-25.59,59.7,-999,0.87604,0.65969,1.1003
52.75,59.7,-999,0.48159,0.34413,0.63109
57.32,59.7,-999,0.66593,0.48364,0.8617
62.55,59.7,-999,0.78865,0.57775,1.0217
-69.02,62.21,-999,0.85652,0.59026,1.1481
-41.25,62.21,-999,0.79102,0.60153,0.99901
-37.87,62.21,-999,0.82853,0.63116,1.0448
-34.64,62.21,-999,0.76263,0.57717,0.9592
-31.53,62.21,-999,0.779,0.59051,0.9814
52.75,62.21,-999,0.45708,0.32561,0.60249
57.32,62.21,-999,0.63955,0.46394,0.82906
-69.02,64.72,-999,0.85285,0.59184,1.1368
-41.25,64.72,-999,0.91413,0.77807,1.0634
-37.87,64.72,-999,0.73858,0.55805,0.9332
-34.64,64.72,-999,0.73243,0.55188,0.92723
48.63,64.72,-999,0.25787,0.16449,0.36535
52.75,64.72,-999,0.40591,0.28013,0.54408
57.32,64.72,-999,0.61416,0.43786,0.80155
-69.02,67.23,-999,0.85452,0.59666,1.1361
-41.25,67.23,-999,0.75813,0.572,0.96151
-37.87,67.23,-999,0.74065,0.56035,0.93728
44.82,67.23,-999,0.18843,0.10941,0.28821
48.63,67.23,-999,0.25064,0.16031,0.35655
52.75,67.23,-999,0.3858,0.25961,0.52272
-69.02,69.74,-999,0.8595,0.6041,1.1382
-41.25,69.74,-999,0.87897,0.74459,1.0269
-37.87,69.74,-999,0.72241,0.5452,0.91802
31.53,69.74,-999,0.65357,0.46715,0.85549
44.82,69.74,-999,0.18679,0.10705,0.28669
48.63,69.74,-999,0.28727,0.20904,0.38056
52.75,69.74,-999,0.36692,0.24485,0.50212
-69.02,72.25,-999,0.85252,0.6003,1.1308
-41.25,72.25,-999,0.79626,0.6039,1.0091
44.82,72.25,-999,0.17848,0.10359,0.27085
48.63,72.25,-999,0.29998,0.21408,0.40343
52.75,72.25,-999,0.35836,0.23686,0.49546
-69.02,74.76,-999,0.8441,0.59284,1.1222
-41.25,74.76,-999,0.7345,0.5537,0.9363
41.25,74.76,-999,0.19552,0.1124,0.29596
44.82,74.76,-999,0.23574,0.15623,0.33531
48.63,74.76,-999,0.21757,0.13518,0.31534
52.75,74.76,-999,0.35404,0.23369,0.49401
-69.02,77.27,-999,0.84204,0.59654,1.114
41.25,77.27,-999,0.20232,0.11559,0.30656
44.82,77.27,-999,0.19902,0.11656,0.30296
48.63,77.27,-999,0.21972,0.13599,0.31968
52.75,77.27,-999,0.35233,0.2316,0.49449
-69.02,79.78,-999,0.84443,0.60321,1.1114
34.64,79.78,-999,0.68348,0.48268,0.90081
37.87,79.78,-999,0.34593,0.24534,0.45942
41.25,79.78,-999,0.24026,0.14565,0.3522
44.82,79.78,-999,0.20315,0.12305,0.30564
48.63,79.78,-999,0.27169,0.19034,0.36572
52.75,79.78,-999,0.35521,0.23466,0.49498
-69.02,82.29,-999,0.84115,0.6085,1.0977
34.64,82.29,-999,0.72477,0.51798,0.9537
37.87,82.29,-999,0.38492,0.29097,0.48679
44.82,82.29,-999,0.23207,0.14168,0.34684
48.63,82.29,-999,0.23792,0.15052,0.34316
52.75,82.29,-999,0.36217,0.24085,0.50145
69.02,82.29,-999,0.61105,0.42479,0.81418
-69.02,84.8,-999,0.85849,0.62514,1.115
34.64,84.8,-999,0.80447,0.58199,1.0496
37.87,84.8,-999,0.4268,0.32899,0.53161
41.25,84.8,-999,0.26735,0.1975,0.34794
44.82,84.8,-999,0.24582,0.15305,0.36204
48.63,84.8,-999,0.25386,0.16428,0.36152
52.75,84.8,-999,0.37783,0.25567,0.5193
57.32,84.8,-999,0.6644,0.52057,0.82574
62.55,84.8,-999,0.65497,0.472,0.86189
69.02,84.8,-999,0.69382,0.55832,0.85032
-69.02,87.31,-999,0.85019,0.62541,1.0993
31.53,87.31,-999,0.99108,0.71687,1.2878
34.64,87.31,-999,0.82417,0.60205,1.0606
37.87,87.31,-999,0.46408,0.35921,0.57333
41.25,87.31,-999,0.32591,0.21443,0.45659
44.82,87.31,-999,0.26303,0.16748,0.37852
48.63,87.31,-999,0.27106,0.17672,0.3832
52.75,87.31,-999,0.39613,0.26982,0.54147
57.32,87.31,-999,0.57856,0.40641,0.77491
62.55,87.31,-999,0.64898,0.46746,0.84576
69.02,87.31,-999,0.58648,0.40607,0.7838
-69.02,89.82,-999,0.83993,0.62229,1.0825
31.53,89.82,-999,1.1192,0.82655,1.4295
34.64,89.82,-999,0.90561,0.67067,1.1597
37.87,89.82,-999,0.51441,0.40548,0.62832
41.25,89.82,-999,0.35805,0.23995,0.49737
44.82,89.82,-999,0.28458,0.18431,0.40357
48.63,89.82,-999,0.29558,0.19705,0.41205
52.75,89.82,-999,0.41211,0.28443,0.55982
57.32,89.82,-999,0.58487,0.41201,0.77875
62.55,89.82,-999,0.6416,0.46248,0.83512
69.02,89.82,-999,0.56703,0.39147,0.75818
-69.02,92.33,-999,0.82496,0.61288,1.0566
31.53,92.33,-999,1.1583,0.86597,1.4644
34.64,92.33,-999,0.91891,0.68078,1.1771
37.87,92.33,-999,0.6064,0.48894,0.72907
41.25,92.33,-999,0.39428,0.26884,0.54517
44.82,92.33,-999,0.31448,0.20765,0.44174
48.63,92.33,-999,0.32199,0.21719,0.44503
52.75,92.33,-999,0.43829,0.30529,0.5937
57.32,92.33,-999,0.59487,0.42106,0.78784
62.55,92.33,-999,0.63466,0.45864,0.82565
69.02,92.33,-999,0.55011,0.37876,0.74069
31.53,94.84,-999,1.203,0.90489,1.5175
34.64,94.84,-999,0.99352,0.74275,1.2657
37.87,94.84,-999,0.7002,0.50763,0.91219
41.25,94.84,-999,0.43637,0.30162,0.59584
44.82,94.84,-999,0.35256,0.23755,0.4881
48.63,94.84,-999,0.34745,0.23665,0.47577
52.75,94.84,-999,0.4709,0.32904,0.63526
57.32,94.84,-999,0.60718,0.43194,0.79774
62.55,94.84,-999,0.62943,0.45416,0.81564
69.02,94.84,-999,0.53522,0.36632,0.71998
-62.55,97.35,-999,0.90514,0.7184,1.1053
22.74,97.35,-999,1.2088,0.92614,1.5181
31.53,97.35,-999,1.2311,0.93733,1.5435
34.64,97.35,-999,1.0189,0.76658,1.2934
37.87,97.35,-999,0.74401,0.54769,0.95723
41.25,97.35,-999,0.48741,0.34289,0.65643
44.82,97.35,-999,0.39076,0.2679,0.53366
48.63,97.35,-999,0.38426,0.2656,0.52039
52.75,97.35,-999,0.50303,0.35494,0.6755
57.32,97.35,-999,0.62243,0.44869,0.81519
62.55,97.35,-999,0.62209,0.44986,0.80842
69.02,97.35,-999,0.52253,0.35588,0.70835
-62.55,99.86,-999,0.94411,0.75009,1.151
31.53,99.86,-999,1.2701,0.96956,1.5902
34.64,99.86,-999,1.077,0.8189,1.3557
37.87,99.86,-999,0.80307,0.59664,1.0273
41.25,99.86,-999,0.56173,0.40419,0.74262
44.82,99.86,-999,0.43083,0.29705,0.5848
48.63,99.86,-999,0.42476,0.29719,0.56845
52.75,99.86,-999,0.53713,0.38277,0.71361
57.32,99.86,-999,0.6479,0.4681,0.84549
62.55,99.86,-999,0.70561,0.59246,0.82603
69.02,99.86,-999,0.51077,0.34603,0.69391
-62.55,102.37,-999,0.94131,0.74676,1.1484
-57.32,102.37,-999,0.88208,0.68247,1.1
19.94,102.37,-999,1.2601,0.96661,1.5926
31.53,102.37,-999,1.2889,0.98783,1.6065
34.64,102.37,-999,1.1285,0.86029,1.4113
37.87,102.37,-999,0.86467,0.6511,1.0965
41.25,102.37,-999,0.62376,0.45251,0.8132
44.82,102.37,-999,0.47911,0.33429,0.64486
48.63,102.37,-999,0.46551,0.33016,0.61908
52.75,102.37,-999,0.5669,0.40802,0.7428
57.32,102.37,-999,0.66967,0.48757,0.8725
62.55,102.37,-999,0.61424,0.44496,0.79759
69.02,102.37,-999,0.50236,0.33922,0.6857
-69.02,104.88,-999,0.85814,0.65186,1.0764
-62.55,104.88,-999,1.0062,0.79861,1.2327
-57.32,104.88,-999,0.90676,0.70352,1.1273
28.52,104.88,-999,1.2982,0.99208,1.6273
31.53,104.88,-999,1.3015,1.0008,1.6228
34.64,104.88,-999,1.1615,0.89166,1.4496
37.87,104.88,-999,0.90759,0.69111,1.1426
41.25,104.88,-999,0.67565,0.49495,0.87066
44.82,104.88,-999,0.56678,0.40706,0.7409
48.63,104.88,-999,0.51389,0.36886,0.67666
52.75,104.88,-999,0.60538,0.43942,0.78465
57.32,104.88,-999,0.69304,0.50561,0.89363
62.55,104.88,-999,0.61859,0.44808,0.80083
69.02,104.88,-999,0.49616,0.33483,0.67951
-69.02,107.39,-999,0.81975,0.63649,1.0191
-62.55,107.39,-999,0.97843,0.77416,1.2
-57.32,107.39,-999,0.92819,0.71867,1.1535
-52.75,107.39,-999,0.88698,0.67859,1.1238
25.59,107.39,-999,1.3045,0.99975,1.635
28.52,107.39,-999,1.3261,1.0156,1.6525
31.53,107.39,-999,1.314,1.0116,1.6363
34.64,107.39,-999,1.191,0.92168,1.4848
37.87,107.39,-999,0.95126,0.727,1.1921
41.25,107.39,-999,0.73112,0.54122,0.93524
44.82,107.39,-999,0.61713,0.44734,0.79973
48.63,107.39,-999,0.56608,0.41237,0.73568
52.75,107.39,-999,0.64819,0.47592,0.83494
57.32,107.39,-999,0.71924,0.52865,0.92423
62.55,107.39,-999,0.62548,0.45334,0.8109
69.02,107.39,-999,0.49227,0.32967,0.67497
-69.02,109.9,-999,0.85099,0.66377,1.0529
-62.55,109.9,-999,1.0993,0.94252,1.2722
-57.32,109.9,-999,0.94248,0.72779,1.1708
-52.75,109.9,-999,0.86643,0.65781,1.0994
25.59,109.9,-999,1.3277,1.0174,1.6609
28.52,109.9,-999,1.3926,1.0726,1.7374
31.53,109.9,-999,1.3441,1.0341,1.6703
34.64,109.9,-999,1.2246,0.94537,1.5215
37.87,109.9,-999,0.996,0.76272,1.2473
41.25,109.9,-999,0.78779,0.5868,1.0003
44.82,109.9,-999,0.67239,0.49456,0.86664
48.63,109.9,-999,0.62206,0.45676,0.80063
52.75,109.9,-999,0.69277,0.51386,0.88923
57.32,109.9,-999,0.74381,0.54977,0.95351
62.55,109.9,-999,0.63477,0.46018,0.8212
69.02,109.9,-999,0.48966,0.32805,0.67279
-69.02,112.41,-999,0.8413,0.65921,1.0462
-62.55,112.41,-999,1.0558,0.90706,1.2187
-57.32,112.41,-999,0.98541,0.76236,1.2347
-52.75,112.41,-999,0.86862,0.65593,1.1058
22.74,112.41,-999,1.3893,1.0614,1.7476
25.59,112.41,-999,1.3829,1.0623,1.7232
28.52,112.41,-999,1.4013,1.0786,1.7429
31.53,112.41,-999,1.4081,1.0834,1.7477
34.64,112.41,-999,1.2608,0.96521,1.5698
37.87,112.41,-999,1.0437,0.79846,1.3064
41.25,112.41,-999,0.84463,0.63228,1.0698
44.82,112.41,-999,0.73054,0.54054,0.937
48.63,112.41,-999,0.68152,0.50393,0.87277
52.75,112.41,-999,0.74251,0.55286,0.94838
57.32,112.41,-999,0.77304,0.57637,0.99127
62.55,112.41,-999,0.64624,0.46852,0.83804
69.02,112.41,-999,0.49002,0.32812,0.67509
-62.55,114.92,-999,0.92634,0.73157,1.1392
-57.32,114.92,-999,0.99723,0.77183,1.2543
-52.75,114.92,-999,0.87785,0.662,1.1221
17.19,114.92,-999,1.8478,1.4634,2.2641
19.94,114.92,-999,1.5859,1.243,1.9589
22.74,114.92,-999,1.4112,1.1469,1.6886
25.59,114.92,-999,1.3457,1.0811,1.6194
28.52,114.92,-999,1.4354,1.0981,1.7872
31.53,114.92,-999,1.3413,1.0847,1.6103
34.64,114.92,-999,1.2492,1.0119,1.4942
37.87,114.92,-999,1.0987,0.8337,1.3829
41.25,114.92,-999,0.84554,0.68581,1.0153
44.82,114.92,-999,0.79252,0.58746,1.0126
48.63,114.92,-999,0.7393,0.54962,0.94113
52.75,114.92,-999,0.79423,0.59343,1.0109
57.32,114.92,-999,0.80549,0.60274,1.0305
62.55,114.92,-999,0.66524,0.48072,0.86421
69.02,114.92,-999,0.4709,0.31964,0.64641
-62.55,117.43,-999,1.0242,0.87623,1.185
-57.32,117.43,-999,1.0144,0.78607,1.2769
-52.75,117.43,-999,0.89205,0.67031,1.1402
-48.63,117.43,-999,0.82379,0.61203,1.0622
11.81,117.43,-999,2.3918,1.8957,2.9273
14.48,117.43,-999,2.1061,1.6767,2.5776
17.19,117.43,-999,1.8624,1.4777,2.2863
19.94,117.43,-999,1.658,1.3013,2.04
22.74,117.43,-999,1.4511,1.1777,1.7385
25.59,117.43,-999,1.4309,1.0986,1.7763
28.52,117.43,-999,1.3992,1.1229,1.6912
31.53,117.43,-999,1.4502,1.1092,1.814
34.64,117.43,-999,1.2665,1.0234,1.5236
37.87,117.43,-999,1.1597,0.87682,1.4592
41.25,117.43,-999,0.92688,0.69573,1.1722
44.82,117.43,-999,0.83392,0.6244,1.0556
48.63,117.43,-999,0.80003,0.59656,1.0119
52.75,117.43,-999,0.84061,0.63395,1.0641
57.32,117.43,-999,0.81867,0.61721,1.0446
62.55,117.43,-999,0.68282,0.49144,0.88752
69.02,117.43,-999,0.47618,0.32297,0.65854
-69.02,119.94,-999,0.92544,0.73821,1.1336
-57.32,119.94,-999,1.011,0.78376,1.2737
-52.75,119.94,-999,0.89791,0.67273,1.1507
-48.63,119.94,-999,0.85064,0.63597,1.1006
-44.82,119.94,-999,0.76324,0.55775,0.99646
14.48,119.94,-999,2.1098,1.6798,2.5855
17.19,119.94,-999,1.9296,1.529,2.3611
19.94,119.94,-999,1.7228,1.3605,2.1171
22.74,119.94,-999,1.4954,1.1694,1.8516
25.59,119.94,-999,1.4671,1.1345,1.8141
28.52,119.94,-999,1.5035,1.1513,1.8793
31.53,119.94,-999,1.4961,1.1365,1.8749
34.64,119.94,-999,1.3771,1.0507,1.7335
37.87,119.94,-999,1.142,0.86881,1.4405
41.25,119.94,-999,0.99441,0.74662,1.2602
44.82,119.94,-999,0.91052,0.6794,1.1574
48.63,119.94,-999,0.92125,0.70295,1.1675
52.75,119.94,-999,0.88745,0.66915,1.1226
57.32,119.94,-999,0.85062,0.63939,1.0872
62.55,119.94,-999,0.69988,0.50221,0.91429
69.02,119.94,-999,0.48226,0.3273,0.66542
-57.32,122.45,-999,1.0209,0.79,1.2869
-52.75,122.45,-999,0.91155,0.68099,1.173
-48.63,122.45,-999,0.85208,0.63209,1.1064
-44.82,122.45,-999,0.77139,0.56724,1.0045
9.16,122.45,-999,2.7178,2.1527,3.3279
11.81,122.45,-999,2.4277,1.9239,2.9817
17.19,122.45,-999,1.9296,1.5314,2.3656
19.94,122.45,-999,1.7122,1.3418,2.1053
22.74,122.45,-999,1.5081,1.1776,1.8572
25.59,122.45,-999,1.5221,1.1781,1.8836
28.52,122.45,-999,1.5298,1.1756,1.906
31.53,122.45,-999,1.5065,1.1497,1.8858
34.64,122.45,-999,1.3619,1.0304,1.709
37.87,122.45,-999,1.179,0.89477,1.4879
41.25,122.45,-999,1.0533,0.79,1.3317
44.82,122.45,-999,0.96917,0.72199,1.2299
48.63,122.45,-999,0.91254,0.68099,1.155
52.75,122.45,-999,0.93288,0.69847,1.1819
57.32,122.45,-999,0.8755,0.65781,1.1184
62.55,122.45,-999,0.70719,0.51037,0.925
69.02,122.45,-999,0.56335,0.44584,0.69118
-69.02,124.96,-999,0.94507,0.75168,1.1679
-62.55,124.96,-999,1.1026,0.93638,1.2823
-57.32,124.96,-999,1.0102,0.77964,1.2726
-52.75,124.96,-999,0.9049,0.66716,1.1687
-48.63,124.96,-999,0.8442,0.62194,1.1016
-44.82,124.96,-999,0.77293,0.56723,1.0066
-1.3,124.96,-999,2.5303,2.0016,3.0872
1.3,124.96,-999,2.7534,2.1955,3.3562
6.53,124.96,-999,2.8608,2.257,3.5178
9.16,124.96,-999,2.6983,2.1199,3.3279
25.59,124.96,-999,1.5966,1.2425,1.9821
28.52,124.96,-999,1.5728,1.2121,1.9614
31.53,124.96,-999,1.4538,1.1177,1.8144
34.64,124.96,-999,1.3031,1.043,1.5801
37.87,124.96,-999,1.1488,0.91997,1.3968
41.25,124.96,-999,1.0941,0.82392,1.3904
44.82,124.96,-999,1.0234,0.7608,1.2983
48.63,124.96,-999,0.97033,0.72002,1.2301
52.75,124.96,-999,0.97611,0.72984,1.2426
57.32,124.96,-999,1.012,0.86639,1.1793
62.55,124.96,-999,0.71908,0.52095,0.94072
69.02,124.96,-999,0.52131,0.35672,0.70867
-69.02,127.47,-999,1.0075,0.78951,1.2518
-62.55,127.47,-999,0.97676,0.77295,1.203
-57.32,127.47,-999,1.0063,0.77387,1.2665
-52.75,127.47,-999,0.91,0.66941,1.1783
-48.63,127.47,-999,0.85128,0.62524,1.1087
-44.82,127.47,-999,0.81768,0.60597,1.0638
3.91,127.47,-999,3.0525,2.4135,3.7539
25.59,127.47,-999,1.5827,1.224,1.9479
28.52,127.47,-999,1.5264,1.1771,1.8972
31.53,127.47,-999,1.4013,1.1298,1.6894
34.64,127.47,-999,1.299,1.0386,1.578
37.87,127.47,-999,1.19,0.94926,1.4483
41.25,127.47,-999,1.134,0.85081,1.4437
44.82,127.47,-999,1.0412,0.77003,1.3289
48.63,127.47,-999,1.0235,0.75383,1.2998
52.75,127.47,-999,1.024,0.76235,1.2987
57.32,127.47,-999,0.92946,0.69422,1.1907
62.55,127.47,-999,0.73518,0.53472,0.96185
69.02,127.47,-999,0.53375,0.36766,0.72605
-62.55,129.98,-999,1.0054,0.79564,1.2356
-57.32,129.98,-999,0.96877,0.73686,1.2222
-52.75,129.98,-999,0.9179,0.67174,1.1898
-48.63,129.98,-999,0.86727,0.63458,1.1316
-44.82,129.98,-999,0.81627,0.60771,1.0604
1.3,129.98,-999,2.866,2.2587,3.5256
3.91,129.98,-999,2.908,2.2712,3.6126
28.52,129.98,-999,1.5151,1.1522,1.8828
31.53,129.98,-999,1.5753,1.2389,1.9355
34.64,129.98,-999,1.321,1.0609,1.6023
37.87,129.98,-999,1.2904,0.97065,1.6272
41.25,129.98,-999,1.1754,0.88067,1.4982
44.82,129.98,-999,1.0841,0.79931,1.3828
48.63,129.98,-999,1.0606,0.77737,1.3497
52.75,129.98,-999,1.0615,0.78731,1.3487
57.32,129.98,-999,0.95715,0.7096,1.2288
62.55,129.98,-999,0.75259,0.54819,0.98485
69.02,129.98,-999,0.54783,0.38007,0.7415
-69.02,132.49,-999,1.0232,0.79474,1.2794
-62.55,132.49,-999,0.99917,0.78768,1.2237
-57.32,132.49,-999,0.96776,0.73607,1.2212
-52.75,132.49,-999,0.98387,0.72775,1.2775
-48.63,132.49,-999,0.88642,0.64721,1.1597
-44.82,132.49,-999,0.83197,0.61732,1.0814
-9.16,132.49,-999,2.3682,1.7739,3.0072
31.53,132.49,-999,1.4968,1.1383,1.8628
34.64,132.49,-999,1.3224,1.0565,1.6105
37.87,132.49,-999,1.2378,0.98725,1.5097
41.25,132.49,-999,1.1494,0.90819,1.4119
44.82,132.49,-999,1.1344,0.83591,1.4476
48.63,132.49,-999,1.0994,0.80827,1.4
52.75,132.49,-999,1.0811,0.80539,1.3814
57.32,132.49,-999,1.0851,0.92367,1.2705
62.55,132.49,-999,0.7723,0.5639,1.0086
69.02,132.49,-999,0.56454,0.39515,0.76228
-62.55,135,-999,1.0008,0.78822,1.2277
-57.32,135,-999,0.96874,0.7376,1.224
-52.75,135,-999,0.99495,0.7369,1.2917
-48.63,135,-999,0.89609,0.64815,1.172
-44.82,135,-999,0.83296,0.61452,1.0849
-41.25,135,-999,0.78554,0.58868,1.0098
-9.16,135,-999,2.2143,1.6319,2.815
34.64,135,-999,1.3913,1.0544,1.7376
37.87,135,-999,1.3185,0.99475,1.6604
41.25,135,-999,1.2273,0.91764,1.5642
44.82,135,-999,1.1675,0.86163,1.4909
48.63,135,-999,1.1181,0.82181,1.426
52.75,135,-999,1.1058,0.82347,1.4129
57.32,135,-999,0.98263,0.72877,1.2651
62.55,135,-999,0.79429,0.5782,1.0339
69.02,135,-999,0.58369,0.41163,0.78177
-69.02,137.51,-999,1.012,0.77874,1.2761
-62.55,137.51,-999,0.94784,0.74331,1.1682
-57.32,137.51,-999,0.97827,0.74891,1.2332
-52.75,137.51,-999,0.92218,0.67229,1.1987
-48.63,137.51,-999,0.89267,0.64199,1.1704
-44.82,137.51,-999,0.85798,0.62873,1.121
-41.25,137.51,-999,0.80462,0.60134,1.032
1.3,137.51,-999,2.9855,2.5197,3.4841
37.87,137.51,-999,1.3027,0.98579,1.6328
41.25,137.51,-999,1.27,0.95147,1.6131
44.82,137.51,-999,1.1804,0.87651,1.505
48.63,137.51,-999,1.1399,0.83849,1.4545
52.75,137.51,-999,1.1095,0.82281,1.4187
57.32,137.51,-999,0.9993,0.73793,1.2853
62.55,137.51,-999,0.81112,0.59224,1.053
69.02,137.51,-999,0.6041,0.42935,0.80408
-69.02,140.02,-999,0.93905,0.69008,1.2052
-62.55,140.02,-999,0.94837,0.74391,1.1679
-57.32,140.02,-999,1.0183,0.77981,1.2906
-52.75,140.02,-999,0.9645,0.70618,1.2501
-48.63,140.02,-999,0.88407,0.6318,1.163
-44.82,140.02,-999,0.85429,0.62273,1.1164
-41.25,140.02,-999,0.81759,0.60746,1.0476
41.25,140.02,-999,1.3011,0.97611,1.6455
44.82,140.02,-999,1.2251,0.91312,1.5537
48.63,140.02,-999,1.1582,0.85002,1.4786
52.75,140.02,-999,1.0614,0.82923,1.3124
57.32,140.02,-999,1.1223,0.95322,1.303
62.55,140.02,-999,0.82738,0.60373,1.0701
69.02,140.02,-999,0.61933,0.44274,0.81722
-69.02,142.53,-999,0.97376,0.71454,1.2495
-62.55,142.53,-999,0.94975,0.74464,1.1707
-57.32,142.53,-999,0.96848,0.7341,1.2247
-52.75,142.53,-999,0.97162,0.71235,1.2578
-48.63,142.53,-999,0.87666,0.62763,1.1605
41.25,142.53,-999,1.3252,0.99317,1.6726
44.82,142.53,-999,1.1655,0.91347,1.4293
48.63,142.53,-999,1.154,0.85113,1.4696
52.75,142.53,-999,1.2508,1.0716,1.447
57.32,142.53,-999,1.0063,0.74384,1.2881
62.55,142.53,-999,0.83734,0.61601,1.0805
69.02,142.53,-999,0.64186,0.4609,0.84234
-69.02,145.04,-999,1.097,0.85038,1.3743
-62.55,145.04,-999,0.951,0.74597,1.173
-57.32,145.04,-999,0.98275,0.74993,1.2428
-52.75,145.04,-999,0.98948,0.72714,1.2808
-48.63,145.04,-999,0.8834,0.62725,1.1705
44.82,145.04,-999,1.4192,1.212,1.6372
48.63,145.04,-999,1.1541,0.85477,1.4637
52.75,145.04,-999,1.2619,1.0871,1.4553
57.32,145.04,-999,1.0053,0.73939,1.2858
62.55,145.04,-999,0.85045,0.62764,1.0941
69.02,145.04,-999,0.65861,0.47537,0.86129
-69.02,147.55,-999,0.98785,0.72646,1.2628
-62.55,147.55,-999,0.95417,0.74898,1.1758
-52.75,147.55,-999,1.014,0.74465,1.3182
-48.63,147.55,-999,0.91734,0.65933,1.2188
-44.82,147.55,-999,0.90689,0.664,1.1939
37.87,147.55,-999,1.3245,1.0036,1.6552
48.63,147.55,-999,1.184,0.8783,1.505
52.75,147.55,-999,1.2442,1.0649,1.4387
57.32,147.55,-999,1.0254,0.76347,1.3052
62.55,147.55,-999,0.86302,0.6368,1.1164
69.02,147.55,-999,0.68361,0.4917,0.89207
-69.02,150.06,-999,1.009,0.75015,1.287
-62.55,150.06,-999,0.95429,0.74903,1.1761
-57.32,150.06,-999,1.0599,0.88285,1.2536
-52.75,150.06,-999,1.0018,0.73654,1.3084
-48.63,150.06,-999,0.94727,0.67936,1.2583
-44.82,150.06,-999,0.88207,0.6378,1.164
44.82,150.06,-999,1.371,1.1764,1.5728
48.63,150.06,-999,1.2778,0.96208,1.6126
57.32,150.06,-999,1.0337,0.76471,1.3147
69.02,150.06,-999,0.71437,0.51405,0.93221
-69.02,152.57,-999,1.1327,0.88946,1.4055
-62.55,152.57,-999,1.0762,0.91644,1.2519
-57.32,152.57,-999,0.9968,0.75911,1.2658
-52.75,152.57,-999,1.0026,0.73536,1.3127
-48.63,152.57,-999,0.9468,0.67682,1.2572
-44.82,152.57,-999,0.90364,0.65286,1.1891
34.64,152.57,-999,1.4106,1.0784,1.7565
48.63,152.57,-999,1.2332,0.92711,1.5508
52.75,152.57,-999,1.1234,0.8333,1.4294
69.02,152.57,-999,0.74631,0.53543,0.97563
-69.02,155.08,-999,1.0175,0.76654,1.2898
-62.55,155.08,-999,0.9719,0.75671,1.1959
-57.32,155.08,-999,0.99545,0.75902,1.26
-52.75,155.08,-999,1.0303,0.75409,1.3489
-48.63,155.08,-999,0.96294,0.68336,1.278
-44.82,155.08,-999,0.9136,0.65835,1.2058
-19.94,155.08,-999,1.8141,1.456,2.1634
31.53,155.08,-999,1.4852,1.1476,1.8455
52.75,155.08,-999,1.1268,0.83874,1.4295
69.02,155.08,-999,0.84573,0.69443,1.0068
-69.02,157.59,-999,0.98333,0.74588,1.2393
-62.55,157.59,-999,1,0.78037,1.2374
-57.32,157.59,-999,1.0038,0.76135,1.2714
-52.75,157.59,-999,0.98258,0.70858,1.2876
-48.63,157.59,-999,0.95955,0.68124,1.2719
-44.82,157.59,-999,0.93772,0.67284,1.2405
48.63,157.59,-999,1.3247,1.1451,1.5164
52.75,157.59,-999,1.2396,1.0677,1.4241
69.02,157.59,-999,0.88365,0.7208,1.0556
-69.02,160.1,-999,1.0966,0.87953,1.3431
-62.55,160.1,-999,0.99722,0.77948,1.233
-57.32,160.1,-999,0.96819,0.72519,1.2336
-52.75,160.1,-999,0.98168,0.70755,1.2843
-48.63,160.1,-999,0.94899,0.66821,1.2655
-44.82,160.1,-999,0.93189,0.67146,1.2289
69.02,160.1,-999,0.92628,0.74589,1.1194
-69.02,162.61,-999,1.0897,0.87821,1.3275
-62.55,162.61,-999,0.9959,0.77695,1.2305
-57.32,162.61,-999,0.96773,0.72718,1.2294
-52.75,162.61,-999,0.94756,0.68069,1.2436
69.02,162.61,-999,0.89576,0.72093,1.0932
-69.02,165.12,-999,0.96161,0.73473,1.2033
-62.55,165.12,-999,1.0013,0.78069,1.2338
-57.32,165.12,-999,0.9532,0.7175,1.2114
69.02,165.12,-999,0.84361,0.59864,1.1172
-69.02,167.63,-999,1.0081,0.76907,1.2644
-62.55,167.63,-999,0.95784,0.74477,1.1838
69.02,167.63,-999,0.87475,0.61725,1.1632
69.02,170.14,-999,0.88168,0.62395,1.1711
-69.02,172.65,-999,0.96441,0.74095,1.2019
69.02,172.65,-999,0.87905,0.62261,1.1696
-69.02,175.16,-999,0.96468,0.74319,1.2039
69.02,175.16,-999,0.89696,0.63632,1.1875
-69.02,177.67,-999,0.97368,0.75151,1.2106
69.02,177.67,-999,0.9189,0.65668,1.214
