-45.32,-178.5,1.0536,1.1044,0.85244,1.3564
-13.71,-178.5,1.335,1.059,0.78965,1.3146
67.4,-178.5,0.96889,0.99776,0.91236,1.0831
67.4,-175.5,0.94563,0.96627,0.87843,1.0532
67.4,-172.5,0.9422,1.0016,0.91327,1.089
67.4,-169.5,0.95576,0.99731,0.91166,1.0826
67.4,-166.5,0.93874,0.9946,0.91143,1.0774
67.4,-163.5,0.95908,0.99274,0.91047,1.074
67.4,-160.5,0.96564,0.9875,0.90858,1.0637
67.4,-157.5,0.98473,0.9781,0.90236,1.0524
60.42,-154.5,1.0615,0.98919,0.92546,1.0508
67.4,-154.5,1.003,0.97108,0.89672,1.0455
60.42,-151.5,1.0455,0.93884,0.86531,1.011
67.4,-151.5,0.95241,0.97236,0.89858,1.0442
67.4,-148.5,1.006,0.98658,0.91451,1.0558
67.4,-145.5,0.98783,0.98874,0.91716,1.0583
67.4,-142.5,0.98473,0.98335,0.86336,1.1054
67.4,-139.5,0.98161,0.98874,0.91812,1.0569
67.4,-136.5,0.94904,0.98342,0.91405,1.0505
67.4,-133.5,0.95908,0.93928,0.87338,1.0073
60.42,-130.5,1.1968,0.89391,0.78295,1.0117
67.4,-130.5,0.90615,0.85891,0.73914,0.97623
60.42,-127.5,1.2737,0.94775,0.88237,1.0122
67.4,-127.5,0.87469,0.90335,0.83905,0.96773
54.75,-124.5,1.2256,0.97747,0.90966,1.0448
60.42,-124.5,1.1579,0.96283,0.90004,1.0249
67.4,-124.5,0.90991,0.90298,0.83802,0.96842
54.75,-121.5,1.3289,0.9832,0.91051,1.0543
60.42,-121.5,1.0918,0.9145,0.85527,0.97047
67.4,-121.5,0.87877,0.88799,0.82641,0.94964
45.32,-118.5,1.1948,1.0085,0.9432,1.0733
49.8,-118.5,1.1868,0.99003,0.91699,1.0604
54.75,-118.5,1.0692,0.97795,0.90378,1.0485
60.42,-118.5,0.90991,0.90095,0.84132,0.95771
67.4,-118.5,0.83122,0.87577,0.81446,0.93602
41.17,-115.5,0.99396,1.0587,0.99072,1.1275
45.32,-115.5,1.0205,1.0044,0.94158,1.0671
49.8,-115.5,1.0401,1.0052,0.93215,1.0778
54.75,-115.5,1.1316,0.9688,0.89791,1.0363
60.42,-115.5,0.87877,0.89886,0.83964,0.95676
67.4,-115.5,0.84924,0.87401,0.81364,0.93317
33.57,-112.5,0.8664,0.93776,0.86759,1.0076
37.27,-112.5,0.82658,1.0657,0.93569,1.2024
41.17,-112.5,0.95908,0.99468,0.87598,1.118
45.32,-112.5,1.0373,1.0562,0.99118,1.1225
49.8,-112.5,1.1361,1.0021,0.93229,1.0704
54.75,-112.5,1.0509,0.96084,0.89504,1.024
60.42,-112.5,0.87057,0.89822,0.84048,0.95617
67.4,-112.5,0.84924,0.8745,0.81373,0.93394
30.02,-109.5,0.93874,0.9541,0.89055,1.0186
33.57,-109.5,0.91363,0.98677,0.91488,1.0548
37.27,-109.5,0.93525,1.0792,0.92594,1.2408
41.17,-109.5,0.95908,1.0631,1.0012,1.1256
45.32,-109.5,1.1109,0.98684,0.91027,1.0575
49.8,-109.5,1.0373,0.99232,0.92768,1.0541
54.75,-109.5,0.92097,0.93932,0.87901,0.99727
60.42,-109.5,0.85792,0.90659,0.8489,0.96543
67.4,-109.5,0.84482,0.8746,0.81387,0.93473
26.59,-106.5,1.003,0.95285,0.88308,1.0244
30.02,-106.5,0.97846,0.9882,0.92259,1.0517
33.57,-106.5,1,0.99172,0.92246,1.0583
37.27,-106.5,0.93874,1.0237,0.95703,1.0905
41.17,-106.5,0.99699,1.1043,1.0392,1.1709
45.32,-106.5,1.029,1.0675,1.0071,1.1292
49.8,-106.5,0.93874,0.97257,0.91123,1.0321
54.75,-106.5,0.8828,0.93809,0.88032,0.9942
60.42,-106.5,0.87057,0.90709,0.85142,0.96409
67.4,-106.5,0.8828,0.87443,0.81484,0.9342
26.59,-103.5,1.0966,0.99586,0.92606,1.0657
30.02,-103.5,0.99396,0.97905,0.90998,1.0457
33.57,-103.5,1.0147,0.99819,0.93502,1.0606
37.27,-103.5,1.0615,1.0154,0.95551,1.0736
41.17,-103.5,1.0234,1.0271,0.97171,1.0811
45.32,-103.5,0.99396,1.0108,0.95403,1.0667
49.8,-103.5,0.8828,0.97488,0.91878,1.0306
54.75,-103.5,0.87469,0.93892,0.88621,0.99219
60.42,-103.5,0.91363,0.90622,0.85219,0.96103
67.4,-103.5,0.8664,0.87543,0.81559,0.93581
23.26,-100.5,0.96889,1.0071,0.93353,1.0827
26.59,-100.5,0.94904,0.97488,0.90479,1.0449
30.02,-100.5,1.0147,0.98958,0.92821,1.0517
33.57,-100.5,1.0318,0.98953,0.92942,1.0511
37.27,-100.5,1.0482,1.0089,0.94785,1.0692
41.17,-100.5,1.0205,1.0298,0.97264,1.0863
45.32,-100.5,0.95576,1.0594,0.99822,1.12
49.8,-100.5,0.87877,0.976,0.92269,1.0279
54.75,-100.5,0.87469,0.93925,0.88967,0.98906
60.42,-100.5,0.90991,0.9071,0.85412,0.96039
67.4,-100.5,0.8536,0.8776,0.81961,0.93629
20.01,-97.5,0.89074,0.99419,0.91663,1.0786
23.26,-97.5,1.0562,0.97409,0.89924,1.0513
26.59,-97.5,0.97846,0.96208,0.89298,1.0337
30.02,-97.5,0.98473,0.95694,0.89716,1.017
33.57,-97.5,1.0401,0.99356,0.93577,1.0529
37.27,-97.5,1.0455,1.0131,0.95484,1.0707
41.17,-97.5,0.99396,1.0164,0.95825,1.074
45.32,-97.5,0.92459,1.0294,0.97521,1.0803
49.8,-97.5,0.87057,0.97651,0.92628,1.0253
54.75,-97.5,0.87877,0.93901,0.89055,0.98737
60.42,-97.5,0.91363,0.90733,0.85531,0.95984
67.4,-97.5,0.86218,0.87927,0.82184,0.93871
16.83,-94.5,1.1684,0.97743,0.89004,1.0698
20.01,-94.5,1.2616,0.96099,0.87994,1.0505
33.57,-94.5,1.0562,1.0021,0.94723,1.0587
37.27,-94.5,1.0641,1.0255,0.97053,1.0783
41.17,-94.5,0.98783,1.041,0.98994,1.0899
45.32,-94.5,0.92097,0.99984,0.94144,1.0563
49.8,-94.5,0.8828,0.9783,0.92942,1.0276
54.75,-94.5,0.8828,0.94014,0.89251,0.98787
60.42,-94.5,0.92097,0.90698,0.85542,0.96014
67.4,-94.5,0.84034,0.88089,0.82226,0.93973
16.83,-91.5,0.95241,0.9702,0.88302,1.0651
33.57,-91.5,1.0589,1.0108,0.95718,1.0654
37.27,-91.5,1.0893,1.036,0.9826,1.0882
41.17,-91.5,1.003,1.049,0.99938,1.096
45.32,-91.5,0.95241,1.0443,0.99821,1.089
49.8,-91.5,0.90236,1.0078,0.95992,1.0534
54.75,-91.5,0.90236,0.94221,0.89447,0.99056
60.42,-91.5,0.91363,0.89875,0.84978,0.94731
67.4,-91.5,0.8536,0.88323,0.82369,0.9433
16.83,-88.5,0.86218,0.97177,0.88391,1.0674
33.57,-88.5,1.0589,1.0188,0.96705,1.0728
37.27,-88.5,1.1361,1.0427,0.99061,1.0946
41.17,-88.5,1.0455,1.0577,1.0071,1.105
45.32,-88.5,1.003,1.0493,1.0045,1.0927
49.8,-88.5,0.98161,1.0088,0.96199,1.0547
54.75,-88.5,0.9422,0.93982,0.89323,0.98532
60.42,-88.5,0.91363,0.90586,0.85883,0.95343
67.4,-88.5,0.87877,0.88594,0.82718,0.94667
13.71,-85.5,0.94563,0.99608,0.91468,1.0838
16.83,-85.5,0.88679,0.93786,0.84998,1.0314
23.26,-85.5,0.94563,0.90692,0.82904,0.99127
30.02,-85.5,0.9909,1.0088,0.94346,1.0731
33.57,-85.5,1.0667,1.0258,0.97486,1.0774
37.27,-85.5,1.1109,1.0478,0.99378,1.102
41.17,-85.5,1.0589,1.0637,1.0101,1.1137
45.32,-85.5,1.0089,1.0464,1.0008,1.0913
49.8,-85.5,0.97846,1.0185,0.97313,1.0629
54.75,-85.5,0.94904,0.9479,0.90131,0.9935
60.42,-85.5,0.92097,0.91332,0.86649,0.96053
67.4,-85.5,0.8828,0.88855,0.82974,0.95087
10.62,-82.5,0.80237,1.0467,0.9787,1.1181
33.57,-82.5,1.0718,1.0361,0.98445,1.0901
37.27,-82.5,1.1109,1.0474,0.99233,1.102
41.17,-82.5,1.0615,1.0689,1.0133,1.1222
45.32,-82.5,0.99699,1.0529,1.0071,1.0969
49.8,-82.5,0.97846,1.0273,0.98256,1.0725
54.75,-82.5,0.94563,0.95524,0.90754,1.0027
60.42,-82.5,0.92817,0.92054,0.87373,0.9683
67.4,-82.5,0.8664,0.89258,0.83435,0.95401
37.27,-79.5,1.0743,1.0693,1.0131,1.1253
41.17,-79.5,1.0615,1.0676,1.01,1.1224
45.32,-79.5,1.0205,1.0602,1.0146,1.1054
49.8,-79.5,1,1.0295,0.98315,1.0754
54.75,-79.5,0.95576,0.96218,0.91278,1.0126
60.42,-79.5,0.93525,0.92883,0.88167,0.97786
67.4,-79.5,0.8664,0.89867,0.84104,0.95894
-4.53,-76.5,1.4,1.2569,1.1875,1.3243
-1.51,-76.5,1.3004,1.2382,1.1721,1.3024
20.01,-76.5,0.77086,0.91706,0.83185,1.0094
37.27,-76.5,1.0641,1.0594,1.0002,1.1197
41.17,-76.5,1.0373,1.0668,1.0099,1.1227
45.32,-76.5,1.0262,1.066,1.0183,1.1135
49.8,-76.5,1.003,1.0364,0.98893,1.085
54.75,-76.5,0.9721,0.96806,0.91647,1.0198
60.42,-76.5,0.9422,0.93485,0.88749,0.98427
67.4,-76.5,0.89465,0.90069,0.84377,0.95955
-10.62,-73.5,1.2007,1.2383,1.166,1.3103
-7.56,-73.5,1.2564,1.276,1.2087,1.345
-4.53,-73.5,1.4095,1.1979,1.117,1.2748
-1.51,-73.5,1.4937,1.2136,1.1532,1.2735
1.51,-73.5,1.4574,1.1717,1.1111,1.2316
4.53,-73.5,1.3575,1.1279,1.067,1.1898
16.83,-73.5,0.69685,0.94991,0.86948,1.038
20.01,-73.5,0.63493,0.83681,0.74427,0.93471
41.17,-73.5,1,1.0788,1.0184,1.1399
45.32,-73.5,1.0262,1.0655,1.0163,1.1154
49.8,-73.5,1.0562,1.0411,0.99213,1.0904
54.75,-73.5,1.0205,0.97712,0.92459,1.0301
60.42,-73.5,0.95241,0.94191,0.89314,0.99161
67.4,-73.5,0.8664,0.90715,0.85306,0.96347
-67.4,-70.5,0.96564,1.0627,0.93979,1.183
-54.75,-70.5,1.2439,1.0558,0.94719,1.1651
-49.8,-70.5,1.2855,0.9896,0.86503,1.1109
-45.32,-70.5,1.1579,1.0243,0.92727,1.122
-37.27,-70.5,0.72983,0.93065,0.85328,1.0087
-13.71,-70.5,1.1536,1.1962,1.1314,1.2637
-10.62,-70.5,1.1642,1.233,1.1692,1.2987
-7.56,-70.5,1.2274,1.273,1.2084,1.3383
-4.53,-70.5,1.3959,1.2682,1.2067,1.3288
-1.51,-70.5,1.5054,1.2164,1.154,1.2764
1.51,-70.5,1.4722,1.2017,1.1399,1.2627
4.53,-70.5,1.382,1.1337,1.0706,1.1983
16.83,-70.5,0.65975,0.91722,0.80959,1.0333
45.32,-70.5,1.0401,1.0608,1.0081,1.1141
49.8,-70.5,1.0869,1.0415,0.99313,1.0911
54.75,-70.5,1.0615,0.98053,0.92716,1.0334
60.42,-70.5,0.96889,0.94589,0.8966,0.99645
67.4,-70.5,0.89465,0.90822,0.85584,0.9626
-67.4,-67.5,1.0428,1.0595,0.93841,1.1803
-54.75,-67.5,1.0589,1.064,0.95681,1.1732
-49.8,-67.5,1.0794,1.0067,0.91149,1.0976
-41.17,-67.5,0.97846,0.98697,0.90892,1.0655
-37.27,-67.5,0.84924,0.95287,0.87712,1.0291
-33.57,-67.5,0.73602,0.90923,0.83542,0.98622
-30.02,-67.5,0.60761,0.92532,0.85515,0.99709
-26.59,-67.5,0.60761,0.91925,0.84973,0.98882
-20.01,-67.5,0.87469,0.98175,0.91764,1.0467
-16.83,-67.5,1.006,1.1134,1.0542,1.1746
-13.71,-67.5,1.1493,1.1902,1.1309,1.2509
-10.62,-67.5,1.1338,1.2415,1.18,1.3044
-7.56,-67.5,1.2085,1.2817,1.2192,1.3446
-4.53,-67.5,1.3677,1.2749,1.2137,1.3357
-1.51,-67.5,1.471,1.2302,1.1716,1.2876
1.51,-67.5,1.4984,1.1766,1.1151,1.2392
4.53,-67.5,1.3706,1.0569,0.97256,1.1418
16.83,-67.5,0.62613,0.93106,0.85316,1.0167
37.27,-67.5,1.1361,1.0251,0.9652,1.0851
45.32,-67.5,1.0718,1.0699,1.0104,1.1291
49.8,-67.5,1.099,1.0414,0.99288,1.0918
54.75,-67.5,1.0692,0.98204,0.92895,1.0348
60.42,-67.5,0.96238,0.94839,0.89961,0.99825
67.4,-67.5,0.8828,0.90814,0.85607,0.96117
-67.4,-64.5,1.1928,1.0584,0.93828,1.1812
-41.17,-64.5,0.87469,0.96393,0.88591,1.0432
-37.27,-64.5,0.85792,0.92561,0.84991,1.0056
-33.57,-64.5,0.82187,0.91714,0.84676,0.99373
-30.02,-64.5,0.82187,0.90255,0.83498,0.97107
-26.59,-64.5,0.82187,0.92307,0.85886,0.98702
-23.26,-64.5,0.90991,0.96707,0.90645,1.0272
-20.01,-64.5,1.0176,1.0137,0.95209,1.0757
-16.83,-64.5,1.0942,1.1024,1.0452,1.1615
-13.71,-64.5,1.1156,1.156,1.1032,1.2085
-10.62,-64.5,1.1248,1.2397,1.182,1.2983
-7.56,-64.5,1.2162,1.3114,1.252,1.3727
-4.53,-64.5,1.3396,1.2812,1.2244,1.3369
-1.51,-64.5,1.4136,1.2425,1.1866,1.2982
1.51,-64.5,1.2403,1.2082,1.1438,1.2731
4.53,-64.5,1.1848,1.1677,1.0977,1.2389
7.56,-64.5,0.93525,1.0071,0.92352,1.0913
13.71,-64.5,0.73602,0.98137,0.91385,1.0545
41.17,-64.5,1.1062,1.0382,0.97852,1.0993
45.32,-64.5,1.1014,1.0552,0.99925,1.1139
49.8,-64.5,1.0844,1.0389,0.99059,1.0904
54.75,-64.5,1.0509,0.98105,0.92851,1.0339
60.42,-64.5,0.94904,0.94922,0.9001,0.99837
67.4,-64.5,0.88679,0.90675,0.85273,0.961
-67.4,-61.5,0.97846,1.0199,0.88865,1.1483
-33.57,-61.5,0.93525,0.91715,0.84719,0.99002
-30.02,-61.5,0.92459,0.87871,0.8127,0.94863
-26.59,-61.5,0.89465,0.91597,0.8583,0.97602
-23.26,-61.5,0.93874,0.95003,0.89366,1.0055
-20.01,-61.5,1.0536,0.98566,0.93209,1.0388
-16.83,-61.5,1.0869,1.0616,1.0098,1.1124
-13.71,-61.5,1.1038,1.1516,1.0996,1.2016
-10.62,-61.5,1.1471,1.2349,1.181,1.2872
-7.56,-61.5,1.2274,1.2925,1.2389,1.3485
-4.53,-61.5,1.3148,1.2713,1.2199,1.3213
-1.51,-61.5,1.3211,1.2498,1.1941,1.305
1.51,-61.5,1.1557,1.2294,1.1606,1.2988
4.53,-61.5,1.0942,1.1698,1.0988,1.243
7.56,-61.5,0.89074,1.1196,1.0547,1.1884
45.32,-61.5,1.1133,1.047,0.99058,1.1064
49.8,-61.5,1.0966,1.0302,0.98382,1.0774
54.75,-61.5,1.0318,0.98111,0.93039,1.0327
60.42,-61.5,0.98161,0.94794,0.89754,0.99872
67.4,-61.5,0.8828,0.90925,0.85262,0.96584
-37.27,-58.5,0.87057,0.92637,0.85343,1.004
-33.57,-58.5,0.81709,0.88424,0.81292,0.95917
-23.26,-58.5,0.94563,0.94867,0.89176,1.005
-20.01,-58.5,1.0401,1.0023,0.94928,1.0553
-16.83,-58.5,1.0641,1.0557,1.0018,1.1086
-13.71,-58.5,1.1293,1.1441,1.0911,1.1945
-10.62,-58.5,1.2104,1.2514,1.1986,1.3039
-7.56,-58.5,1.2754,1.2689,1.2161,1.3209
-4.53,-58.5,1.3258,1.284,1.2353,1.3334
-1.51,-58.5,1.2457,1.2494,1.1941,1.3041
1.51,-58.5,1.2564,1.2217,1.1565,1.2866
4.53,-58.5,1.1133,1.1645,1.0957,1.2366
7.56,-58.5,0.96889,1.0979,1.0359,1.1638
45.32,-58.5,1.0482,1.0268,0.97391,1.0817
49.8,-58.5,1.0562,1.0281,0.9833,1.0752
54.75,-58.5,0.99699,0.98043,0.93203,1.0296
60.42,-58.5,0.87877,0.94038,0.8875,0.99291
67.4,-58.5,0.82187,0.90498,0.84618,0.96306
-41.17,-55.5,0.89852,0.92143,0.84251,1.0014
-23.26,-55.5,0.98161,0.94312,0.88519,1.0003
-20.01,-55.5,1.0482,0.99738,0.94229,1.0522
-16.83,-55.5,1.0536,1.0685,1.0153,1.1218
-13.71,-55.5,1.1338,1.1711,1.1195,1.2229
-10.62,-55.5,1.2367,1.2201,1.166,1.2709
-7.56,-55.5,1.2987,1.2633,1.2147,1.3106
-4.53,-55.5,1.3273,1.2837,1.2377,1.3301
-1.51,-55.5,1.2293,1.2708,1.216,1.3252
1.51,-55.5,1.1225,1.2179,1.1567,1.2809
4.53,-55.5,1.0401,1.152,1.0848,1.2224
7.56,-55.5,0.95908,1.0979,1.0316,1.1688
49.8,-55.5,1.0794,1.0208,0.97797,1.0656
54.75,-55.5,0.98783,0.97211,0.92275,1.0223
67.4,-55.5,0.82658,0.90912,0.84917,0.96831
-41.17,-52.5,1.0234,1.0005,0.91912,1.0841
-33.57,-52.5,0.87877,0.90796,0.84533,0.97298
-30.02,-52.5,0.91363,0.88671,0.8248,0.95013
-26.59,-52.5,0.95241,0.90442,0.84537,0.96432
-23.26,-52.5,1.0346,0.9373,0.87689,0.99642
-20.01,-52.5,1.0692,1.0054,0.94633,1.0628
-16.83,-52.5,1.0692,1.0758,1.0201,1.1313
-13.71,-52.5,1.1471,1.1329,1.0735,1.1885
-10.62,-52.5,1.2367,1.194,1.1399,1.2463
-7.56,-52.5,1.3036,1.253,1.2045,1.2997
-4.53,-52.5,1.31,1.2767,1.2296,1.323
-1.51,-52.5,1.2367,1.2685,1.2155,1.3218
1.51,-52.5,1.1642,1.2373,1.1728,1.3023
4.53,-52.5,1.0869,1.172,1.1046,1.2406
49.8,-52.5,1.0641,1.0167,0.97308,1.0628
54.75,-52.5,0.96564,0.97594,0.92821,1.0246
-30.02,-49.5,0.9721,0.90737,0.84916,0.96829
-26.59,-49.5,1.003,0.908,0.85093,0.96634
-23.26,-49.5,1.0615,0.93365,0.87355,0.99268
-20.01,-49.5,1.099,0.98761,0.92881,1.0461
-16.83,-49.5,1.1133,1.0717,1.0165,1.127
-13.71,-49.5,1.1557,1.1554,1.1032,1.21
-10.62,-49.5,1.233,1.1884,1.1319,1.244
-7.56,-49.5,1.3068,1.2428,1.1903,1.2927
-4.53,-49.5,1.318,1.2628,1.2105,1.3142
1.51,-49.5,1.2218,1.2293,1.1707,1.2895
4.53,-49.5,1.1493,1.1578,1.0952,1.2231
49.8,-49.5,0.99699,0.97709,0.93055,1.0232
-23.26,-46.5,1.0667,0.95113,0.89155,1.0106
-20.01,-46.5,1.0769,0.99213,0.93376,1.0501
-16.83,-46.5,1.0869,1.0637,1.0071,1.1194
-13.71,-46.5,1.16,1.128,1.0708,1.1844
-10.62,-46.5,1.233,1.1869,1.1275,1.2444
-7.56,-46.5,1.3195,1.2416,1.1868,1.2953
-4.53,-46.5,1.3366,1.2553,1.1974,1.3101
-20.01,-43.5,0.96564,1.0241,0.96602,1.0835
-16.83,-43.5,0.91363,1.0944,1.0366,1.1541
-13.71,-43.5,0.9909,1.1671,1.109,1.2282
-10.62,-43.5,1.1848,1.2109,1.1451,1.2761
-7.56,-43.5,1.3335,1.2294,1.1687,1.2905
-4.53,-43.5,1.3052,1.2516,1.1917,1.3124
67.4,-43.5,0.91731,0.9178,0.84198,0.99392
-20.01,-40.5,0.9753,1.0249,0.96448,1.0839
-16.83,-40.5,0.90236,1.0945,1.0365,1.154
-13.71,-40.5,0.89852,1.1703,1.1113,1.2328
-10.62,-40.5,1.1202,1.229,1.1644,1.2933
-7.56,-40.5,1.2905,1.2221,1.157,1.2868
-4.53,-40.5,1.302,1.2387,1.1781,1.2984
67.4,-40.5,0.89465,0.90704,0.8285,0.98585
-13.71,-37.5,1.1133,1.1592,1.1016,1.2204
-10.62,-37.5,1.0869,1.2234,1.1585,1.2888
-7.56,-37.5,1.2311,1.2309,1.1658,1.2953
-4.53,-37.5,1.2922,1.2622,1.2014,1.3229
60.42,-37.5,0.95241,0.95365,0.90147,1.006
67.4,-37.5,0.90615,0.9083,0.8281,0.98848
-7.56,-34.5,1.233,1.2559,1.19,1.3223
67.4,-34.5,0.91363,0.92597,0.8413,1.0061
67.4,-31.5,0.98783,0.92941,0.84707,1.009
67.4,-28.5,0.87469,0.92679,0.8492,1.0019
67.4,-25.5,0.89852,0.91913,0.84489,0.99153
13.71,-16.5,0.90236,1.0208,0.96962,1.0731
10.62,-13.5,1.1767,1.1384,1.0797,1.197
13.71,-13.5,1.0615,1.0106,0.96003,1.0618
16.83,-13.5,0.83122,0.88162,0.83273,0.93136
20.01,-13.5,0.73602,0.7589,0.70499,0.81257
23.26,-13.5,0.62613,0.66846,0.60937,0.72762
4.53,-10.5,1.2839,1.2223,1.1707,1.2761
7.56,-10.5,1.2616,1.2055,1.146,1.2641
10.62,-10.5,1.1579,1.1156,1.0619,1.1696
13.71,-10.5,1.0589,1.0172,0.96501,1.0678
16.83,-10.5,0.84034,0.86878,0.81948,0.91756
20.01,-10.5,0.7421,0.72496,0.6713,0.7774
23.26,-10.5,0.63493,0.61865,0.56114,0.67647
26.59,-10.5,0.52936,0.59474,0.53552,0.65507
4.53,-7.5,1.1968,1.2258,1.1702,1.2804
7.56,-7.5,1.2274,1.2198,1.1602,1.2797
10.62,-7.5,1.1471,1.1094,1.0539,1.1643
13.71,-7.5,1.0589,1.0074,0.95513,1.0599
16.83,-7.5,0.84924,0.86269,0.81295,0.91117
20.01,-7.5,0.7421,0.6984,0.64624,0.74897
23.26,-7.5,0.63493,0.58873,0.53075,0.64632
26.59,-7.5,0.54223,0.56677,0.48698,0.64554
30.02,-7.5,0.56601,0.62659,0.57233,0.67983
37.27,-7.5,0.66756,0.79736,0.74789,0.8475
41.17,-7.5,0.84482,0.86298,0.81375,0.91137
54.75,-7.5,1.0893,0.96809,0.91699,1.0194
4.53,-4.5,1.1514,1.2182,1.1638,1.2738
7.56,-4.5,1.1888,1.2045,1.15,1.2575
10.62,-4.5,1.1361,1.1288,1.0734,1.1829
13.71,-4.5,1.0536,1.009,0.95644,1.0606
16.83,-4.5,0.85792,0.85155,0.80195,0.90005
20.01,-4.5,0.75391,0.68071,0.63238,0.72847
23.26,-4.5,0.63493,0.56225,0.50601,0.61881
26.59,-4.5,0.52936,0.4792,0.40695,0.54845
30.02,-4.5,0.52936,0.60965,0.55275,0.66648
33.57,-4.5,0.51572,0.68258,0.63012,0.73507
37.27,-4.5,0.8536,0.70688,0.62948,0.78523
41.17,-4.5,0.79731,0.83468,0.78163,0.8854
49.8,-4.5,0.99396,1.0005,0.94366,1.0543
54.75,-4.5,1.0318,0.96227,0.90963,1.0132
4.53,-1.5,1.0743,1.216,1.1613,1.2704
7.56,-1.5,1.1449,1.1881,1.135,1.2415
10.62,-1.5,1.1179,1.1254,1.0708,1.1793
13.71,-1.5,1.0509,1.0049,0.95318,1.0551
16.83,-1.5,0.8664,0.84771,0.79781,0.89522
20.01,-1.5,0.75966,0.66292,0.61662,0.70793
23.26,-1.5,0.62613,0.54056,0.48624,0.59438
26.59,-1.5,0.51572,0.49347,0.43548,0.55013
30.02,-1.5,0.51572,0.57108,0.51538,0.62572
33.57,-1.5,0.54223,0.59865,0.52149,0.67497
37.27,-1.5,0.67516,0.76887,0.68941,0.84546
41.17,-1.5,0.8536,0.85553,0.80136,0.90714
49.8,-1.5,0.96564,0.99957,0.94112,1.0557
60.42,-1.5,1.0205,0.91634,0.86273,0.9722
7.56,1.5,1.1405,1.1923,1.1431,1.2417
10.62,1.5,1.1179,1.1206,1.0714,1.17
13.71,1.5,1.0428,0.99849,0.94964,1.0459
16.83,1.5,0.83581,0.83676,0.78996,0.88192
20.01,1.5,0.71706,0.64715,0.60055,0.69365
23.26,1.5,0.57708,0.51839,0.46679,0.5687
26.59,1.5,0.48559,0.48217,0.42852,0.53454
30.02,1.5,0.45033,0.57343,0.51808,0.62774
33.57,1.5,0.55442,0.61813,0.5593,0.67469
41.17,1.5,0.8828,0.80999,0.73145,0.88741
45.32,1.5,1.0509,0.9389,0.88365,0.99157
49.8,1.5,1.0428,0.9737,0.91374,1.0324
1.51,4.5,1.2274,1.2109,1.1509,1.2747
4.53,4.5,1.2421,1.2128,1.1586,1.2675
7.56,4.5,1.1579,1.1871,1.1398,1.2336
10.62,4.5,1.1038,1.1055,1.0594,1.1505
13.71,4.5,1.0318,0.98685,0.94023,1.0328
16.83,4.5,0.78698,0.82348,0.77839,0.86869
20.01,4.5,0.63493,0.6344,0.5913,0.67786
23.26,4.5,0.52936,0.51945,0.46804,0.5714
26.59,4.5,0.46873,0.47936,0.42948,0.52884
30.02,4.5,0.42998,0.48251,0.4164,0.54526
33.57,4.5,0.55442,0.62454,0.56398,0.6822
37.27,4.5,0.67516,0.65051,0.56985,0.72844
41.17,4.5,0.8536,0.8552,0.79939,0.90901
45.32,4.5,1.0942,0.95384,0.87543,1.0292
49.8,4.5,1.0455,0.99052,0.93058,1.0468
4.53,7.5,1.31,1.2145,1.162,1.2688
7.56,7.5,1.1405,1.1887,1.1432,1.2342
10.62,7.5,1.0692,1.1119,1.0673,1.1552
13.71,7.5,1.0089,0.97749,0.93116,1.0235
16.83,7.5,0.71706,0.78063,0.73516,0.82625
20.01,7.5,0.54223,0.62051,0.5772,0.6654
23.26,7.5,0.46873,0.51478,0.46448,0.56681
26.59,7.5,0.45033,0.49195,0.44242,0.54186
30.02,7.5,0.45033,0.51771,0.46745,0.56513
33.57,7.5,0.57708,0.61369,0.55486,0.6716
45.32,7.5,0.98473,0.92963,0.8725,0.98408
49.8,7.5,1.0118,0.98677,0.92768,1.0455
54.75,7.5,1.006,0.95562,0.90259,1.0084
60.42,7.5,0.9909,0.95128,0.90092,1.0021
-16.83,10.5,0.89852,1.0366,0.987,1.0857
-4.53,10.5,1.1746,1.1749,1.1222,1.2303
-1.51,10.5,1.2872,1.1905,1.1374,1.2438
1.51,10.5,1.3211,1.198,1.1412,1.2543
4.53,10.5,1.2403,1.2304,1.1788,1.2842
7.56,10.5,1.1293,1.1613,1.1172,1.2058
10.62,10.5,1.0743,1.0853,1.0412,1.1292
13.71,10.5,0.98783,0.96443,0.91697,1.01
16.83,10.5,0.66756,0.77097,0.72663,0.81644
20.01,10.5,0.50119,0.61577,0.56957,0.66257
23.26,10.5,0.42998,0.52806,0.47296,0.58757
26.59,10.5,0.46873,0.48934,0.44215,0.53659
30.02,10.5,0.54223,0.51658,0.46988,0.56164
33.57,10.5,0.61703,0.61353,0.55639,0.67205
37.27,10.5,0.71706,0.72621,0.66644,0.78532
41.17,10.5,0.8664,0.86596,0.81021,0.91967
45.32,10.5,0.95241,0.94047,0.8621,1.0171
49.8,10.5,0.94563,0.9801,0.92056,1.0384
60.42,10.5,1.006,0.93384,0.88376,0.98519
-30.02,13.5,0.61703,0.96794,0.89645,1.0376
-26.59,13.5,0.68979,0.98449,0.91166,1.0541
-23.26,13.5,0.8828,1.0246,0.96107,1.0886
-20.01,13.5,0.99396,1.0252,0.97528,1.0752
-16.83,13.5,1.0373,1.062,1.0104,1.1135
-13.71,13.5,1.0176,1.0874,1.0365,1.1371
-10.62,13.5,0.97846,1.1263,1.0776,1.1764
-7.56,13.5,1.0428,1.1383,1.0882,1.1884
-4.53,13.5,1.1726,1.1589,1.1046,1.2145
-1.51,13.5,1.272,1.1729,1.1194,1.2265
1.51,13.5,1.2616,1.1832,1.1316,1.2355
4.53,13.5,1.2085,1.2125,1.1633,1.2623
7.56,13.5,1.1293,1.1627,1.119,1.2073
10.62,13.5,1.0918,1.0771,1.0313,1.1221
13.71,13.5,1.006,0.9504,0.90074,0.99748
16.83,13.5,0.66756,0.76185,0.71726,0.8073
20.01,13.5,0.46873,0.60685,0.55942,0.65638
23.26,13.5,0.42998,0.51129,0.45877,0.56785
26.59,13.5,0.50119,0.48918,0.44296,0.53651
30.02,13.5,0.61703,0.47618,0.41462,0.54008
33.57,13.5,0.66756,0.60818,0.55254,0.66397
37.27,13.5,0.73602,0.71966,0.66014,0.77867
41.17,13.5,0.88679,0.83531,0.77976,0.88906
45.32,13.5,0.90991,0.93308,0.85626,1.009
49.8,13.5,0.92459,1.0034,0.94553,1.0597
54.75,13.5,0.95908,0.96794,0.91842,1.0188
60.42,13.5,0.9422,0.92622,0.87485,0.9789
-33.57,16.5,0.83122,0.9805,0.90819,1.0475
-30.02,16.5,0.93173,0.9607,0.88669,1.0298
-26.59,16.5,0.95576,0.95024,0.87881,1.0185
-23.26,16.5,1.003,0.9957,0.93476,1.0549
-20.01,16.5,1.0482,1.0163,0.96499,1.0675
-16.83,16.5,1.0794,1.0421,0.99285,1.0911
-13.71,16.5,1.0869,1.0772,1.027,1.1289
-10.62,16.5,1.0869,1.1165,1.0654,1.1676
-7.56,16.5,1.1405,1.1323,1.0827,1.1819
-4.53,16.5,1.1848,1.1554,1.1002,1.2119
-1.51,16.5,1.2367,1.1647,1.1082,1.2198
1.51,16.5,1.2839,1.1753,1.1213,1.2283
4.53,16.5,1.2421,1.1922,1.1443,1.2395
7.56,16.5,1.1579,1.1463,1.0983,1.1939
10.62,16.5,1.1248,1.0674,1.0173,1.1157
13.71,16.5,1.0428,0.90902,0.85834,0.95851
16.83,16.5,0.62613,0.75512,0.7101,0.80103
20.01,16.5,0.50119,0.60014,0.5511,0.65157
23.26,16.5,0.48559,0.50012,0.44769,0.5563
26.59,16.5,0.54223,0.47501,0.42549,0.52619
37.27,16.5,0.75966,0.73082,0.6728,0.78746
41.17,16.5,0.89074,0.84832,0.79559,0.90079
45.32,16.5,0.89074,0.89728,0.817,0.97566
49.8,16.5,0.9422,0.99152,0.93591,1.0475
54.75,16.5,0.9721,0.96815,0.91635,1.0203
60.42,16.5,0.95241,0.9273,0.87304,0.98237
67.4,16.5,0.8664,0.89443,0.83035,0.95943
-37.27,19.5,0.8536,0.98638,0.91117,1.058
-33.57,19.5,0.94563,0.99282,0.92169,1.0627
-30.02,19.5,0.98783,0.94987,0.87446,1.021
-26.59,19.5,0.98473,0.94183,0.86869,1.0124
-23.26,19.5,1.003,0.9729,0.91037,1.0327
-20.01,19.5,1.0455,1.0089,0.95425,1.062
-16.83,19.5,1.0869,1.0413,0.98891,1.0918
-13.71,19.5,1.1156,1.0779,1.0243,1.1307
-10.62,19.5,1.1271,1.1115,1.0574,1.165
-7.56,19.5,1.1361,1.1266,1.0747,1.1784
-4.53,19.5,1.1621,1.1455,1.0893,1.2036
-1.51,19.5,1.2007,1.1622,1.104,1.2204
1.51,19.5,1.2788,1.1649,1.1095,1.2183
4.53,19.5,1.2256,1.1636,1.1123,1.2146
7.56,19.5,1.1493,1.1348,1.0819,1.1856
10.62,19.5,1.1271,1.0565,1.0018,1.1083
13.71,19.5,1.0346,0.90411,0.85162,0.95475
16.83,19.5,0.63493,0.75221,0.70573,0.79883
20.01,19.5,0.50119,0.59799,0.54803,0.64862
23.26,19.5,0.50119,0.49584,0.44343,0.55134
26.59,19.5,0.50119,0.53207,0.46493,0.59856
37.27,19.5,0.77086,0.72609,0.66897,0.78278
41.17,19.5,0.87469,0.82663,0.75209,0.89923
45.32,19.5,0.8536,0.89226,0.81502,0.96908
49.8,19.5,0.93525,0.98789,0.93296,1.043
54.75,19.5,0.98473,0.97351,0.92137,1.0261
60.42,19.5,0.96238,0.92316,0.86565,0.98037
67.4,19.5,0.87877,0.91101,0.844,0.9799
-33.57,22.5,0.98783,0.99711,0.9277,1.0636
-30.02,22.5,1.006,0.95256,0.87789,1.0259
-26.59,22.5,0.97846,0.94068,0.86644,1.0116
-23.26,22.5,0.98473,0.97286,0.90972,1.0313
-20.01,22.5,1.0373,1.0157,0.96094,1.0677
-16.83,22.5,1.0869,1.0541,1.0026,1.1057
-13.71,22.5,1.1471,1.0781,1.0209,1.1346
-10.62,22.5,1.1493,1.1082,1.0519,1.1643
-7.56,22.5,1.1202,1.1285,1.074,1.1828
-4.53,22.5,1.1493,1.1369,1.0791,1.1964
-1.51,22.5,1.1888,1.1525,1.0948,1.2146
1.51,22.5,1.2421,1.1547,1.0956,1.2121
4.53,22.5,1.1808,1.1528,1.0962,1.2069
7.56,22.5,1.1109,1.124,1.0662,1.1812
10.62,22.5,1.0769,1.0291,0.97373,1.085
13.71,22.5,0.95908,0.90042,0.84605,0.95304
16.83,22.5,0.65975,0.75222,0.70437,0.80068
20.01,22.5,0.55442,0.6013,0.55118,0.65393
23.26,22.5,0.51572,0.49912,0.44471,0.55582
26.59,22.5,0.46873,0.47192,0.42426,0.51958
30.02,22.5,0.51572,0.46353,0.41058,0.51961
33.57,22.5,0.66756,0.63384,0.57625,0.69282
37.27,22.5,0.78169,0.73189,0.66933,0.79777
41.17,22.5,0.80734,0.7863,0.7106,0.86055
45.32,22.5,0.80734,0.87292,0.79509,0.95168
49.8,22.5,0.93173,0.97769,0.92595,1.0314
54.75,22.5,0.9909,0.983,0.93145,1.0333
60.42,22.5,0.96238,0.92145,0.86307,0.98033
67.4,22.5,0.88679,0.90775,0.8413,0.97537
-33.57,25.5,1.0318,0.98412,0.91536,1.051
-30.02,25.5,1.0118,0.9683,0.89256,1.0408
-26.59,25.5,0.96564,0.94568,0.87587,1.0114
-23.26,25.5,0.96889,0.97975,0.91949,1.0361
-20.01,25.5,1.0118,1.0158,0.96357,1.0668
-16.83,25.5,1.0718,1.0634,1.0129,1.1144
-13.71,25.5,1.1471,1.0983,1.0388,1.1559
-10.62,25.5,1.1405,1.1194,1.0642,1.173
-7.56,25.5,1.0966,1.1419,1.0907,1.1948
-4.53,25.5,1.1383,1.164,1.1081,1.222
-1.51,25.5,1.1808,1.1701,1.1162,1.2268
1.51,25.5,1.2439,1.1617,1.1071,1.2191
4.53,25.5,1.1787,1.1584,1.1035,1.2143
7.56,25.5,1.0615,1.1059,1.0486,1.1642
10.62,25.5,1.0176,1.0604,1.0001,1.119
13.71,25.5,0.89852,0.92509,0.87237,0.97486
16.83,25.5,0.68257,0.77226,0.72521,0.81868
20.01,25.5,0.59784,0.62176,0.57086,0.67418
23.26,25.5,0.50119,0.5035,0.45041,0.55868
26.59,25.5,0.45033,0.47711,0.42791,0.52547
33.57,25.5,0.65975,0.61408,0.53563,0.69358
37.27,25.5,0.77086,0.72071,0.64301,0.79753
41.17,25.5,0.78169,0.79012,0.73982,0.84142
45.32,25.5,0.80237,0.79637,0.72358,0.86718
49.8,25.5,0.92817,0.96914,0.91825,1.0207
54.75,25.5,0.98783,0.97809,0.92855,1.0284
60.42,25.5,0.96889,0.92719,0.86986,0.98532
67.4,25.5,0.8828,0.91252,0.84497,0.98169
-30.02,28.5,1.0262,0.96386,0.89141,1.0334
-26.59,28.5,0.99396,0.96395,0.89579,1.0288
-23.26,28.5,0.95576,0.98828,0.92981,1.044
-20.01,28.5,0.98161,1.0255,0.97435,1.0752
-16.83,28.5,1.0455,1.0713,1.0195,1.1228
-13.71,28.5,1.1316,1.1081,1.0482,1.1658
-10.62,28.5,1.1202,1.1335,1.0774,1.1876
-7.56,28.5,1.0819,1.1537,1.1013,1.2078
-4.53,28.5,1.1225,1.1715,1.1166,1.2284
-1.51,28.5,1.1621,1.1891,1.134,1.248
1.51,28.5,1.2348,1.19,1.1354,1.2482
4.53,28.5,1.1988,1.1589,1.1045,1.2143
7.56,28.5,1.0893,1.1063,1.0494,1.1648
10.62,28.5,1.0455,1.0578,0.99831,1.1173
13.71,28.5,0.92817,0.91865,0.86643,0.96887
16.83,28.5,0.71706,0.78082,0.73499,0.82565
20.01,28.5,0.64346,0.63719,0.58797,0.68702
23.26,28.5,0.54223,0.52603,0.47119,0.58063
26.59,28.5,0.45033,0.48436,0.43425,0.53487
37.27,28.5,0.72983,0.72209,0.63953,0.80334
45.32,28.5,0.80237,0.8329,0.783,0.88147
49.8,28.5,0.91731,0.9529,0.9049,1.0029
54.75,28.5,1.003,0.9713,0.9237,1.0216
60.42,28.5,0.9753,0.92689,0.87021,0.98358
67.4,28.5,0.87057,0.9369,0.86782,1.0087
-23.26,31.5,1,0.97537,0.91636,1.0323
-20.01,31.5,1.0819,1.0391,0.98902,1.0895
-16.83,31.5,1.0667,1.1057,1.0508,1.1602
-13.71,31.5,1.0893,1.1229,1.0631,1.1792
-10.62,31.5,1.0942,1.1377,1.0824,1.1921
-7.56,31.5,1.0819,1.1541,1.1014,1.2078
-4.53,31.5,1.1109,1.1761,1.1214,1.232
-1.51,31.5,1.0966,1.1863,1.1303,1.2453
1.51,31.5,1.0794,1.1967,1.1403,1.2554
4.53,31.5,1.1109,1.1379,1.0822,1.1951
7.56,31.5,1.0819,1.1139,1.0576,1.1709
10.62,31.5,1.0346,1.0284,0.97366,1.0834
13.71,31.5,0.98161,0.92412,0.87211,0.9759
16.83,31.5,0.82187,0.79003,0.74424,0.83555
20.01,31.5,0.76531,0.65661,0.60829,0.70359
23.26,31.5,0.65172,0.55978,0.50368,0.61722
30.02,31.5,0.38073,0.48907,0.43793,0.54123
37.27,31.5,0.67516,0.72602,0.66255,0.79268
45.32,31.5,0.82187,0.85983,0.81189,0.90853
49.8,31.5,0.91363,0.93484,0.88814,0.98355
54.75,31.5,1,0.96727,0.91971,1.0166
60.42,31.5,0.9753,0.925,0.8674,0.98226
67.4,31.5,0.89074,0.9362,0.86584,1.0104
-20.01,34.5,1.0118,1.0457,0.99439,1.0973
-16.83,34.5,1.0893,1.1064,1.0518,1.1622
-13.71,34.5,1.1271,1.1264,1.0689,1.1833
-10.62,34.5,1.2311,1.1345,1.0838,1.1846
-7.56,34.5,1.2651,1.1461,1.0955,1.1975
-4.53,34.5,1.1493,1.1686,1.1134,1.2238
-1.51,34.5,1.0918,1.1796,1.1227,1.2368
1.51,34.5,1.0176,1.1837,1.1296,1.2406
4.53,34.5,1.0482,1.1434,1.088,1.2015
7.56,34.5,1.0318,1.1392,1.0776,1.203
10.62,34.5,1.0205,1.062,1.0016,1.123
13.71,34.5,0.97846,0.92825,0.87559,0.98029
16.83,34.5,0.84034,0.79223,0.74244,0.84193
23.26,34.5,0.68257,0.56371,0.5059,0.62323
26.59,34.5,0.54223,0.553,0.49664,0.61077
37.27,34.5,0.69685,0.72398,0.65913,0.79159
49.8,34.5,0.89852,0.92678,0.88169,0.97516
54.75,34.5,0.9909,0.96076,0.91298,1.0094
60.42,34.5,0.9753,0.92498,0.86811,0.98166
67.4,34.5,0.87469,0.94189,0.87254,1.0146
-26.59,37.5,0.87469,0.90804,0.82939,0.98371
-16.83,37.5,1.0819,1.0691,1.0143,1.122
-13.71,37.5,1.1726,1.1164,1.0606,1.1711
-10.62,37.5,1.1808,1.15,1.0977,1.204
-7.56,37.5,1.1848,1.1575,1.107,1.2084
-1.51,37.5,1.0819,1.1024,1.0279,1.1784
1.51,37.5,1.0234,1.1682,1.1134,1.2238
4.53,37.5,1.0509,1.129,1.0733,1.1871
7.56,37.5,1,1.1544,1.0867,1.2222
10.62,37.5,0.96889,1.0861,1.0162,1.1539
20.01,37.5,0.8536,0.75333,0.69681,0.81155
23.26,37.5,0.72351,0.65691,0.59998,0.71767
26.59,37.5,0.55442,0.59183,0.53338,0.65001
30.02,37.5,0.50119,0.55258,0.49934,0.60506
37.27,37.5,0.70373,0.71528,0.65165,0.7806
41.17,37.5,0.78169,0.71573,0.65981,0.77042
49.8,37.5,0.90991,0.91105,0.8654,0.96011
54.75,37.5,0.99396,0.9594,0.91103,1.0087
60.42,37.5,0.9721,0.92882,0.87401,0.98537
67.4,37.5,0.87877,0.9212,0.85706,0.98849
-4.53,40.5,1.1179,1.139,1.0537,1.2274
1.51,40.5,1.0346,1.1631,1.1082,1.218
4.53,40.5,1.0346,1.1259,1.0685,1.1837
10.62,40.5,1,1.0102,0.93946,1.0803
13.71,40.5,1.0346,0.95504,0.89144,1.0157
16.83,40.5,0.92817,0.85844,0.8052,0.91032
20.01,40.5,0.8664,0.77393,0.71873,0.82922
23.26,40.5,0.7421,0.66137,0.61113,0.71128
26.59,40.5,0.59784,0.6087,0.55677,0.66276
30.02,40.5,0.55442,0.55117,0.49431,0.6084
33.57,40.5,0.60761,0.55745,0.49755,0.61624
37.27,40.5,0.69685,0.70663,0.64168,0.77433
49.8,40.5,0.91363,0.89896,0.85041,0.94902
54.75,40.5,1.0089,0.95733,0.90732,1.0073
60.42,40.5,0.97846,0.93298,0.87954,0.98698
67.4,40.5,0.8828,0.91859,0.85538,0.98455
-26.59,43.5,0.82187,0.98907,0.92928,1.0491
-23.26,43.5,0.78169,1.0019,0.94575,1.0587
1.51,43.5,1.1493,1.175,1.1188,1.2308
4.53,43.5,1.0893,1.1419,1.0881,1.1959
10.62,43.5,1.0262,1.0655,1.0089,1.1225
13.71,43.5,1.0118,0.97101,0.91704,1.0248
16.83,43.5,0.92459,0.88258,0.83419,0.93151
20.01,43.5,0.88679,0.76156,0.71405,0.80762
23.26,43.5,0.78169,0.66411,0.61387,0.7159
30.02,43.5,0.54223,0.5837,0.52796,0.64146
33.57,43.5,0.58767,0.61423,0.55775,0.67146
37.27,43.5,0.67516,0.65467,0.5892,0.7207
41.17,43.5,0.68979,0.73126,0.67332,0.78873
49.8,43.5,0.90615,0.88755,0.83986,0.93688
54.75,43.5,0.99396,0.95436,0.90319,1.0054
60.42,43.5,0.97846,0.94055,0.88779,0.99334
-67.4,46.5,0.95241,0.98177,0.8735,1.0841
-23.26,46.5,0.95576,1.0106,0.95786,1.0633
-20.01,46.5,1.1948,1.0715,1.0228,1.1204
10.62,46.5,1.1405,1.0532,0.99295,1.1141
16.83,46.5,0.93173,0.89739,0.84969,0.94573
30.02,46.5,0.50119,0.6054,0.54802,0.66327
33.57,46.5,0.52936,0.62414,0.56412,0.68687
37.27,46.5,0.58767,0.64788,0.58894,0.70629
49.8,46.5,0.89074,0.87315,0.82332,0.92404
54.75,46.5,0.99396,0.95021,0.89806,1.0021
60.42,46.5,0.98161,0.94197,0.89058,0.99352
-67.4,49.5,0.91731,0.97567,0.87563,1.0725
7.56,49.5,1.2564,1.0716,1.004,1.1368
23.26,49.5,0.83122,0.76379,0.71138,0.81697
30.02,49.5,0.57708,0.64886,0.59237,0.70814
33.57,49.5,0.58767,0.6012,0.54048,0.6631
49.8,49.5,0.87057,0.85701,0.8041,0.91055
54.75,49.5,0.99699,0.95621,0.90322,1.0108
60.42,49.5,0.9753,0.94427,0.89255,0.99606
-67.4,52.5,1,0.98565,0.88922,1.0774
13.71,52.5,1.0743,0.96841,0.9078,1.0279
16.83,52.5,0.93173,0.93452,0.87737,0.98933
20.01,52.5,0.92459,0.86181,0.81136,0.91087
30.02,52.5,0.65975,0.70204,0.64992,0.75419
33.57,52.5,0.64346,0.60459,0.54702,0.66113
49.8,52.5,0.8664,0.83624,0.78089,0.89245
54.75,52.5,1.0176,0.96178,0.90852,1.0162
60.42,52.5,0.99396,0.94614,0.89515,0.99731
16.83,55.5,0.8664,0.94727,0.89182,1.0027
26.59,55.5,0.74806,0.76846,0.71135,0.82568
30.02,55.5,0.77632,0.719,0.66625,0.77243
33.57,55.5,0.64346,0.63982,0.58458,0.69633
37.27,55.5,0.64346,0.63643,0.58073,0.69192
45.32,55.5,0.68257,0.75586,0.69009,0.82325
49.8,55.5,0.85792,0.81802,0.76206,0.87474
54.75,55.5,0.99699,0.93947,0.88546,0.99291
60.42,55.5,0.9909,0.94506,0.89426,0.99741
26.59,58.5,0.78698,0.82791,0.77495,0.88029
30.02,58.5,0.75966,0.75848,0.70568,0.81209
33.57,58.5,0.66756,0.66911,0.61338,0.72526
37.27,58.5,0.55442,0.60521,0.54581,0.66595
45.32,58.5,0.64346,0.71479,0.65938,0.77337
49.8,58.5,0.80734,0.77372,0.70861,0.83972
54.75,58.5,0.90615,0.92129,0.86972,0.97404
60.42,58.5,0.89852,0.95922,0.90588,1.0128
67.4,58.5,0.8664,0.96745,0.90666,1.0305
26.59,61.5,0.82187,0.88665,0.83342,0.93898
30.02,61.5,0.78169,0.80882,0.7549,0.86148
33.57,61.5,0.80237,0.68515,0.62964,0.73936
37.27,61.5,0.51572,0.62452,0.57029,0.68042
45.32,61.5,0.57708,0.69119,0.63945,0.7453
49.8,61.5,0.80237,0.77713,0.7211,0.83336
54.75,61.5,0.91363,0.90642,0.8557,0.95723
60.42,61.5,0.92097,0.95628,0.90257,1.0103
67.4,61.5,0.86218,0.96369,0.90375,1.0234
20.01,64.5,1.0718,0.95777,0.89591,1.0188
26.59,64.5,0.81709,0.92189,0.86693,0.97552
30.02,64.5,0.78169,0.83408,0.77905,0.88783
33.57,64.5,0.86218,0.71812,0.66362,0.77324
37.27,64.5,0.45033,0.64124,0.58876,0.69611
41.17,64.5,0.52936,0.63356,0.58175,0.68861
45.32,64.5,0.57708,0.6711,0.62043,0.72459
49.8,64.5,0.77632,0.76233,0.70861,0.8168
54.75,64.5,0.89852,0.88027,0.82977,0.92958
60.42,64.5,0.92097,0.94052,0.88688,0.99455
67.4,64.5,0.8664,0.94576,0.88769,1.0044
20.01,67.5,1.1086,1.0058,0.95139,1.0593
23.26,67.5,0.9753,0.99022,0.93588,1.0428
26.59,67.5,0.82187,0.96276,0.90589,1.0176
30.02,67.5,0.81225,0.87395,0.81818,0.92803
33.57,67.5,0.91363,0.73818,0.68192,0.79584
37.27,67.5,0.75966,0.66067,0.60912,0.71457
41.17,67.5,0.65975,0.62043,0.56869,0.67588
45.32,67.5,0.56601,0.6742,0.62563,0.72632
49.8,67.5,0.75391,0.74982,0.69789,0.80159
54.75,67.5,0.86218,0.86837,0.81723,0.91766
60.42,67.5,0.91731,0.93141,0.87772,0.98534
67.4,67.5,0.87057,0.94376,0.8841,1.0041
10.62,70.5,1.3396,1.2223,1.1596,1.2843
13.71,70.5,1.3036,1.1951,1.1336,1.2546
20.01,70.5,1.1156,1.0686,1.021,1.1167
23.26,70.5,0.97846,1.0161,0.96042,1.0704
26.59,70.5,0.84482,0.9662,0.9039,1.0245
30.02,70.5,0.90991,0.91801,0.85986,0.97396
33.57,70.5,1.029,0.80747,0.75296,0.86357
37.27,70.5,0.81709,0.67153,0.61785,0.72828
41.17,70.5,0.61703,0.62586,0.5721,0.68313
45.32,70.5,0.56601,0.666,0.61704,0.71745
49.8,70.5,0.74806,0.74085,0.6907,0.79093
54.75,70.5,0.84482,0.85628,0.80457,0.90572
60.42,70.5,0.91363,0.91822,0.86485,0.97183
67.4,70.5,0.8664,0.9395,0.88045,0.99974
4.53,73.5,1.2872,1.2855,1.2294,1.3397
7.56,73.5,1.3366,1.2815,1.2215,1.3421
10.62,73.5,1.2564,1.2387,1.1766,1.3001
13.71,73.5,1.2123,1.1778,1.1169,1.2374
16.83,73.5,1.1579,1.131,1.0799,1.1821
20.01,73.5,1.1014,1.093,1.0429,1.1437
23.26,73.5,1,1.0627,1.0067,1.1165
26.59,73.5,0.90615,1.0314,0.96906,1.0909
30.02,73.5,1.1642,0.94519,0.88574,1.002
33.57,73.5,1.0346,0.8259,0.77008,0.88293
37.27,73.5,0.7421,0.69592,0.64064,0.75549
41.17,73.5,0.58767,0.62566,0.5696,0.68474
45.32,73.5,0.58767,0.66089,0.61068,0.71386
49.8,73.5,0.68979,0.73594,0.68808,0.78494
54.75,73.5,0.81225,0.84783,0.79557,0.89941
60.42,73.5,0.90615,0.90327,0.84959,0.95792
67.4,73.5,0.87057,0.93742,0.87733,0.99665
-67.4,76.5,0.87469,0.92308,0.8217,1.0288
7.56,76.5,1.359,1.2851,1.2226,1.3471
10.62,76.5,1.3258,1.2489,1.1881,1.3094
13.71,76.5,1.2616,1.2108,1.1535,1.2712
16.83,76.5,1.1536,1.1451,1.0912,1.1987
20.01,76.5,1.1293,1.1104,1.0589,1.163
23.26,76.5,1.0589,1.1066,1.0527,1.16
26.59,76.5,1.0718,1.0941,1.0316,1.1572
30.02,76.5,1.4771,0.96843,0.90766,1.0268
33.57,76.5,0.84924,0.84415,0.78774,0.90212
37.27,76.5,0.70373,0.69608,0.64001,0.75477
41.17,76.5,0.45033,0.63822,0.58119,0.69874
45.32,76.5,0.57708,0.65395,0.60151,0.70816
49.8,76.5,0.68979,0.72512,0.67615,0.77495
54.75,76.5,0.82658,0.81561,0.75832,0.87099
60.42,76.5,0.89074,0.89455,0.83962,0.95023
67.4,76.5,0.87057,0.93781,0.87603,0.99836
-67.4,79.5,0.90236,0.91946,0.81909,1.0239
10.62,79.5,1.2822,1.2283,1.1679,1.2885
13.71,79.5,1.2123,1.2213,1.1661,1.2776
16.83,79.5,1.1557,1.1732,1.1219,1.2267
20.01,79.5,1.1179,1.137,1.0864,1.1879
23.26,79.5,1.0718,1.1466,1.0915,1.2022
26.59,79.5,1.1405,1.0945,1.0327,1.1538
30.02,79.5,1.4,0.99136,0.92996,1.0519
33.57,79.5,0.82187,0.86202,0.80501,0.91991
37.27,79.5,0.66756,0.71037,0.65297,0.77038
41.17,79.5,0.40709,0.65828,0.60026,0.7179
45.32,79.5,0.50119,0.65373,0.59818,0.71151
49.8,79.5,0.75966,0.72994,0.67887,0.78012
54.75,79.5,0.8828,0.81388,0.7563,0.87016
60.42,79.5,0.88679,0.88789,0.83062,0.94559
67.4,79.5,0.8664,0.93097,0.86916,0.99244
13.71,82.5,1.2123,1.2059,1.1513,1.2622
16.83,82.5,1.1338,1.188,1.1403,1.2381
20.01,82.5,1.1062,1.1561,1.1087,1.2034
23.26,82.5,1.0769,1.1562,1.1032,1.2105
26.59,82.5,1.1988,1.1133,1.0527,1.1705
30.02,82.5,1.2599,1.0275,0.967,1.0863
33.57,82.5,0.81709,0.89229,0.83403,0.95087
37.27,82.5,0.71706,0.7282,0.67024,0.78881
41.17,82.5,0.40709,0.66373,0.60408,0.72567
45.32,82.5,0.46873,0.65722,0.59981,0.71674
49.8,82.5,0.81225,0.72854,0.67508,0.78178
54.75,82.5,0.95241,0.81356,0.75432,0.87103
60.42,82.5,0.89074,0.85399,0.78987,0.91797
67.4,82.5,0.8828,0.92818,0.86586,0.99019
16.83,85.5,1.1427,1.1776,1.1295,1.2272
20.01,85.5,1.1202,1.1592,1.1121,1.2063
23.26,85.5,1.0692,1.1644,1.1116,1.2176
26.59,85.5,1.2104,1.1241,1.0654,1.1797
30.02,85.5,1.2971,1.0582,0.99582,1.1196
33.57,85.5,0.83581,0.91534,0.85816,0.97243
37.27,85.5,0.78698,0.77896,0.71975,0.8392
41.17,85.5,0.40709,0.67875,0.61723,0.74046
45.32,85.5,0.46873,0.6669,0.60937,0.724
49.8,85.5,0.78169,0.73354,0.67825,0.78783
54.75,85.5,0.98783,0.8151,0.7559,0.87304
60.42,85.5,0.89074,0.87739,0.82337,0.93175
67.4,85.5,0.96564,0.92558,0.86184,0.98858
20.01,88.5,1.099,1.1653,1.1184,1.2123
23.26,88.5,1.0455,1.1687,1.1183,1.2201
26.59,88.5,1.2123,1.1325,1.0768,1.1866
30.02,88.5,1.332,1.0611,1.0023,1.12
33.57,88.5,0.88679,0.93716,0.87966,0.99345
37.27,88.5,0.82187,0.79643,0.73427,0.85911
41.17,88.5,0.45033,0.70236,0.6402,0.76491
45.32,88.5,0.45033,0.69551,0.63699,0.75312
49.8,88.5,0.73602,0.72894,0.67326,0.78368
54.75,88.5,0.84482,0.8191,0.75992,0.87661
60.42,88.5,0.90236,0.87989,0.82801,0.93175
67.4,88.5,0.95241,0.91795,0.85588,0.98001
16.83,91.5,1.1038,1.1945,1.1434,1.2472
20.01,91.5,1.0966,1.1674,1.1215,1.2146
23.26,91.5,1.0455,1.1676,1.1169,1.2187
26.59,91.5,1.0942,1.1347,1.0807,1.1871
30.02,91.5,1.3604,1.075,1.0168,1.134
33.57,91.5,1.2311,0.95758,0.90019,1.0145
37.27,91.5,0.94563,0.82608,0.76421,0.88815
41.17,91.5,0.54223,0.74158,0.68125,0.80485
45.32,91.5,0.50119,0.70815,0.65138,0.76361
49.8,91.5,0.79219,0.73564,0.68049,0.79026
54.75,91.5,0.9721,0.83545,0.77706,0.89162
60.42,91.5,0.87877,0.88374,0.83175,0.93412
67.4,91.5,0.89852,0.91381,0.85131,0.97612
-67.4,94.5,0.99699,0.95775,0.89014,1.0261
16.83,94.5,1.1684,1.1974,1.1486,1.2462
20.01,94.5,1.1557,1.1896,1.1385,1.2402
23.26,94.5,1.1014,1.1613,1.1092,1.2149
26.59,94.5,1.1663,1.1375,1.0834,1.1907
30.02,94.5,1.6158,1.085,1.0258,1.1432
33.57,94.5,1.3242,0.96546,0.91016,1.0195
37.27,94.5,1.1471,0.8431,0.78302,0.90451
41.17,94.5,0.56601,0.74498,0.68596,0.80676
45.32,94.5,0.55442,0.74285,0.6897,0.79709
49.8,94.5,0.87057,0.74984,0.69367,0.80461
54.75,94.5,0.9909,0.83517,0.7785,0.88939
60.42,94.5,0.85792,0.88805,0.83613,0.93843
67.4,94.5,0.85792,0.9055,0.84335,0.9663
-67.4,97.5,1,0.95516,0.8914,1.02
10.62,97.5,1.2938,1.2042,1.124,1.2844
13.71,97.5,1.2199,1.2249,1.1726,1.2759
16.83,97.5,1.1361,1.1842,1.1316,1.2376
20.01,97.5,1.1109,1.1885,1.1331,1.2444
23.26,97.5,1.0844,1.16,1.1053,1.2142
26.59,97.5,1.2938,1.1397,1.0871,1.1909
30.02,97.5,1.4041,1.0997,1.0415,1.1559
33.57,97.5,1.2855,0.99114,0.93659,1.0444
37.27,97.5,0.87469,0.84346,0.78387,0.9029
41.17,97.5,0.63493,0.76813,0.70991,0.82759
45.32,97.5,0.59784,0.7724,0.71953,0.82479
49.8,97.5,0.81709,0.82098,0.765,0.87583
54.75,97.5,0.92459,0.84719,0.79195,0.90019
60.42,97.5,0.85792,0.89007,0.83954,0.93993
67.4,97.5,0.82187,0.89955,0.83532,0.96181
-67.4,100.5,0.9753,0.95382,0.89124,1.0182
1.51,100.5,1.3396,1.3941,1.3311,1.4568
4.53,100.5,1.3806,1.3912,1.331,1.452
7.56,100.5,1.4068,1.3623,1.304,1.4232
10.62,100.5,1.2855,1.2924,1.2366,1.3477
13.71,100.5,1.2181,1.2477,1.195,1.3026
16.83,100.5,1.1427,1.1756,1.1201,1.233
20.01,100.5,1.1338,1.1688,1.1103,1.2281
23.26,100.5,1.1062,1.1625,1.1069,1.2179
26.59,100.5,1.1038,1.1436,1.093,1.1956
30.02,100.5,1.1179,1.1008,1.0446,1.1554
33.57,100.5,1.0743,1.0083,0.95425,1.0618
37.27,100.5,0.89852,0.85237,0.79175,0.9139
41.17,100.5,0.70373,0.79529,0.73831,0.85327
45.32,100.5,0.68257,0.78483,0.73324,0.83709
49.8,100.5,0.86218,0.8447,0.79027,0.89806
54.75,100.5,0.91363,0.86043,0.8066,0.91208
60.42,100.5,0.86218,0.8939,0.84206,0.94298
67.4,100.5,0.84034,0.89345,0.8288,0.95689
-67.4,103.5,0.99699,0.95489,0.89081,1.02
-1.51,103.5,1.2839,1.3744,1.3094,1.4361
1.51,103.5,1.2771,1.4016,1.3386,1.469
4.53,103.5,1.3945,1.3987,1.3319,1.4648
7.56,103.5,1.4068,1.3382,1.2823,1.3967
10.62,103.5,1.3004,1.3112,1.2546,1.3691
13.71,103.5,1.233,1.2192,1.1646,1.2743
16.83,103.5,1.1449,1.1618,1.1031,1.2217
20.01,103.5,1.1514,1.1561,1.0984,1.2153
23.26,103.5,1.1133,1.1631,1.1085,1.2201
26.59,103.5,1.1271,1.1421,1.0925,1.1938
30.02,103.5,1.0966,1.1183,1.0612,1.1745
33.57,103.5,1.0562,1.0111,0.95762,1.0638
37.27,103.5,0.95576,0.8773,0.81742,0.93852
41.17,103.5,0.77086,0.81796,0.76043,0.87536
45.32,103.5,0.7421,0.81849,0.76851,0.86806
49.8,103.5,0.86218,0.86234,0.81072,0.91293
54.75,103.5,0.88679,0.875,0.82261,0.92533
60.42,103.5,0.85792,0.89553,0.84462,0.9444
67.4,103.5,0.82187,0.88799,0.8242,0.95104
-67.4,106.5,0.97846,0.95107,0.88371,1.0184
-1.51,106.5,1.2872,1.4249,1.3591,1.4905
1.51,106.5,1.302,1.4041,1.3398,1.4686
7.56,106.5,1.471,1.3577,1.2966,1.4195
10.62,106.5,1.471,1.3094,1.2518,1.366
13.71,106.5,1.4189,1.2194,1.1643,1.2755
20.01,106.5,1.2066,1.1574,1.0991,1.2173
23.26,106.5,1.0869,1.1537,1.0999,1.2093
26.59,106.5,1.0667,1.1506,1.0965,1.2061
30.02,106.5,1.0769,1.1151,1.0602,1.1694
33.57,106.5,1.0589,1.0393,0.98536,1.0927
37.27,106.5,1.0234,0.93424,0.88102,0.98656
41.17,106.5,0.92817,0.88499,0.8322,0.93621
45.32,106.5,0.82658,0.85743,0.81023,0.90422
49.8,106.5,0.89074,0.88833,0.83921,0.93748
54.75,106.5,0.93874,0.91631,0.86146,0.96898
60.42,106.5,0.92817,0.90414,0.85118,0.95393
67.4,106.5,0.80237,0.88247,0.81856,0.9468
-67.4,109.5,0.95576,0.95289,0.88544,1.0219
-4.53,109.5,1.4673,1.3333,1.2734,1.3899
-1.51,109.5,1.3211,1.3909,1.327,1.4556
10.62,109.5,1.518,1.2852,1.2291,1.3414
20.01,109.5,1.2311,1.1451,1.0867,1.2057
23.26,109.5,1.1202,1.1354,1.0811,1.1923
26.59,109.5,1.0482,1.1285,1.0764,1.1826
30.02,109.5,1.0346,1.0782,1.0206,1.1359
33.57,109.5,1.0794,1.0557,1.0028,1.1091
37.27,109.5,1.1038,0.99699,0.94256,1.0504
41.17,109.5,0.9753,0.942,0.88938,0.99406
45.32,109.5,0.87057,0.89911,0.85226,0.94537
49.8,109.5,0.89852,0.91458,0.86757,0.96424
54.75,109.5,0.93173,0.92376,0.87345,0.97164
60.42,109.5,0.92817,0.90379,0.85084,0.95341
67.4,109.5,0.79219,0.87852,0.81645,0.94242
-67.4,112.5,0.95241,0.95548,0.88685,1.0242
-41.17,112.5,1.0147,0.9019,0.82705,0.98013
-37.27,112.5,0.94904,0.92937,0.85965,1.0001
-33.57,112.5,0.93874,0.95303,0.89558,1.0107
-7.56,112.5,1.5576,1.2893,1.2338,1.3416
-4.53,112.5,1.4926,1.3668,1.3087,1.4256
-1.51,112.5,1.31,1.3864,1.3217,1.452
4.53,112.5,1.4189,1.364,1.3021,1.4241
23.26,112.5,1.1493,1.1445,1.0895,1.2026
26.59,112.5,1.0373,1.1284,1.0759,1.1845
30.02,112.5,1.0346,1.085,1.0273,1.1444
33.57,112.5,1.0769,1.0526,0.99816,1.1075
37.27,112.5,1.0743,1.0298,0.9767,1.0832
41.17,112.5,1.0176,0.97922,0.92971,1.0289
45.32,112.5,0.90615,0.93811,0.89335,0.98367
49.8,112.5,0.90236,0.93989,0.89209,0.98899
54.75,112.5,0.90615,0.93194,0.88224,0.97987
60.42,112.5,0.91731,0.89831,0.84449,0.94756
67.4,112.5,0.77086,0.87367,0.81066,0.93706
-67.4,115.5,0.9422,0.95873,0.88967,1.0273
-41.17,115.5,0.96238,0.92075,0.84639,0.99813
-37.27,115.5,0.93173,0.92358,0.85416,0.99559
-33.57,115.5,0.9721,0.95285,0.89502,1.0115
-30.02,115.5,0.98473,0.99791,0.94629,1.0499
-1.51,115.5,1.2889,1.4112,1.3444,1.4772
1.51,115.5,1.3677,1.3999,1.3351,1.4651
4.53,115.5,1.4385,1.3816,1.3174,1.4435
7.56,115.5,1.4855,1.3082,1.2516,1.3643
23.26,115.5,1.1642,1.1485,1.0948,1.2064
26.59,115.5,1.0615,1.135,1.0824,1.1902
30.02,115.5,1.0089,1.1098,1.0556,1.1673
33.57,115.5,1.0641,1.0655,1.0101,1.1223
37.27,115.5,1.0794,1.0425,0.99179,1.0936
41.17,115.5,1.0589,1.0093,0.96046,1.0588
45.32,115.5,0.96889,0.97804,0.93267,1.024
49.8,115.5,0.89852,0.96256,0.9149,1.0117
54.75,115.5,0.93525,0.94677,0.89616,0.99478
60.42,115.5,0.90991,0.91825,0.86644,0.96937
67.4,115.5,0.76531,0.86832,0.80531,0.93226
-67.4,118.5,0.92817,0.96233,0.89428,1.0309
-41.17,118.5,0.92817,0.92363,0.85012,0.99864
-37.27,118.5,0.91731,0.93632,0.86868,1.0049
-33.57,118.5,0.98783,0.94613,0.88694,1.0048
-30.02,118.5,0.99699,1.0041,0.95111,1.0573
1.51,118.5,1.2599,1.3666,1.3023,1.4307
4.53,118.5,1.3792,1.342,1.2793,1.4005
7.56,118.5,1.4795,1.3341,1.2763,1.3921
26.59,118.5,1.0562,1.1318,1.0804,1.1853
30.02,118.5,1.0346,1.1204,1.066,1.1776
33.57,118.5,1.0401,1.0813,1.0265,1.139
37.27,118.5,1.0562,1.0709,1.0176,1.1256
41.17,118.5,1.0869,1.0297,0.98119,1.0789
45.32,118.5,0.98783,0.99652,0.95118,1.043
49.8,118.5,0.93525,0.99943,0.94944,1.0514
54.75,118.5,0.92459,0.95159,0.89971,1.0023
60.42,118.5,0.90615,0.92013,0.86779,0.97185
67.4,118.5,0.77086,0.86585,0.80277,0.9299
-67.4,121.5,0.95576,0.96612,0.89763,1.0342
-41.17,121.5,0.89465,0.90006,0.82741,0.97502
-37.27,121.5,0.87469,0.94163,0.87678,1.007
-33.57,121.5,1.0118,0.98215,0.92565,1.0384
-30.02,121.5,1.0346,1.0075,0.95458,1.0606
-26.59,121.5,1.0318,1.0444,0.98867,1.1005
-4.53,121.5,1.4636,1.3004,1.2357,1.3602
10.62,121.5,1.5191,1.258,1.2059,1.31
16.83,121.5,1.3749,1.1673,1.1128,1.2212
26.59,121.5,1.0455,1.1217,1.0677,1.1797
30.02,121.5,1.0147,1.105,1.0456,1.1661
33.57,121.5,1.0401,1.0777,1.0167,1.1391
37.27,121.5,1.0262,1.0757,1.0231,1.1303
41.17,121.5,1.0641,1.0502,0.99923,1.1007
45.32,121.5,1.0562,1.0208,0.97349,1.0685
49.8,121.5,0.95576,1.005,0.9554,1.056
54.75,121.5,0.95908,0.96101,0.90717,1.0132
60.42,121.5,0.93525,0.92274,0.86917,0.97436
67.4,121.5,0.78698,0.86752,0.80484,0.93389
-67.4,124.5,0.99699,0.97015,0.9021,1.0374
-37.27,124.5,0.91731,0.95381,0.89483,1.0136
-33.57,124.5,1.0147,0.9863,0.93187,1.0404
-30.02,124.5,1.0262,1.0044,0.95062,1.0582
-26.59,124.5,1.0562,1.0568,0.999,1.1156
-1.51,124.5,1.2805,1.3134,1.2463,1.3778
30.02,124.5,0.99699,1.1109,1.0539,1.1706
41.17,124.5,1.1293,1.0671,1.0154,1.1187
45.32,124.5,1.0318,1.0455,0.99559,1.0946
49.8,124.5,0.97846,1.0203,0.96916,1.0732
54.75,124.5,0.9422,0.96854,0.91415,1.0222
60.42,124.5,0.94904,0.92422,0.86842,0.97716
67.4,124.5,0.94904,0.86401,0.80065,0.92981
-67.4,127.5,0.98473,0.97865,0.90987,1.0463
-37.27,127.5,0.91731,0.96272,0.90723,1.018
-33.57,127.5,0.9909,0.9926,0.94098,1.0443
-30.02,127.5,1.0482,1.0058,0.95085,1.0606
-26.59,127.5,1.0641,1.0507,0.98982,1.1108
-1.51,127.5,1.2686,1.3229,1.2515,1.3924
7.56,127.5,1.471,1.2626,1.1982,1.3248
37.27,127.5,1.0918,1.073,1.0127,1.1332
41.17,127.5,1.0509,1.0867,1.0311,1.1429
45.32,127.5,1.0401,1.068,1.0154,1.1208
49.8,127.5,0.98161,1.0179,0.96444,1.0706
54.75,127.5,0.98161,0.98876,0.93159,1.0441
60.42,127.5,0.94904,0.93545,0.87941,0.98859
67.4,127.5,0.89852,0.85811,0.7964,0.92249
-67.4,130.5,0.99699,0.9827,0.9146,1.0504
-37.27,130.5,0.89852,0.97545,0.92451,1.0263
-33.57,130.5,0.95576,0.99694,0.94522,1.0476
-30.02,130.5,1.0346,1.0137,0.95778,1.0705
-26.59,130.5,1.0589,1.059,0.99511,1.1239
-23.26,130.5,1.0819,1.0875,1.0233,1.1512
-13.71,130.5,1.2564,1.171,1.0882,1.2507
1.51,130.5,1.1293,1.3027,1.2248,1.3791
4.53,130.5,1.3116,1.2712,1.1976,1.341
7.56,130.5,1.4807,1.2498,1.1829,1.3146
33.57,130.5,1.1014,1.1037,1.0458,1.1629
37.27,130.5,1.1202,1.0936,1.0347,1.1531
45.32,130.5,0.96889,1.0655,1.013,1.1165
49.8,130.5,0.98473,1.031,0.97727,1.0833
54.75,130.5,1.003,1.0028,0.94152,1.0608
60.42,130.5,0.95908,0.93296,0.87843,0.98564
67.4,130.5,0.81225,0.87121,0.81081,0.93312
-67.4,133.5,1.0641,0.98656,0.91863,1.0542
-41.17,133.5,0.9422,0.9725,0.9168,1.029
-37.27,133.5,0.89465,0.98476,0.9363,1.034
-33.57,133.5,0.93173,1.0029,0.95008,1.0541
-30.02,133.5,1.0373,1.024,0.96873,1.081
-26.59,133.5,1.0482,1.0647,1.0007,1.1301
-23.26,133.5,1.0718,1.0858,1.02,1.1501
1.51,133.5,1.1109,1.3182,1.2406,1.3963
4.53,133.5,1.3068,1.256,1.1793,1.3288
7.56,133.5,1.489,1.2373,1.1669,1.3048
33.57,133.5,1.0819,1.136,1.0832,1.1903
41.17,133.5,1.1383,1.1008,1.0413,1.1589
45.32,133.5,1.029,1.0976,1.0383,1.1573
49.8,133.5,0.99699,1.0274,0.97423,1.0786
54.75,133.5,1.1062,0.99288,0.93847,1.0464
60.42,133.5,0.94904,0.94954,0.89324,1.0022
67.4,133.5,0.87057,0.87059,0.81311,0.92967
-67.4,136.5,0.98783,0.99048,0.92185,1.0574
-41.17,136.5,0.94563,0.98994,0.9347,1.0444
-37.27,136.5,0.9422,0.99499,0.94508,1.0452
-33.57,136.5,0.97846,0.96897,0.89927,1.0375
-30.02,136.5,1.0401,1.0351,0.97777,1.0941
-26.59,136.5,1.0234,1.0643,0.99861,1.1303
4.53,136.5,1.2971,1.2499,1.1736,1.3267
37.27,136.5,1.1405,1.1109,1.0465,1.1748
41.17,136.5,1.1705,1.0968,1.0307,1.1604
49.8,136.5,1.0346,1.0361,0.97964,1.0905
54.75,136.5,1.029,0.98902,0.9286,1.0467
60.42,136.5,1.0089,0.96445,0.90604,1.0196
67.4,136.5,0.96889,0.87868,0.8217,0.93769
-67.4,139.5,1,0.99437,0.92601,1.0617
-41.17,139.5,0.96564,1.0005,0.94387,1.057
-37.27,139.5,0.98473,1.022,0.96919,1.0745
-33.57,139.5,1.006,1.0038,0.9493,1.0578
-30.02,139.5,1.0318,1.0542,0.99364,1.1145
-26.59,139.5,1.0262,1.0677,1.0019,1.1321
-13.71,139.5,1.3426,1.18,1.0902,1.2667
41.17,139.5,1.1726,1.1065,1.0492,1.163
45.32,139.5,1.1449,1.0453,0.97979,1.1078
60.42,139.5,0.98161,0.97014,0.90325,1.0331
67.4,139.5,0.89465,0.87859,0.82405,0.93519
-67.4,142.5,0.99396,0.99818,0.9304,1.0646
-41.17,142.5,0.99699,1.0157,0.95664,1.0762
-37.27,142.5,1.0118,1.0372,0.97951,1.0951
-33.57,142.5,1.0346,1.0289,0.97387,1.0829
-30.02,142.5,1.0346,1.0576,1.0003,1.1171
-26.59,142.5,1.0536,1.0863,1.0236,1.1502
-10.62,142.5,1.5123,1.1549,1.0614,1.2433
45.32,142.5,1.1848,1.0533,0.93127,1.1783
49.8,142.5,1.0819,1.033,0.96941,1.0937
54.75,142.5,1.003,0.98125,0.86324,1.1005
60.42,142.5,0.99396,0.90902,0.79441,1.021
67.4,142.5,0.87057,0.88583,0.83108,0.94162
-67.4,145.5,0.94904,0.99728,0.92965,1.0635
-45.32,145.5,1.0428,1.0198,0.95987,1.0789
-41.17,145.5,1.0373,1.0284,0.96639,1.0913
-37.27,145.5,1.0318,1.0468,0.98454,1.1082
-33.57,145.5,1.0401,1.0393,0.98157,1.0956
-30.02,145.5,1.0482,1.0607,1.0034,1.1196
-16.83,145.5,1.1787,1.1541,1.0689,1.239
-10.62,145.5,1.518,1.1486,1.0561,1.2365
7.56,145.5,1.5236,1.2077,1.1366,1.279
60.42,145.5,0.99396,0.97094,0.89927,1.0393
67.4,145.5,0.92097,0.89201,0.83524,0.94831
-67.4,148.5,0.93173,1.0095,0.94244,1.0754
-49.8,148.5,0.9422,0.98694,0.92597,1.0483
-45.32,148.5,0.92459,1.0271,0.9656,1.0881
-41.17,148.5,1.0769,1.0362,0.96993,1.1036
-37.27,148.5,1.0615,1.0425,0.97837,1.1068
-33.57,148.5,1.0589,1.0506,0.99329,1.1087
-13.71,148.5,1.4109,1.1295,1.0417,1.2132
60.42,148.5,1.003,0.96992,0.9023,1.036
67.4,148.5,0.93874,0.90172,0.84533,0.95941
-41.17,151.5,1.0205,1.0274,0.96067,1.0933
-37.27,151.5,1.1156,1.0468,0.98014,1.1113
-33.57,151.5,1.1014,1.0511,0.99109,1.1112
60.42,151.5,1.0147,0.96006,0.88859,1.0323
67.4,151.5,0.87877,0.92338,0.86343,0.98391
67.4,154.5,0.90236,0.93324,0.86931,0.99719
-1.51,157.5,1.0118,1.1529,1.0496,1.2522
54.75,157.5,1.1038,0.94733,0.83105,1.0668
60.42,157.5,1.0589,0.95998,0.89705,1.0239
67.4,157.5,0.93173,0.93279,0.86574,0.99978
67.4,160.5,0.9422,0.93352,0.86224,1.0042
-1.51,163.5,0.98161,1.1359,1.0322,1.2362
67.4,163.5,0.96889,0.97547,0.90453,1.0484
60.42,166.5,1.029,0.91797,0.79588,1.0395
67.4,166.5,0.97846,0.9967,0.92002,1.0756
-7.56,169.5,1.5959,1.1156,1.024,1.2035
67.4,169.5,0.96564,0.99337,0.91414,1.0738
67.4,172.5,0.9721,1.0063,0.92469,1.0893
-45.32,175.5,1.0589,1.0293,0.9517,1.1084
67.4,175.5,0.9753,1.0047,0.92469,1.0885
-49.8,178.5,1.0844,1.0607,0.98517,1.1372
-45.32,178.5,1.0234,1.0519,0.97135,1.1324
-41.17,178.5,1.1014,1.0529,0.97661,1.1272
-23.26,178.5,1.1828,1.1019,1.0285,1.1758
67.4,178.5,0.98161,1.0028,0.92278,1.0845
