0.82248,0.79845,0.84666,-9.16
0.83458,0.8106,0.85902,-9.16
0.85517,0.83028,0.88163,-6.53
0.8576,0.83342,0.88342,-6.53
0.78361,0.75915,0.80916,-69.02
0.79741,0.77272,0.82365,-62.55
0.79617,0.77064,0.82308,-57.32
0.83076,0.80614,0.85725,-52.75
0.84446,0.81962,0.87102,-48.63
0.79732,0.77223,0.82474,-19.94
0.82376,0.79887,0.85062,-14.48
0.855,0.83139,0.88056,-6.53
0.80569,0.78156,0.8311,-69.02
0.89243,0.86863,0.91733,-62.55
0.81602,0.79207,0.84197,-57.32
0.7961,0.77055,0.82195,-52.75
0.79803,0.77298,0.82373,-48.63
0.82794,0.80376,0.85389,-44.82
0.80816,0.78256,0.83564,-41.25
0.8494,0.82438,0.8763,-22.74
0.84715,0.82362,0.8724,-19.94
0.84226,0.81849,0.86737,-17.19
0.7778,0.7542,0.8023,-14.48
0.8163,0.79192,0.8412,-69.02
0.86882,0.84531,0.89386,-62.55
0.83144,0.80822,0.8563,-57.32
0.84137,0.81771,0.86559,-52.75
0.82245,0.79928,0.84669,-48.63
0.82097,0.79762,0.84575,-44.82
0.82904,0.80496,0.85459,-41.25
0.86681,0.84342,0.89221,-37.87
0.8868,0.86284,0.91104,-22.74
0.87417,0.85149,0.89682,-19.94
0.84378,0.82188,0.86709,-17.19
0.77866,0.75534,0.80324,-14.48
0.78915,0.76428,0.81507,-11.81
0.8805,0.85536,0.90582,-6.53
0.7887,0.76253,0.81504,-3.91
0.77287,0.74842,0.7987,-1.3
0.83672,0.81151,0.86338,3.91
0.79153,0.76547,0.81852,6.53
0.82741,0.80239,0.85392,9.16
0.80441,0.77823,0.83162,11.81
0.79143,0.76455,0.81878,14.48
0.82502,0.8019,0.8498,-69.02
0.85905,0.83599,0.88367,-62.55
0.83645,0.81437,0.86002,-57.32
0.84206,0.81988,0.86475,-52.75
0.83315,0.81142,0.85624,-48.63
0.80778,0.78558,0.83123,-44.82
0.83574,0.81317,0.85958,-41.25
0.7916,0.7687,0.81623,-37.87
0.81721,0.79305,0.84303,-34.64
0.86514,0.84132,0.89077,-31.53
0.77993,0.75511,0.80587,-28.52
0.83916,0.81469,0.86362,-22.74
0.89123,0.8678,0.91505,-19.94
0.90289,0.88133,0.9251,-17.19
0.78122,0.75853,0.80533,-14.48
0.80787,0.78284,0.83473,-11.81
0.89614,0.87231,0.92063,-6.53
0.88245,0.85863,0.90555,-3.91
0.77677,0.75172,0.80207,-1.3
0.81426,0.78928,0.84062,1.3
0.84363,0.81936,0.86905,3.91
0.80942,0.78432,0.83504,6.53
0.83189,0.80876,0.85611,9.16
0.83287,0.81018,0.8568,11.81
0.7752,0.7511,0.80026,14.48
0.895,0.87149,0.91912,19.94
0.82783,0.80541,0.85149,-69.02
0.85591,0.83383,0.87974,-62.55
0.8397,0.81827,0.86248,-57.32
0.85145,0.83082,0.87333,-52.75
0.83938,0.81842,0.86153,-48.63
0.81958,0.79823,0.84189,-44.82
0.84122,0.81985,0.86394,-41.25
0.80867,0.78641,0.83219,-37.87
0.80379,0.78111,0.82815,-34.64
0.77977,0.75594,0.80432,-31.53
0.88557,0.86203,0.91052,-19.94
0.90004,0.8781,0.9223,-17.19
0.78891,0.76681,0.81239,-14.48
0.78542,0.76218,0.81058,-11.81
0.80839,0.78367,0.83491,-9.16
0.83395,0.80872,0.86037,-6.53
0.89309,0.87012,0.91705,-3.91
0.79753,0.77408,0.8217,-1.3
0.81978,0.79671,0.84406,1.3
0.86007,0.83834,0.88326,3.91
0.835,0.81336,0.85815,6.53
0.86296,0.84218,0.88553,9.16
0.78325,0.76128,0.80615,11.81
0.78418,0.76073,0.80956,14.48
0.78198,0.75657,0.80912,17.19
0.83095,0.80629,0.85717,22.74
0.76105,0.73471,0.78791,25.59
0.82854,0.80704,0.851,-69.02
0.85548,0.83411,0.87859,-62.55
0.83509,0.81424,0.85626,-57.32
0.85819,0.83783,0.87965,-52.75
0.86594,0.84574,0.88691,-48.63
0.82814,0.80698,0.84959,-44.82
0.83821,0.81733,0.85963,-41.25
0.82087,0.79965,0.84313,-37.87
0.81834,0.79642,0.8412,-34.64
0.78664,0.76353,0.81152,-31.53
0.81403,0.78936,0.84008,-28.52
0.80687,0.78197,0.83355,-25.59
0.88004,0.85626,0.90538,-22.74
0.88903,0.86643,0.91263,-19.94
0.88969,0.86868,0.91169,-17.19
0.79557,0.77414,0.818,-14.48
0.80844,0.78611,0.83219,-11.81
0.82714,0.80419,0.85148,-9.16
0.83627,0.81321,0.86058,-6.53
0.87368,0.85202,0.89706,-3.91
0.88033,0.85896,0.90218,-1.3
0.81981,0.79753,0.84239,1.3
0.86091,0.8405,0.88302,3.91
0.84036,0.81964,0.86165,6.53
0.78793,0.76735,0.80878,9.16
0.78323,0.76117,0.8057,11.81
0.77874,0.75561,0.80325,14.48
0.84429,0.81865,0.87116,17.19
0.88938,0.86509,0.91481,19.94
0.8912,0.86817,0.91543,22.74
0.813,0.78912,0.83866,25.59
0.77402,0.74976,0.79957,28.52
0.81453,0.78957,0.84105,37.87
0.81269,0.78723,0.83985,41.25
0.84358,0.81912,0.86943,69.02
0.83292,0.81118,0.85514,-69.02
0.85637,0.83571,0.87864,-62.55
0.84081,0.8208,0.8612,-57.32
0.86044,0.84033,0.88135,-52.75
0.86771,0.84787,0.88819,-48.63
0.83625,0.81592,0.85681,-44.82
0.8449,0.82463,0.86554,-41.25
0.83044,0.80944,0.85149,-37.87
0.79458,0.77346,0.81651,-34.64
0.80592,0.78362,0.82977,-31.53
0.82893,0.80595,0.85329,-28.52
0.82645,0.80302,0.8511,-25.59
0.8579,0.83516,0.8821,-22.74
0.87482,0.8538,0.89785,-19.94
0.89318,0.87261,0.91458,-17.19
0.80829,0.78731,0.82977,-14.48
0.822,0.80068,0.84434,-11.81
0.83542,0.81398,0.85798,-9.16
0.84103,0.8197,0.86375,-6.53
0.86562,0.84515,0.88772,-3.91
0.86738,0.84669,0.88851,-1.3
0.82518,0.80431,0.84645,1.3
0.85008,0.83007,0.87034,3.91
0.87623,0.85639,0.89669,6.53
0.79162,0.77104,0.81227,9.16
0.78449,0.76276,0.80648,11.81
0.78067,0.75802,0.80452,14.48
0.79786,0.7733,0.82445,17.19
0.89095,0.86765,0.91552,19.94
0.87256,0.85079,0.89603,22.74
0.82546,0.80299,0.84937,25.59
0.78742,0.76435,0.81224,28.52
0.7797,0.75566,0.80534,31.53
0.82608,0.8023,0.85121,41.25
0.80765,0.7832,0.83361,44.82
0.79852,0.7746,0.8239,69.02
0.84513,0.82443,0.86608,-69.02
0.85783,0.83728,0.87984,-62.55
0.8867,0.86735,0.9063,-57.32
0.86331,0.84344,0.88373,-52.75
0.8702,0.85012,0.89031,-48.63
0.84266,0.82247,0.86277,-44.82
0.82453,0.8044,0.84453,-41.25
0.83834,0.81811,0.85875,-37.87
0.80537,0.78434,0.82685,-34.64
0.81992,0.79855,0.84234,-31.53
0.83611,0.81464,0.85879,-28.52
0.83495,0.81333,0.85788,-25.59
0.85463,0.83347,0.87729,-22.74
0.87913,0.85867,0.90077,-19.94
0.88686,0.86682,0.90749,-17.19
0.81965,0.79907,0.84016,-14.48
0.83187,0.81102,0.853,-11.81
0.84197,0.82145,0.86311,-9.16
0.8458,0.82545,0.86692,-6.53
0.86378,0.84357,0.88483,-3.91
0.86099,0.84074,0.88109,-1.3
0.83034,0.81023,0.85039,1.3
0.84611,0.82663,0.8656,3.91
0.79665,0.77664,0.81627,6.53
0.79314,0.77278,0.81354,9.16
0.79148,0.77053,0.81328,11.81
0.79579,0.77356,0.81946,14.48
0.82318,0.79976,0.84785,17.19
0.86853,0.84637,0.89214,19.94
0.89214,0.87114,0.91415,22.74
0.83272,0.81147,0.85485,25.59
0.80489,0.78269,0.82864,28.52
0.80685,0.78357,0.83183,31.53
0.82498,0.80103,0.85034,34.64
0.83054,0.80605,0.85648,37.87
0.89101,0.86859,0.91434,41.25
0.77753,0.75378,0.80211,44.82
0.89222,0.8691,0.91508,69.02
0.85216,0.83213,0.87303,-69.02
0.85671,0.83676,0.87743,-62.55
0.89189,0.87189,0.9118,-57.32
0.86685,0.84669,0.88691,-52.75
0.87274,0.85264,0.89289,-48.63
0.84913,0.8288,0.86909,-44.82
0.83261,0.81262,0.85271,-41.25
0.8098,0.78962,0.82964,-37.87
0.81588,0.79536,0.83654,-34.64
0.82971,0.80871,0.85088,-31.53
0.84276,0.82224,0.8639,-28.52
0.84171,0.82104,0.86298,-25.59
0.85527,0.83495,0.87673,-22.74
0.87523,0.85507,0.89618,-19.94
0.88331,0.86339,0.90358,-17.19
0.82904,0.80886,0.84913,-14.48
0.84005,0.81977,0.86028,-11.81
0.8425,0.82237,0.8628,-9.16
0.85057,0.83039,0.87101,-6.53
0.86462,0.84482,0.88487,-3.91
0.86061,0.84135,0.87978,-1.3
0.87203,0.85251,0.89127,1.3
0.8561,0.83695,0.8754,3.91
0.80167,0.78188,0.8214,6.53
0.7997,0.77949,0.81989,9.16
0.80158,0.78073,0.8231,11.81
0.81071,0.78914,0.83329,14.48
0.83187,0.81034,0.85465,17.19
0.86003,0.8391,0.8825,19.94
0.88247,0.86228,0.90371,22.74
0.80443,0.78353,0.82594,25.59
0.80121,0.77971,0.82337,28.52
0.82002,0.79784,0.84353,31.53
0.81884,0.7963,0.84273,34.64
0.83374,0.81081,0.85801,37.87
0.87792,0.85673,0.90078,41.25
0.78107,0.75808,0.80542,44.82
0.9059,0.88353,0.92945,69.02
0.85998,0.83964,0.88119,-69.02
0.85607,0.83646,0.876,-62.55
0.89168,0.87149,0.91145,-57.32
0.87046,0.85024,0.89066,-52.75
0.87598,0.85565,0.89623,-48.63
0.85515,0.83452,0.87548,-44.82
0.84026,0.81989,0.86051,-41.25
0.81827,0.79839,0.83815,-37.87
0.82516,0.80506,0.84513,-34.64
0.83792,0.81771,0.8582,-31.53
0.84275,0.82243,0.86338,-28.52
0.84125,0.82096,0.86175,-25.59
0.85776,0.83759,0.87837,-22.74
0.87422,0.85426,0.89454,-19.94
0.88766,0.86739,0.90738,-17.19
0.89401,0.87356,0.91408,-14.48
0.84646,0.82619,0.86675,-11.81
0.84836,0.82796,0.86849,-9.16
0.85534,0.83515,0.87552,-6.53
0.8668,0.8467,0.88719,-3.91
0.86584,0.84677,0.88478,-1.3
0.87247,0.85314,0.89151,1.3
0.8074,0.78761,0.82743,3.91
0.80825,0.78863,0.82831,6.53
0.80857,0.78842,0.82841,9.16
0.81235,0.79188,0.83293,11.81
0.82119,0.79994,0.84261,14.48
0.8376,0.81672,0.85908,17.19
0.85812,0.83789,0.87941,19.94
0.87709,0.85713,0.89793,22.74
0.81407,0.79361,0.83453,25.59
0.81187,0.7909,0.8332,28.52
0.82812,0.80697,0.85037,31.53
0.8268,0.80549,0.84926,34.64
0.83694,0.81543,0.85979,37.87
0.87004,0.84955,0.89214,41.25
0.77987,0.75656,0.80379,44.82
0.88454,0.86122,0.9078,69.02
0.86316,0.8431,0.88384,-69.02
0.85576,0.83663,0.87489,-62.55
0.89226,0.8723,0.91197,-57.32
0.87419,0.85388,0.89434,-52.75
0.87932,0.8587,0.89998,-48.63
0.86068,0.83936,0.88159,-44.82
0.84699,0.826,0.86775,-41.25
0.82605,0.80584,0.84635,-37.87
0.83352,0.81342,0.85367,-34.64
0.845,0.82489,0.86513,-31.53
0.84881,0.82862,0.86904,-28.52
0.84795,0.82777,0.86817,-25.59
0.86153,0.84153,0.88158,-22.74
0.87527,0.85494,0.89544,-19.94
0.88767,0.86724,0.90783,-17.19
0.89771,0.87695,0.91811,-14.48
0.85294,0.83176,0.87362,-11.81
0.85429,0.83328,0.87499,-9.16
0.8601,0.83906,0.88068,-6.53
0.87029,0.84934,0.89088,-3.91
0.8703,0.85045,0.88988,-1.3
0.87178,0.85218,0.89143,1.3
0.81095,0.79079,0.83135,3.91
0.81497,0.79468,0.8354,6.53
0.81697,0.79705,0.83712,9.16
0.82137,0.80131,0.84133,11.81
0.83022,0.8096,0.85037,14.48
0.84278,0.82239,0.86346,17.19
0.85881,0.83867,0.87935,19.94
0.87474,0.85483,0.89497,22.74
0.81306,0.79286,0.83312,25.59
0.82009,0.79951,0.84041,28.52
0.8339,0.81328,0.85487,31.53
0.83245,0.81144,0.85356,34.64
0.84016,0.81937,0.86161,37.87
0.78571,0.76441,0.80724,41.25
0.77891,0.75533,0.80305,44.82
0.89635,0.87283,0.92062,52.75
0.90544,0.88275,0.92921,69.02
0.86579,0.84625,0.88615,-69.02
0.86,0.84067,0.87955,-62.55
0.8934,0.87311,0.91323,-57.32
0.87827,0.85755,0.89877,-52.75
0.88343,0.86194,0.90464,-48.63
0.86633,0.84417,0.8881,-44.82
0.82993,0.80901,0.85155,-41.25
0.83425,0.81367,0.85496,-37.87
0.8416,0.8211,0.86205,-34.64
0.85157,0.83097,0.87192,-31.53
0.85493,0.8345,0.87512,-28.52
0.85413,0.83367,0.87439,-25.59
0.86532,0.8447,0.88568,-22.74
0.87705,0.85652,0.89742,-19.94
0.88789,0.86692,0.90836,-17.19
0.89819,0.87649,0.91944,-14.48
0.85877,0.83653,0.88069,-11.81
0.86023,0.83798,0.88197,-9.16
0.8647,0.84255,0.88618,-6.53
0.8738,0.85143,0.89547,-3.91
0.87959,0.8578,0.90086,-1.3
0.87436,0.85387,0.89487,1.3
0.80864,0.7884,0.82927,3.91
0.82231,0.80183,0.84337,6.53
0.82475,0.80435,0.84533,9.16
0.82955,0.80938,0.85009,11.81
0.83703,0.81681,0.85718,14.48
0.84797,0.82757,0.86824,17.19
0.86028,0.84023,0.88038,19.94
0.8739,0.85363,0.89416,22.74
0.82043,0.80051,0.84051,25.59
0.82739,0.80736,0.84735,28.52
0.83377,0.81336,0.85397,31.53
0.83156,0.81091,0.85182,34.64
0.79979,0.77933,0.8198,37.87
0.78656,0.76523,0.80804,41.25
0.78422,0.76135,0.80867,44.82
0.78393,0.75932,0.80987,52.75
0.88,0.86037,0.89966,-69.02
0.87275,0.85307,0.89238,-62.55
0.89656,0.87613,0.91594,-57.32
0.9123,0.89083,0.93293,-52.75
0.88736,0.86499,0.90922,-48.63
0.8723,0.84927,0.89514,-44.82
0.83747,0.81538,0.85999,-41.25
0.84157,0.82032,0.86299,-37.87
0.84873,0.82744,0.86985,-34.64
0.85773,0.83625,0.87853,-31.53
0.86056,0.83899,0.88143,-28.52
0.85978,0.83816,0.88069,-25.59
0.86975,0.84823,0.89081,-22.74
0.88011,0.85827,0.90151,-19.94
0.88949,0.86739,0.91122,-17.19
0.89891,0.87625,0.9214,-14.48
0.86472,0.84125,0.88837,-11.81
0.86564,0.84229,0.88925,-9.16
0.86978,0.84655,0.89321,-6.53
0.87753,0.85394,0.90074,-3.91
0.88561,0.86178,0.90904,-1.3
0.87864,0.85661,0.90031,1.3
0.81313,0.79231,0.8345,3.91
0.83024,0.80878,0.85235,6.53
0.83231,0.81149,0.85347,9.16
0.83683,0.81622,0.85764,11.81
0.84333,0.82261,0.86373,14.48
0.8526,0.8319,0.87296,17.19
0.86297,0.84241,0.88332,19.94
0.87449,0.85394,0.89493,22.74
0.82759,0.80718,0.84829,25.59
0.83365,0.81344,0.85402,28.52
0.83482,0.81464,0.85501,31.53
0.8122,0.79237,0.83185,34.64
0.79457,0.77406,0.81511,37.87
0.79223,0.77052,0.81422,41.25
0.80769,0.78469,0.83128,44.82
0.88033,0.86126,0.89918,-69.02
0.87785,0.85845,0.89712,-62.55
0.90162,0.88108,0.92129,-57.32
0.9158,0.89366,0.937,-52.75
0.90148,0.8779,0.92454,-48.63
0.87899,0.85473,0.90282,-44.82
0.84499,0.82179,0.86861,-41.25
0.8493,0.82689,0.87204,-37.87
0.85611,0.83414,0.8782,-34.64
0.86407,0.84178,0.88601,-31.53
0.86634,0.8439,0.88828,-28.52
0.86559,0.84306,0.8876,-25.59
0.87432,0.85169,0.89651,-22.74
0.88339,0.86052,0.90593,-19.94
0.89191,0.86859,0.91502,-17.19
0.90048,0.87624,0.92436,-14.48
0.90848,0.88275,0.93344,-11.81
0.86893,0.84352,0.89386,-9.16
0.87562,0.85005,0.90058,-6.53
0.88244,0.85686,0.90746,-3.91
0.89008,0.86392,0.91507,-1.3
0.8277,0.80371,0.85153,1.3
0.81964,0.79716,0.84222,3.91
0.83069,0.80891,0.85298,6.53
0.83999,0.81791,0.86262,9.16
0.84397,0.8223,0.86576,11.81
0.84938,0.82795,0.87084,14.48
0.85742,0.83561,0.87849,17.19
0.86648,0.84478,0.88764,19.94
0.87591,0.8541,0.89721,22.74
0.83376,0.81285,0.8548,25.59
0.81002,0.79007,0.82974,28.52
0.80677,0.78682,0.82621,31.53
0.80508,0.785,0.82477,34.64
0.80886,0.78832,0.83,37.87
0.78482,0.76282,0.80719,41.25
0.78308,0.75878,0.80839,44.82
0.88164,0.86338,0.89973,-69.02
0.88359,0.86369,0.90299,-62.55
0.90901,0.88622,0.93129,-57.32
0.92165,0.8977,0.94449,-52.75
0.90752,0.88267,0.93173,-48.63
0.88631,0.86028,0.91172,-44.82
0.85346,0.82845,0.87795,-41.25
0.85708,0.83318,0.88083,-37.87
0.86333,0.83975,0.88669,-34.64
0.87014,0.84663,0.89366,-31.53
0.87239,0.84868,0.89596,-28.52
0.87164,0.84787,0.89533,-25.59
0.87921,0.85511,0.9029,-22.74
0.88692,0.86234,0.91095,-19.94
0.89539,0.86995,0.9197,-17.19
0.90324,0.87708,0.92833,-14.48
0.91125,0.88356,0.93775,-11.81
0.87586,0.84806,0.90246,-9.16
0.88147,0.8539,0.90788,-6.53
0.88428,0.85798,0.9108,-3.91
0.88995,0.86375,0.91638,-1.3
0.89549,0.86968,0.92161,1.3
0.83022,0.80643,0.85421,3.91
0.831,0.80857,0.85392,6.53
0.84833,0.82461,0.87226,9.16
0.85104,0.82794,0.87418,11.81
0.85618,0.83359,0.87891,14.48
0.86215,0.83964,0.88489,17.19
0.86972,0.84698,0.89228,19.94
0.87892,0.85618,0.90144,22.74
0.81125,0.79025,0.83168,25.59
0.80635,0.78656,0.8259,28.52
0.80157,0.78157,0.82097,31.53
0.79883,0.77831,0.81892,34.64
0.79904,0.77785,0.82026,37.87
0.79427,0.77188,0.81702,41.25
0.77932,0.75474,0.80495,44.82
0.88576,0.86735,0.9037,-69.02
0.89078,0.86881,0.91191,-62.55
0.92071,0.89157,0.94927,-57.32
0.92879,0.90175,0.95498,-52.75
0.90131,0.87733,0.92597,-48.63
0.90905,0.885,0.93384,-44.82
0.91774,0.89294,0.94347,-41.25
0.86587,0.84015,0.89121,-37.87
0.87082,0.84562,0.89557,-34.64
0.87752,0.85239,0.90197,-31.53
0.8815,0.85613,0.90629,-28.52
0.87768,0.85211,0.90248,-25.59
0.88527,0.8593,0.91039,-22.74
0.89279,0.86611,0.91802,-19.94
0.89963,0.87225,0.9255,-17.19
0.90676,0.87839,0.93391,-14.48
0.86505,0.8395,0.89135,-11.81
0.86783,0.84299,0.8932,-9.16
0.87195,0.84761,0.89678,-6.53
0.87732,0.85343,0.90164,-3.91
0.88406,0.86044,0.90804,-1.3
0.89107,0.86748,0.91524,1.3
0.88396,0.86145,0.90599,3.91
0.88754,0.86343,0.9115,6.53
0.85084,0.82654,0.87437,9.16
0.86024,0.83513,0.88488,11.81
0.86345,0.83887,0.88766,14.48
0.86818,0.84386,0.89235,17.19
0.8747,0.85034,0.89877,19.94
0.81569,0.79316,0.83769,22.74
0.80958,0.78865,0.83005,25.59
0.80451,0.78468,0.82397,28.52
0.79801,0.77823,0.81749,31.53
0.79305,0.77265,0.81349,34.64
0.78943,0.76785,0.81142,37.87
0.79576,0.77256,0.81945,41.25
0.83818,0.81321,0.86306,44.82
0.89358,0.874,0.91249,-69.02
0.89724,0.87302,0.92053,-62.55
0.93846,0.89539,0.98197,-57.32
0.89585,0.86724,0.92472,-52.75
0.89903,0.87556,0.92275,-48.63
0.90605,0.88331,0.9293,-44.82
0.91471,0.89141,0.93873,-41.25
0.92407,0.89916,0.94947,-37.87
0.87916,0.85216,0.90548,-34.64
0.88521,0.85816,0.91101,-31.53
0.88857,0.86129,0.91457,-28.52
0.88772,0.86013,0.91405,-25.59
0.89163,0.86373,0.91826,-22.74
0.89825,0.86976,0.92522,-19.94
0.85553,0.82923,0.88204,-17.19
0.85576,0.83099,0.88102,-14.48
0.85701,0.83327,0.88118,-11.81
0.86032,0.8374,0.88367,-9.16
0.86487,0.84271,0.88752,-6.53
0.87131,0.84943,0.89321,-3.91
0.87782,0.85593,0.89948,-1.3
0.88602,0.86429,0.90793,1.3
0.8922,0.87042,0.91431,3.91
0.88282,0.86208,0.90336,6.53
0.90018,0.87862,0.92238,9.16
0.91311,0.8896,0.93717,11.81
0.91945,0.89493,0.94439,14.48
0.84229,0.81864,0.86639,17.19
0.84069,0.81843,0.86313,19.94
0.84155,0.82049,0.86278,22.74
0.80953,0.78875,0.8296,25.59
0.80309,0.78321,0.82261,28.52
0.7981,0.77827,0.81767,31.53
0.79215,0.77185,0.81287,34.64
0.78524,0.7633,0.80752,37.87
0.78319,0.75903,0.80825,41.25
0.89766,0.87741,0.91706,-69.02
0.90386,0.87785,0.92957,-62.55
0.89275,0.85475,0.93256,-57.32
0.89344,0.86403,0.92365,-52.75
0.89636,0.87297,0.91957,-48.63
0.90339,0.88165,0.92528,-44.82
0.91255,0.89037,0.93498,-41.25
0.92151,0.89812,0.94542,-37.87
0.92782,0.90298,0.95327,-34.64
0.93593,0.90937,0.96325,-31.53
0.89707,0.86769,0.92527,-28.52
0.89568,0.8659,0.92438,-25.59
0.85319,0.82455,0.88177,-22.74
0.8494,0.82317,0.87614,-19.94
0.84786,0.82338,0.87286,-17.19
0.84745,0.82421,0.87096,-14.48
0.84927,0.82713,0.87171,-11.81
0.85307,0.83177,0.87479,-9.16
0.85811,0.83747,0.87909,-6.53
0.86438,0.84392,0.8847,-3.91
0.87257,0.85241,0.89263,-1.3
0.88113,0.8609,0.90136,1.3
0.88823,0.86801,0.90867,3.91
0.88843,0.86885,0.90808,6.53
0.89474,0.87529,0.91433,9.16
0.91315,0.89171,0.93512,11.81
0.91848,0.89586,0.94175,14.48
0.86404,0.84185,0.88665,17.19
0.83439,0.8134,0.85593,19.94
0.83451,0.81422,0.85485,22.74
0.83344,0.8137,0.85333,25.59
0.80224,0.78246,0.82175,28.52
0.79664,0.77668,0.81635,31.53
0.79232,0.77186,0.8131,34.64
0.78624,0.76418,0.80867,37.87
0.78015,0.75593,0.80545,41.25
0.9018,0.88083,0.92229,-69.02
0.90966,0.88197,0.93725,-62.55
0.88431,0.84918,0.92115,-57.32
0.88928,0.8599,0.91986,-52.75
0.89414,0.87136,0.9175,-48.63
0.90174,0.88087,0.92278,-44.82
0.91067,0.88964,0.93151,-41.25
0.9174,0.89563,0.93969,-37.87
0.9258,0.90248,0.94975,-34.64
0.93381,0.9087,0.95949,-31.53
0.94182,0.91472,0.96948,-28.52
0.87704,0.84864,0.90569,-25.59
0.8464,0.81923,0.87379,-22.74
0.84218,0.81735,0.86766,-19.94
0.8399,0.81682,0.86352,-17.19
0.83946,0.81753,0.86169,-14.48
0.8412,0.82025,0.86215,-11.81
0.84487,0.82457,0.86536,-9.16
0.8504,0.83041,0.87044,-6.53
0.85773,0.83824,0.87723,-3.91
0.86696,0.84749,0.8864,-1.3
0.87706,0.85764,0.89635,1.3
0.88496,0.86569,0.90427,3.91
0.89292,0.87385,0.91194,6.53
0.90414,0.8852,0.92221,9.16
0.912,0.89265,0.9313,11.81
0.91839,0.89742,0.94015,14.48
0.85776,0.8371,0.87869,17.19
0.82769,0.80704,0.84831,19.94
0.8276,0.80765,0.84743,22.74
0.83105,0.81153,0.85059,25.59
0.83176,0.81255,0.85088,28.52
0.79478,0.77485,0.81452,31.53
0.7888,0.76818,0.80968,34.64
0.78268,0.76044,0.80547,37.87
0.77629,0.75193,0.80178,41.25
0.93569,0.91449,0.95562,-69.02
0.91607,0.88681,0.94491,-62.55
0.87694,0.8441,0.91133,-57.32
0.88456,0.85556,0.91466,-52.75
0.89132,0.86815,0.91486,-48.63
0.89993,0.87975,0.92035,-44.82
0.90934,0.88939,0.92935,-41.25
0.91531,0.8947,0.93599,-37.87
0.92454,0.90259,0.9472,-34.64
0.93243,0.90882,0.95661,-31.53
0.93986,0.91417,0.9662,-28.52
0.86895,0.84274,0.89559,-25.59
0.86915,0.84402,0.89502,-22.74
0.83947,0.81589,0.86332,-19.94
0.83239,0.8101,0.85508,-17.19
0.83183,0.81095,0.85298,-14.48
0.83283,0.81242,0.85302,-11.81
0.83628,0.81649,0.85612,-9.16
0.84277,0.82323,0.86223,-6.53
0.85116,0.83186,0.87053,-3.91
0.86148,0.84233,0.88087,-1.3
0.87324,0.85388,0.89247,1.3
0.8733,0.85408,0.8924,3.91
0.89376,0.87572,0.91163,6.53
0.94753,0.9298,0.96491,9.16
0.91785,0.89993,0.93557,11.81
0.91872,0.89904,0.9389,14.48
0.85088,0.83098,0.8708,17.19
0.85659,0.83706,0.87612,19.94
0.82039,0.80061,0.83966,22.74
0.82304,0.80348,0.84249,25.59
0.82426,0.80452,0.84383,28.52
0.83552,0.81583,0.85543,31.53
0.7892,0.76859,0.81003,34.64
0.78495,0.76306,0.80774,37.87
0.79438,0.77083,0.81988,41.25
0.86047,0.83577,0.88651,44.82
0.93794,0.91651,0.95833,-69.02
0.86034,0.83154,0.88949,-62.55
0.87051,0.83928,0.90308,-57.32
0.88002,0.85153,0.90993,-52.75
0.88903,0.86591,0.91307,-48.63
0.89926,0.87932,0.91946,-44.82
0.90868,0.88938,0.92765,-41.25
0.91499,0.89533,0.93451,-37.87
0.92306,0.90229,0.94419,-34.64
0.93134,0.90888,0.95414,-31.53
0.93862,0.91426,0.96361,-28.52
0.861,0.83656,0.88621,-25.59
0.86077,0.8374,0.8846,-22.74
0.8321,0.80926,0.85525,-19.94
0.82995,0.80888,0.85174,-17.19
0.82393,0.80324,0.84426,-14.48
0.82471,0.8047,0.84444,-11.81
0.82727,0.80773,0.84687,-9.16
0.83348,0.81412,0.85273,-6.53
0.8428,0.82347,0.86237,-3.91
0.85546,0.83581,0.875,-1.3
0.87018,0.85074,0.88943,1.3
0.86983,0.85047,0.88895,3.91
0.86988,0.85055,0.88864,6.53
1.067,1.0461,1.0867,9.16
0.92813,0.9109,0.94543,11.81
0.91873,0.89981,0.93796,14.48
0.84333,0.82407,0.86289,17.19
0.84994,0.83074,0.86931,19.94
0.81281,0.79294,0.83221,22.74
0.8146,0.79477,0.83431,25.59
0.82203,0.80197,0.8423,28.52
0.82736,0.80708,0.8482,31.53
0.85136,0.83082,0.87179,34.64
0.7933,0.77183,0.81582,37.87
0.79612,0.77339,0.8203,41.25
0.83493,0.81023,0.85953,44.82
0.94031,0.9184,0.96075,-69.02
0.856,0.82786,0.88452,-62.55
0.86431,0.83439,0.89575,-57.32
0.87569,0.84771,0.90547,-52.75
0.88799,0.86435,0.91249,-48.63
0.89987,0.88004,0.9204,-44.82
0.90686,0.88788,0.92547,-41.25
0.91549,0.89644,0.93424,-37.87
0.9233,0.90367,0.94309,-34.64
0.93049,0.90895,0.952,-31.53
0.9377,0.91413,0.96141,-28.52
0.85263,0.82982,0.87577,-25.59
0.85256,0.8305,0.87475,-22.74
0.85503,0.83388,0.87662,-19.94
0.82219,0.80151,0.84293,-17.19
0.82175,0.80143,0.84155,-14.48
0.81562,0.79573,0.83515,-11.81
0.81717,0.79747,0.83669,-9.16
0.82298,0.80309,0.8426,-6.53
0.83333,0.81361,0.85359,-3.91
0.84941,0.82967,0.86936,-1.3
0.86781,0.84759,0.88785,1.3
0.86647,0.84662,0.88612,3.91
0.87897,0.86,0.89752,6.53
0.94328,0.92758,0.95863,9.16
0.91838,0.90082,0.93582,11.81
0.83235,0.81324,0.85133,14.48
0.83476,0.81543,0.85378,17.19
0.84353,0.82436,0.8629,19.94
0.85599,0.83656,0.87517,22.74
0.8057,0.78539,0.826,25.59
0.81152,0.7908,0.83268,28.52
0.81669,0.79533,0.83864,31.53
0.84858,0.82672,0.87029,34.64
0.82702,0.80562,0.8488,37.87
0.78468,0.76155,0.80871,41.25
0.94217,0.91999,0.96298,-69.02
0.85242,0.82485,0.88045,-62.55
0.85913,0.83001,0.8896,-57.32
0.87158,0.84375,0.90034,-52.75
0.88819,0.86429,0.91292,-48.63
0.90333,0.8832,0.92357,-44.82
0.90945,0.89096,0.92779,-41.25
0.91775,0.89935,0.93593,-37.87
0.92428,0.90538,0.94316,-34.64
0.93065,0.90997,0.95098,-31.53
0.93699,0.91435,0.95945,-28.52
0.8444,0.82248,0.86638,-25.59
0.84403,0.82322,0.8648,-22.74
0.84648,0.82628,0.8669,-19.94
0.85226,0.83236,0.87207,-17.19
0.81356,0.7936,0.83309,-14.48
0.81347,0.79368,0.83295,-11.81
0.8067,0.78652,0.82662,-9.16
0.81024,0.78947,0.8311,-6.53
0.82136,0.80038,0.84275,-3.91
0.84222,0.82103,0.86326,-1.3
0.85828,0.83681,0.8792,1.3
0.865,0.84397,0.88571,3.91
0.89352,0.8726,0.91373,6.53
0.90584,0.88691,0.92456,9.16
0.91311,0.89473,0.93194,11.81
0.8214,0.80199,0.84079,14.48
0.82537,0.80567,0.84492,17.19
0.83607,0.8164,0.85581,19.94
0.85154,0.83184,0.87142,22.74
0.80435,0.78383,0.82525,25.59
0.79866,0.77708,0.82015,28.52
0.81698,0.79461,0.84002,31.53
0.84705,0.82395,0.87021,34.64
0.85233,0.8296,0.875,37.87
0.79087,0.76714,0.81544,41.25
0.88586,0.8667,0.9064,62.55
0.95067,0.93192,0.97012,69.02
0.94479,0.9223,0.96576,-69.02
0.84932,0.82271,0.87642,-62.55
0.85438,0.82615,0.88371,-57.32
0.86911,0.84179,0.89729,-52.75
0.88967,0.8659,0.91444,-48.63
0.90948,0.88936,0.92981,-44.82
0.91592,0.89774,0.93368,-41.25
0.92198,0.90421,0.93946,-37.87
0.92613,0.908,0.94438,-34.64
0.9314,0.91171,0.95106,-31.53
0.93501,0.91325,0.95627,-28.52
0.83587,0.8152,0.85712,-25.59
0.83464,0.81439,0.85479,-22.74
0.83773,0.81791,0.85762,-19.94
0.84406,0.8246,0.86351,-17.19
0.80641,0.78649,0.82574,-14.48
0.80402,0.78409,0.82368,-11.81
0.80459,0.78416,0.82514,-9.16
0.79709,0.77586,0.81836,-6.53
0.80392,0.78194,0.82629,-3.91
0.83074,0.80788,0.85364,-1.3
0.85897,0.83609,0.88148,1.3
0.8679,0.84563,0.89038,3.91
0.90098,0.87859,0.9228,6.53
0.90599,0.88548,0.92588,9.16
0.89698,0.87734,0.91617,11.81
0.80795,0.78825,0.82725,14.48
0.81515,0.79501,0.83562,17.19
0.82623,0.80603,0.84699,19.94
0.84652,0.82609,0.86706,22.74
0.8431,0.82236,0.86393,25.59
0.79801,0.77575,0.82055,28.52
0.79221,0.76836,0.81669,31.53
0.85356,0.82879,0.87821,34.64
0.8617,0.83764,0.88589,37.87
0.80246,0.7775,0.82753,41.25
0.85421,0.83305,0.87671,57.32
0.84489,0.82705,0.86331,62.55
0.93233,0.91533,0.95058,69.02
0.94772,0.92507,0.96863,-69.02
0.84679,0.82113,0.87328,-62.55
0.85137,0.82424,0.87991,-57.32
0.8671,0.84006,0.89477,-52.75
0.89408,0.87047,0.91836,-48.63
0.92017,0.89983,0.94041,-44.82
0.92623,0.90853,0.94354,-41.25
0.92802,0.91103,0.9448,-37.87
0.92943,0.91164,0.94705,-34.64
0.93045,0.91156,0.94949,-31.53
0.93157,0.91071,0.95219,-28.52
0.82768,0.80727,0.84797,-25.59
0.82561,0.80568,0.84535,-22.74
0.82865,0.80922,0.84813,-19.94
0.83539,0.81614,0.85468,-17.19
0.84547,0.82606,0.86496,-14.48
0.79632,0.77619,0.81629,-11.81
0.79375,0.77287,0.81465,-9.16
0.79425,0.77238,0.81633,-6.53
0.80715,0.78446,0.83057,-3.91
0.79777,0.7731,0.82275,-1.3
0.87667,0.85215,0.90118,1.3
0.88494,0.86133,0.909,3.91
0.9037,0.88042,0.92684,6.53
0.91374,0.89275,0.93453,9.16
0.90322,0.88245,0.92318,11.81
0.78812,0.76769,0.80818,14.48
0.80333,0.78263,0.8246,17.19
0.81338,0.79202,0.83533,19.94
0.84024,0.81807,0.86226,22.74
0.83513,0.81268,0.85754,25.59
0.78223,0.75909,0.80587,28.52
0.80217,0.77723,0.82731,31.53
0.80782,0.78213,0.83392,34.64
0.87746,0.85818,0.89781,57.32
0.90699,0.88883,0.92459,62.55
0.93081,0.91501,0.94781,69.02
0.95075,0.92809,0.97178,-69.02
0.84536,0.82034,0.87123,-62.55
0.84957,0.82378,0.87723,-57.32
0.86724,0.84138,0.89386,-52.75
0.90144,0.87855,0.92441,-48.63
0.93551,0.91573,0.95515,-44.82
0.93909,0.92168,0.95613,-41.25
0.9379,0.92168,0.95411,-37.87
0.93135,0.91398,0.94854,-34.64
0.92694,0.90865,0.94559,-31.53
0.93137,0.91137,0.95144,-28.52
0.81994,0.79981,0.83948,-25.59
0.81697,0.79708,0.83646,-22.74
0.8186,0.79896,0.83803,-19.94
0.82441,0.80468,0.84405,-17.19
0.83601,0.81632,0.85609,-14.48
0.83647,0.81679,0.85681,-11.81
0.78868,0.76809,0.80989,-9.16
0.78546,0.76323,0.80835,-6.53
0.77773,0.75364,0.80273,-3.91
0.89751,0.87315,0.92262,3.91
0.89739,0.87477,0.92007,6.53
0.90282,0.88171,0.9242,9.16
0.85535,0.83434,0.87626,11.81
0.85642,0.83576,0.87653,14.48
0.78191,0.7602,0.8037,17.19
0.79427,0.77165,0.81723,19.94
0.8303,0.80658,0.85407,22.74
0.81972,0.79603,0.84381,25.59
0.88886,0.86607,0.91215,28.52
0.8108,0.78604,0.83728,31.53
0.80667,0.78157,0.8338,34.64
0.88817,0.86399,0.91358,37.87
0.83517,0.81042,0.86145,41.25
0.96176,0.94482,0.9793,57.32
0.98356,0.96878,0.99867,69.02
0.95383,0.93121,0.97489,-69.02
0.84585,0.82161,0.87074,-62.55
0.84885,0.82392,0.87508,-57.32
0.87059,0.84614,0.89546,-52.75
0.91163,0.89008,0.93257,-48.63
0.94722,0.92859,0.96554,-44.82
0.95684,0.93998,0.97344,-41.25
0.94421,0.92836,0.96014,-37.87
0.92989,0.913,0.94648,-34.64
0.92889,0.91099,0.94715,-31.53
0.93141,0.91163,0.95076,-28.52
0.81269,0.79294,0.83217,-25.59
0.80821,0.78824,0.82749,-22.74
0.8083,0.78811,0.82833,-19.94
0.81237,0.79188,0.83323,-17.19
0.82418,0.8035,0.84544,-14.48
0.82453,0.80346,0.84616,-11.81
0.81003,0.78825,0.83213,-9.16
0.83755,0.81509,0.85992,-6.53
0.77686,0.75314,0.80203,-3.91
0.8478,0.82287,0.87269,3.91
0.89871,0.87627,0.92184,6.53
0.85914,0.83674,0.88095,9.16
0.85455,0.83268,0.87615,11.81
0.852,0.82968,0.87366,14.48
0.76654,0.74271,0.79021,17.19
0.76683,0.7416,0.79206,19.94
0.78425,0.75888,0.81132,22.74
0.89356,0.86977,0.91822,28.52
0.82541,0.80203,0.85003,31.53
0.82548,0.80182,0.8505,34.64
0.85472,0.83129,0.8795,37.87
0.81623,0.79314,0.84085,41.25
0.7921,0.76873,0.81663,44.82
0.8618,0.84504,0.87878,57.32
0.99669,0.98266,1.011,69.02
0.95636,0.93383,0.97735,-69.02
0.84712,0.82406,0.87076,-62.55
0.85117,0.8277,0.87573,-57.32
0.87801,0.85592,0.9006,-52.75
0.92023,0.90151,0.93888,-48.63
0.97724,0.96102,0.99374,-44.82
0.97302,0.95725,0.98886,-41.25
0.94571,0.93016,0.96131,-37.87
0.93487,0.91821,0.95149,-34.64
0.9305,0.9129,0.94842,-31.53
0.93177,0.91219,0.95076,-28.52
0.80734,0.78768,0.82678,-25.59
0.80119,0.78122,0.82069,-22.74
0.79831,0.77763,0.81867,-19.94
0.79861,0.77744,0.81983,-17.19
0.80805,0.7862,0.83038,-14.48
0.83742,0.81474,0.86003,-11.81
0.84465,0.82174,0.86755,-9.16
0.81802,0.79404,0.84227,-6.53
0.82783,0.8031,0.85277,-3.91
0.85091,0.82678,0.87481,6.53
0.83906,0.81525,0.86289,9.16
0.85711,0.83356,0.88053,11.81
0.85017,0.82471,0.87522,14.48
0.87621,0.85197,0.89965,17.19
0.76148,0.73542,0.78744,19.94
0.80473,0.77884,0.83186,22.74
0.89693,0.87177,0.92284,25.59
0.89791,0.87459,0.92203,28.52
0.90153,0.87953,0.92385,31.53
0.81981,0.79747,0.84342,34.64
0.84866,0.82682,0.87192,37.87
0.79039,0.76905,0.81225,41.25
0.79859,0.77635,0.82191,44.82
0.87541,0.85948,0.89147,57.32
1.006,0.99244,1.0198,69.02
0.95939,0.93716,0.98006,-69.02
0.84704,0.82473,0.86953,-62.55
0.85806,0.83633,0.88059,-57.32
0.89108,0.87174,0.91088,-52.75
0.92074,0.90408,0.93694,-48.63
1.0231,1.0085,1.0375,-44.82
1.0017,0.98753,1.0163,-41.25
0.95755,0.94246,0.97307,-37.87
0.93973,0.9235,0.95615,-34.64
0.93223,0.91465,0.94989,-31.53
0.87437,0.85577,0.89301,-28.52
0.80405,0.78453,0.82335,-25.59
0.79671,0.77687,0.81643,-22.74
0.79136,0.77108,0.81218,-19.94
0.78718,0.76571,0.80911,-17.19
0.78607,0.76278,0.80998,-14.48
0.81667,0.79239,0.84129,-11.81
0.83611,0.81115,0.86127,-9.16
0.88939,0.86532,0.91358,14.48
0.87981,0.85686,0.90256,17.19
0.76904,0.74524,0.79337,19.94
0.77192,0.7472,0.79805,22.74
0.88052,0.85676,0.90459,28.52
0.88538,0.86298,0.90825,31.53
0.89679,0.87627,0.91803,34.64
0.85085,0.83027,0.87269,37.87
0.80075,0.78053,0.82152,41.25
0.83415,0.81369,0.85633,44.82
0.89872,0.88351,0.91403,57.32
1.0219,1.0084,1.0355,69.02
0.96207,0.94005,0.98276,-69.02
0.84659,0.82548,0.86782,-62.55
0.86057,0.84074,0.88119,-57.32
0.90571,0.88865,0.92297,-52.75
0.94057,0.92546,0.95555,-48.63
1.0087,0.99492,1.0227,-41.25
0.96895,0.95427,0.98434,-37.87
0.94365,0.92757,0.95997,-34.64
0.93083,0.91342,0.94828,-31.53
0.86672,0.84786,0.88541,-28.52
0.87741,0.85801,0.89655,-25.59
0.79559,0.77578,0.81519,-22.74
0.78977,0.76933,0.81046,-19.94
0.78484,0.76321,0.80681,-17.19
0.78147,0.7588,0.80554,-14.48
0.80512,0.7804,0.83175,-11.81
0.8825,0.85724,0.90832,1.3
0.88744,0.86234,0.91343,11.81
0.87464,0.84903,0.90057,14.48
0.86042,0.83623,0.88474,17.19
0.88725,0.86394,0.91069,19.94
0.77718,0.75159,0.80406,22.74
0.88652,0.86327,0.91029,31.53
0.89775,0.87647,0.91998,34.64
0.91856,0.89971,0.9382,37.87
0.8251,0.80658,0.84476,41.25
0.86209,0.84303,0.8819,44.82
0.87547,0.85635,0.89497,48.63
0.91197,0.89775,0.92585,57.32
1.0313,1.0178,1.0449,69.02
0.96441,0.94246,0.98499,-69.02
0.84674,0.82659,0.86698,-62.55
0.86278,0.84472,0.88182,-57.32
0.91398,0.89853,0.92943,-52.75
0.95195,0.93764,0.96616,-48.63
1.0823,1.0667,1.0974,-44.82
1.033,1.0196,1.0468,-41.25
0.97143,0.95687,0.98681,-37.87
0.94314,0.92707,0.95973,-34.64
0.85343,0.83572,0.87131,-31.53
0.85866,0.83951,0.87781,-28.52
0.87341,0.85403,0.89271,-25.59
0.87307,0.85359,0.89233,-22.74
0.80442,0.78392,0.82501,-19.94
0.79186,0.77043,0.81357,-17.19
0.79572,0.77323,0.81869,-14.48
0.79495,0.77109,0.8209,-11.81
0.87348,0.84792,0.89934,1.3
0.85653,0.83091,0.88177,3.91
1.0525,1.0365,1.0676,9.16
0.77343,0.747,0.80002,22.74
0.77708,0.7516,0.80399,25.59
0.89419,0.87013,0.91916,31.53
0.90559,0.88415,0.92778,34.64
0.93276,0.91412,0.9517,37.87
0.85575,0.83825,0.87327,41.25
0.90586,0.88788,0.92332,44.82
0.92028,0.90176,0.9385,48.63
1.0207,1.0048,1.0368,52.75
0.93113,0.91742,0.94474,57.32
1.0332,1.0196,1.047,69.02
0.9664,0.94469,0.98692,-69.02
0.84676,0.82747,0.86592,-62.55
0.86459,0.8475,0.88197,-57.32
0.92303,0.90869,0.93745,-52.75
0.98378,0.96946,0.99808,-48.63
0.99448,0.97984,1.0091,-44.82
1.0336,1.0198,1.0475,-41.25
0.96868,0.95421,0.98423,-37.87
0.94062,0.92435,0.95748,-34.64
0.84032,0.82188,0.85932,-31.53
0.85052,0.83074,0.87035,-28.52
0.86403,0.84376,0.88391,-25.59
0.87032,0.85008,0.8902,-22.74
0.79373,0.77282,0.81466,-19.94
0.79469,0.77261,0.81673,-17.19
0.81011,0.78741,0.83351,-14.48
0.77739,0.75258,0.80369,-11.81
0.77273,0.74557,0.79969,25.59
0.88906,0.86377,0.91557,28.52
0.85719,0.83346,0.88217,31.53
0.9006,0.87967,0.9222,34.64
0.94601,0.92815,0.964,37.87
0.89517,0.87868,0.91123,41.25
0.91363,0.89717,0.92905,44.82
0.93616,0.91939,0.95277,48.63
1.0157,0.99902,1.0325,52.75
0.94577,0.93107,0.9603,57.32
0.97495,0.95985,0.99027,62.55
1.0372,1.0237,1.0511,69.02
0.96806,0.94633,0.98857,-69.02
0.84655,0.82734,0.86548,-62.55
0.86521,0.84908,0.88135,-57.32
0.92972,0.91589,0.94365,-52.75
1.0022,0.98783,1.0164,-48.63
0.95817,0.94398,0.97257,-44.82
1.0168,1.0015,1.032,-41.25
0.96665,0.9513,0.98259,-37.87
0.93791,0.9212,0.95503,-34.64
0.8248,0.80513,0.84498,-31.53
0.84176,0.82039,0.86291,-28.52
0.86196,0.84045,0.88307,-25.59
0.86119,0.84002,0.88194,-22.74
0.82548,0.80445,0.84717,-19.94
0.78225,0.75986,0.80513,-17.19
0.77814,0.75387,0.80332,-14.48
0.88997,0.86561,0.9145,25.59
0.83856,0.81427,0.86422,28.52
0.799,0.77466,0.82408,31.53
0.92312,0.90213,0.94458,34.64
0.98332,0.96589,1.0007,37.87
0.9683,0.95363,0.98271,41.25
0.94066,0.9255,0.95539,44.82
0.9649,0.9498,0.97992,48.63
1.0139,0.9973,1.0313,52.75
0.95916,0.94557,0.97269,57.32
0.96511,0.95087,0.97911,62.55
1.0361,1.0225,1.0501,69.02
0.9695,0.94746,0.99059,-69.02
0.84617,0.82722,0.86459,-62.55
0.86333,0.84751,0.87891,-57.32
0.93066,0.91711,0.94382,-52.75
0.9916,0.97692,1.0059,-48.63
0.95055,0.93654,0.96435,-44.82
1.0093,0.99468,1.0242,-41.25
0.9333,0.91697,0.94992,-37.87
0.89066,0.87197,0.90905,-34.64
0.80613,0.78524,0.82747,-31.53
0.8298,0.80704,0.85261,-28.52
0.86305,0.84032,0.88573,-25.59
0.86035,0.83783,0.88239,-22.74
0.83977,0.81708,0.86235,-19.94
0.84947,0.82653,0.87227,-17.19
0.7956,0.77241,0.82062,-14.48
0.8259,0.80083,0.85267,-11.81
0.86254,0.83852,0.8883,25.59
0.78489,0.76112,0.80958,28.52
0.96525,0.94521,0.98478,34.64
1.0176,1.0009,1.0345,37.87
0.98644,0.97227,1.0003,41.25
1.0255,1.0116,1.0392,44.82
0.98488,0.97001,0.99981,48.63
1.0218,1.0073,1.0362,52.75
0.9695,0.95461,0.98469,57.32
0.98267,0.96821,0.99673,62.55
1.0344,1.0205,1.0481,69.02
0.97085,0.94879,0.99219,-69.02
0.84643,0.82766,0.8651,-62.55
0.85982,0.84375,0.87584,-57.32
0.92361,0.90995,0.93716,-52.75
0.98372,0.96825,0.99859,-48.63
0.94536,0.93158,0.95897,-44.82
0.92115,0.90464,0.93722,-41.25
0.93555,0.91716,0.9538,-37.87
0.87211,0.8515,0.89266,-34.64
0.78854,0.76656,0.8113,-31.53
0.80048,0.77612,0.82512,-28.52
0.84143,0.81719,0.86571,-25.59
0.83865,0.81474,0.86263,-22.74
0.82299,0.79868,0.84746,-19.94
0.85882,0.83383,0.88365,-17.19
0.83721,0.81272,0.86182,-14.48
0.8889,0.86555,0.91295,-11.81
0.78853,0.76412,0.81467,-9.16
0.80715,0.78215,0.83243,22.74
0.88794,0.86636,0.90927,28.52
0.99549,0.97726,1.0139,34.64
0.98927,0.97403,1.004,37.87
1.0001,0.98598,1.0137,41.25
1.0428,1.0286,1.0565,44.82
0.99616,0.98033,1.0122,48.63
1.0265,1.0114,1.0412,52.75
0.96814,0.95118,0.98506,57.32
0.99328,0.9789,1.0075,62.55
1.0341,1.02,1.048,69.02
0.87149,0.84992,0.89279,-69.02
0.86269,0.8449,0.88063,-62.55
0.85396,0.83689,0.87106,-57.32
0.91034,0.89591,0.9252,-52.75
0.94157,0.92726,0.95531,-48.63
0.90766,0.8934,0.92175,-44.82
0.85773,0.83859,0.87816,-41.25
0.88468,0.86359,0.90562,-37.87
0.87106,0.84849,0.89335,-34.64
0.89719,0.87511,0.91993,-31.53
0.7762,0.75176,0.80214,-28.52
0.96923,0.94863,0.98986,28.52
1.0236,1.0074,1.0398,34.64
1.0099,0.99518,1.0241,37.87
1.0087,0.99452,1.0222,41.25
1.061,1.0467,1.0745,44.82
1.0763,1.0589,1.0938,48.63
1.0278,1.0115,1.0438,52.75
0.97494,0.95779,0.9923,57.32
1.0018,0.9872,1.0159,62.55
1.0343,1.0198,1.0484,69.02
0.86695,0.84611,0.88763,-69.02
0.85143,0.83374,0.86904,-62.55
0.86422,0.84718,0.88141,-57.32
0.87167,0.85558,0.88712,-52.75
0.90412,0.88911,0.9189,-48.63
0.90208,0.88604,0.91803,-44.82
0.83485,0.81497,0.85538,-41.25
0.83794,0.81437,0.86166,-31.53
0.85659,0.83092,0.8819,-9.16
1.0425,1.0277,1.0571,31.53
1.0007,0.9858,1.0149,41.25
1.0822,1.0678,1.0962,44.82
1.0765,1.0584,1.0942,48.63
1.0272,1.0099,1.0441,52.75
0.98555,0.96923,1.0023,57.32
1.0082,0.99325,1.0228,62.55
1.035,1.0199,1.0495,69.02
0.86215,0.84177,0.88225,-69.02
0.8407,0.8227,0.85846,-62.55
0.84375,0.82524,0.86218,-57.32
0.85548,0.83769,0.87327,-52.75
0.8675,0.85053,0.88485,-48.63
0.84648,0.8275,0.86604,-44.82
0.83665,0.81112,0.86248,-19.94
1.0847,1.0697,1.0994,44.82
1.0778,1.0609,1.0946,48.63
1.0924,1.0751,1.1094,52.75
0.99771,0.98086,1.014,57.32
1.0144,0.99914,1.0293,62.55
1.0367,1.0208,1.0516,69.02
0.85818,0.83805,0.87799,-69.02
0.83234,0.81429,0.8502,-62.55
0.82085,0.80081,0.84085,-57.32
0.8273,0.80751,0.84711,-52.75
0.82651,0.80698,0.84665,-48.63
0.8319,0.81039,0.85401,-44.82
0.83792,0.81235,0.86373,-19.94
1.0714,1.0548,1.0883,44.82
1.0853,1.0702,1.1004,48.63
1.0859,1.0678,1.1037,52.75
1.0054,0.98741,1.0228,57.32
1.0194,1.0029,1.0351,62.55
1.0381,1.0216,1.0538,69.02
0.86479,0.84532,0.8837,-69.02
0.82608,0.8078,0.84413,-62.55
0.81794,0.7977,0.83832,-57.32
0.82058,0.79968,0.84159,-52.75
0.84549,0.82401,0.86734,-48.63
0.89289,0.86953,0.91651,-44.82
0.89412,0.87175,0.91798,-41.25
0.79948,0.77629,0.82409,-37.87
0.80264,0.77696,0.82867,-25.59
1.0902,1.0748,1.1054,31.53
0.96847,0.95162,0.98468,34.64
1.0716,1.0544,1.0889,44.82
1.0853,1.0702,1.1005,48.63
1.0857,1.0675,1.1039,52.75
0.98858,0.96954,1.0078,57.32
1.0194,1.0025,1.0354,62.55
1.0395,1.0222,1.0559,69.02
0.86287,0.84411,0.88149,-69.02
0.82186,0.80343,0.8398,-62.55
0.80897,0.78849,0.82965,-57.32
0.83654,0.8153,0.85815,-52.75
0.81673,0.79366,0.84032,-48.63
0.89619,0.8743,0.91818,-41.25
0.80833,0.78473,0.83239,-37.87
1.0948,1.0792,1.1096,19.94
1.0737,1.0579,1.0896,34.64
1.0861,1.0712,1.1009,41.25
1.0766,1.0613,1.0919,44.82
1.0803,1.0637,1.097,48.63
1.0865,1.0681,1.1046,52.75
1.0445,1.0243,1.0637,57.32
1.0262,1.0075,1.0438,62.55
1.0408,1.0228,1.0583,69.02
0.86265,0.84401,0.88105,-69.02
0.82097,0.80267,0.83862,-62.55
0.80216,0.78118,0.82295,-57.32
0.82235,0.80007,0.84508,-52.75
0.77494,0.75065,0.8007,-48.63
0.9091,0.88685,0.93214,-41.25
1.0901,1.0754,1.1047,34.64
1.0295,1.0124,1.0472,41.25
1.0675,1.0527,1.0821,44.82
1.075,1.0583,1.0919,48.63
1.0194,0.99973,1.0382,52.75
1.0455,1.0261,1.0644,57.32
1.0302,1.0108,1.049,62.55
1.003,0.98638,1.0193,69.02
0.86428,0.84589,0.88229,-69.02
0.83482,0.8168,0.85254,-62.55
0.79941,0.77866,0.82014,-57.32
0.80372,0.78064,0.82744,-52.75
1.0949,1.0793,1.1096,9.16
1.0843,1.0694,1.099,37.87
1.0452,1.0281,1.063,41.25
1.0727,1.0577,1.0874,44.82
1.0695,1.0525,1.087,48.63
1.0273,1.0108,1.0434,52.75
1.0484,1.0297,1.0667,57.32
1.0759,1.0572,1.0936,62.55
1.0017,0.98521,1.0177,69.02
0.86834,0.85018,0.88618,-69.02
0.83571,0.81782,0.85287,-62.55
0.80315,0.78306,0.82352,-57.32
0.78944,0.76634,0.81369,-52.75
1.0858,1.0709,1.1003,37.87
1.074,1.0569,1.0912,41.25
1.0633,1.0464,1.0798,44.82
1.0467,1.0283,1.0646,48.63
1.0136,0.99594,1.0306,52.75
1.0535,1.0351,1.0714,57.32
1.0761,1.0589,1.0927,62.55
1.0215,1.0054,1.0375,69.02
0.88384,0.86603,0.90125,-69.02
0.84076,0.82314,0.85767,-62.55
0.82544,0.80526,0.84519,-57.32
0.80353,0.78061,0.82733,-52.75
1.0931,1.0779,1.1079,37.87
1.0626,1.0451,1.0804,41.25
1.0595,1.0425,1.0762,44.82
1.0501,1.0316,1.0677,48.63
0.99954,0.98091,1.0179,52.75
1.0311,1.0126,1.0489,57.32
1.0844,1.0674,1.1008,62.55
1.0214,1.0056,1.0371,69.02
0.88992,0.87217,0.90705,-69.02
0.84956,0.83226,0.86579,-62.55
0.82915,0.80912,0.84867,-57.32
0.81247,0.7901,0.83585,-52.75
1.0678,1.0503,1.0855,41.25
1.0534,1.0354,1.0711,44.82
1.0395,1.023,1.0554,48.63
0.98051,0.96194,0.99898,52.75
1.0535,1.038,1.0687,57.32
1.0891,1.0731,1.1044,62.55
1.052,1.036,1.0676,69.02
0.89708,0.87919,0.91422,-69.02
0.87678,0.86008,0.89307,-62.55
0.84187,0.82231,0.86102,-57.32
1.0486,1.0303,1.0667,44.82
1.05,1.0341,1.0653,48.63
0.95002,0.9304,0.96902,52.75
1.03,1.0145,1.0451,62.55
1.0535,1.0379,1.0686,69.02
0.90563,0.88757,0.9231,-69.02
0.8869,0.86957,0.9035,-62.55
0.85954,0.84034,0.87834,-57.32
1.0464,1.031,1.0611,44.82
1.0804,1.0651,1.0954,48.63
1.0125,0.99264,1.0329,52.75
0.95958,0.93851,0.97996,57.32
1.0371,1.0215,1.0527,62.55
1.0549,1.0396,1.0697,69.02
0.91516,0.89684,0.93317,-69.02
0.89819,0.88057,0.91525,-62.55
0.89514,0.87598,0.9142,-57.32
0.92434,0.90216,0.94685,-52.75
1.0629,1.0474,1.0777,48.63
1.0297,1.0119,1.0473,52.75
0.95971,0.94059,0.97831,57.32
1.0937,1.0787,1.1086,62.55
1.0523,1.037,1.0667,69.02
0.92543,0.90679,0.94357,-69.02
0.91023,0.89179,0.92794,-62.55
0.90073,0.8808,0.92064,-57.32
0.97736,0.95565,0.99874,-52.75
1.0172,1.0015,1.0327,-1.3
1.0925,1.0773,1.1074,62.55
1.0525,1.0375,1.0671,69.02
0.93522,0.91634,0.95372,-69.02
0.92342,0.90439,0.94159,-62.55
0.91235,0.89179,0.93263,-57.32
1.044,1.0284,1.0587,62.55
1.0669,1.0514,1.0816,69.02
0.94431,0.92482,0.96333,-69.02
0.93542,0.91599,0.95381,-62.55
0.92477,0.90351,0.94572,-57.32
1.0841,1.0689,1.0989,69.02
0.95277,0.93331,0.97198,-69.02
0.94608,0.92671,0.96454,-62.55
0.94341,0.92198,0.96376,-57.32
0.96241,0.94017,0.98377,-52.75
1.0913,1.0761,1.106,69.02
0.96016,0.94041,0.97945,-69.02
0.95695,0.93838,0.97497,-62.55
0.96484,0.94473,0.98455,-57.32
0.99327,0.97271,1.0134,-52.75
0.98437,0.96438,1.0043,-48.63
1.0896,1.0743,1.1043,69.02
0.96785,0.94775,0.98758,-69.02
0.96789,0.94982,0.98542,-62.55
0.98328,0.96477,1.0016,-57.32
1.0092,0.99076,1.0272,-52.75
0.95872,0.94175,0.97543,-48.63
1.0508,1.0353,1.0665,-17.19
1.0969,1.0819,1.1117,69.02
1.0799,1.0596,1.1005,-69.02
0.97774,0.95988,0.99537,-62.55
0.99785,0.98061,1.0153,-57.32
1.0211,1.0043,1.0377,-52.75
0.96524,0.94952,0.98097,-48.63
1.0949,1.0798,1.1098,69.02
1.084,1.0642,1.1042,-69.02
0.98739,0.96937,1.005,-62.55
1.01,0.99309,1.0267,-57.32
0.97311,0.95736,0.98816,-52.75
0.96766,0.95234,0.9828,-48.63
1.0843,1.0697,1.0992,44.82
1.0918,1.0767,1.1066,69.02
1.0867,1.0673,1.1063,-69.02
0.99633,0.97773,1.0143,-62.55
1.0192,1.0022,1.0359,-57.32
0.97558,0.96035,0.99044,-52.75
0.96965,0.95475,0.98452,-48.63
1.0563,1.042,1.0708,44.82
0.98266,0.96786,0.99764,48.63
1.0861,1.0708,1.101,69.02
1.0888,1.0698,1.108,-69.02
1.0047,0.98539,1.0232,-62.55
1.0269,1.0086,1.0443,-57.32
0.97734,0.96218,0.99203,-52.75
0.97095,0.95616,0.98572,-48.63
1.0336,1.0189,1.0485,41.25
0.979,0.96107,0.99669,44.82
1.0702,1.0546,1.085,69.02
1.0909,1.0723,1.1098,-69.02
1.012,0.99166,1.0313,-62.55
0.98414,0.96659,1.0013,-57.32
0.9786,0.96341,0.99319,-52.75
0.9718,0.95725,0.98649,-48.63
0.97579,0.96054,0.99128,-44.82
0.9733,0.95802,0.98855,34.64
1.0775,1.0623,1.092,41.25
1.0158,1.0003,1.0306,44.82
1.087,1.0715,1.1024,69.02
1.0925,1.0743,1.111,-69.02
1.019,0.99798,1.0395,-62.55
0.98598,0.96824,1.0034,-57.32
0.98093,0.96585,0.99575,-52.75
0.98515,0.9706,0.99957,-48.63
1.0208,1.0056,1.0359,31.53
1.0871,1.0716,1.1024,37.87
1.0792,1.0639,1.0946,41.25
1.0129,0.99831,1.0281,44.82
1.0937,1.0758,1.1118,-69.02
1.0619,1.0414,1.0821,-62.55
0.98846,0.97035,1.006,-57.32
0.98753,0.97191,1.0027,-52.75
0.97533,0.96086,0.98983,-48.63
0.98288,0.96733,0.99813,-44.82
1.0926,1.077,1.1075,9.16
1.0907,1.0752,1.1059,11.81
1.0946,1.079,1.1092,14.48
0.97811,0.96286,0.99339,31.53
1.0438,1.0285,1.0585,41.25
0.95986,0.94324,0.97643,44.82
1.0947,1.0771,1.1123,-69.02
1.0597,1.04,1.0791,-62.55
0.99297,0.97417,1.011,-57.32
0.98242,0.96678,0.99793,-52.75
0.97623,0.96171,0.99101,-48.63
0.97924,0.96422,0.99415,19.94
1.0785,1.0635,1.0932,28.52
1.0018,0.98687,1.0172,37.87
1.0916,1.0744,1.1086,-69.02
1.0572,1.0382,1.0756,-62.55
0.98952,0.97107,1.0079,-57.32
0.98344,0.96775,0.99898,-52.75
0.97688,0.96235,0.99113,-48.63
0.97337,0.95833,0.98836,-44.82
1.0951,1.08,1.1102,-9.16
0.9748,0.96004,0.98952,31.53
1.0806,1.0653,1.096,37.87
1.0366,1.0219,1.0514,41.25
1.0927,1.0759,1.1095,-69.02
1.0539,1.0357,1.0715,-62.55
1.0774,1.0584,1.0957,-57.32
0.9855,0.96963,1.0009,-52.75
0.98645,0.97195,1.001,-48.63
1.0054,0.99047,1.0198,-44.82
0.97904,0.9637,0.99421,-9.16
1.0927,1.0782,1.1072,31.53
1.0287,1.0138,1.0438,34.64
0.96933,0.95453,0.98441,37.87
1.0875,1.0729,1.1022,41.25
1.0758,1.0593,1.0916,-69.02
1.0502,1.033,1.0673,-62.55
1.0758,1.0579,1.0932,-57.32
0.99116,0.97488,1.0072,-52.75
0.97817,0.96352,0.99283,-48.63
0.97414,0.95941,0.98897,-44.82
0.97607,0.96102,0.99074,-9.16
0.90132,0.87967,0.9238,19.94
1.0459,1.0308,1.0613,28.52
1.0923,1.0775,1.1066,31.53
1.0238,1.0091,1.0385,34.64
1.0046,0.98991,1.0194,37.87
1.0604,1.0461,1.0749,41.25
0.97554,0.96007,0.99075,44.82
1.0757,1.0593,1.091,-69.02
1.0457,1.0291,1.062,-62.55
1.0746,1.0572,1.0911,-57.32
1.0452,1.0286,1.0616,-52.75
0.97883,0.9641,0.99334,-48.63
0.97421,0.95917,0.98932,-44.82
1.0339,1.0184,1.0494,-11.81
0.8775,0.85202,0.90336,14.48
0.82947,0.80411,0.85662,19.94
1.0742,1.0587,1.0887,25.59
1.0841,1.0694,1.0985,28.52
1.0745,1.0596,1.0893,31.53
1.0769,1.061,1.0929,34.64
0.96828,0.95313,0.98358,41.25
1.0753,1.0595,1.0904,-69.02
1.041,1.0251,1.0565,-62.55
1.0737,1.057,1.0895,-57.32
1.0383,1.0225,1.0538,-52.75
0.97897,0.96401,0.99358,-48.63
0.97225,0.95753,0.98727,-44.82
0.89828,0.87341,0.92362,19.94
1.08,1.0652,1.0946,28.52
1.0466,1.0323,1.0612,31.53
1.0572,1.0388,1.0758,34.64
0.96692,0.95173,0.98216,41.25
1.0755,1.0601,1.0903,-69.02
1.0348,1.0195,1.0499,-62.55
1.0727,1.0568,1.0877,-57.32
1.0306,1.0156,1.0454,-52.75
1.0392,1.024,1.0538,-48.63
0.99511,0.98033,1.0097,-44.82
0.93917,0.91796,0.9597,22.74
1.0907,1.0762,1.1049,28.52
1.0848,1.0699,1.0994,31.53
1.0284,1.0106,1.0456,34.64
0.97679,0.96196,0.99147,41.25
1.0662,1.0507,1.0809,-69.02
1.028,1.013,1.0426,-62.55
1.0425,1.027,1.0574,-57.32
1.0198,1.0048,1.0344,-52.75
1.0306,1.0156,1.0451,-48.63
0.98702,0.97246,1.0016,-44.82
0.97393,0.95893,0.98905,-41.25
1.0867,1.0718,1.1009,28.52
1.0615,1.0465,1.0757,31.53
1.039,1.0235,1.0538,34.64
1.0728,1.0579,1.0869,37.87
0.96091,0.94046,0.98082,41.25
1.066,1.0506,1.0805,-69.02
1.0185,1.0035,1.0329,-62.55
1.0363,1.0212,1.051,-57.32
1.0051,0.99042,1.0194,-52.75
1.0138,0.99883,1.0283,-48.63
1.0404,1.0252,1.055,-44.82
1.0456,1.0306,1.06,31.53
1.0528,1.0381,1.0674,34.64
1.0637,1.0459,1.0817,37.87
0.96338,0.9455,0.9808,41.25
1.0663,1.0512,1.0807,-69.02
1.0065,0.99184,1.0208,-62.55
1.0276,1.0125,1.0421,-57.32
1.0371,1.0219,1.0518,-52.75
0.97091,0.95621,0.98589,-48.63
1.0062,0.98904,1.0226,37.87
1.0683,1.0532,1.0824,-69.02
1.0138,0.99899,1.0281,-62.55
1.0458,1.0306,1.0604,-57.32
1.0214,1.0061,1.0364,-52.75
1.0476,1.0326,1.0623,-69.02
0.99197,0.97689,1.0066,-62.55
1.0624,1.047,1.0771,-57.32
1.0488,1.0335,1.0636,-69.02
1.0104,0.99532,1.025,-62.55
1.0589,1.0436,1.0736,-69.02
