52.75,-178.75,0.4187,0.74436,0.00069268
57.32,-178.75,0.43086,0.74741,0.0011359
62.55,-178.75,0.5251,0.65433,0.00040972
52.75,-176.24,0.39857,0.77873,0.0031724
57.32,-176.24,0.45132,0.72894,0.00091079
62.55,-176.24,0.53399,0.65243,0.00050558
57.32,-173.73,0.49226,0.67991,0.0003351
57.32,-171.22,0.55781,0.59194,5.7084e-05
57.32,-168.71,0.5389,0.63504,0.00019551
69.02,-131.06,1,0,0
34.64,-98.43,0,1,0
34.64,-95.92,0,1,0
34.64,-93.41,0,1,0
57.32,-83.37,0.91182,0.37486,8.7295e-06
57.32,-80.86,0.92111,0.36496,7.319e-06
62.55,-75.84,0.97797,0.2165,7.7184e-08
69.02,-75.84,0.98814,0.16862,4.1831e-08
62.55,-73.33,0.98142,0.20563,5.1668e-08
69.02,-73.33,0.98936,0.16627,3.8548e-08
44.82,-70.82,0.69521,0.55684,2.6049e-06
69.02,-70.82,0.9909,0.15904,2.7959e-08
69.02,-68.31,0.99266,0.14703,1.5399e-08
34.64,-45.72,1,0,0
3.91,-43.21,0.61711,0.80339,1.9706e-06
6.53,-43.21,0,1,0
14.48,-43.21,0,1,0
34.64,-43.21,0.81374,0.45449,2.2424e-06
-1.3,-40.7,1,1,0
1.3,-40.7,0.65978,0.82891,1.9189e-06
3.91,-40.7,0.63522,0.81113,1.7802e-06
6.53,-40.7,1,0,0
9.16,-40.7,1,1,0
11.81,-40.7,0.065313,0.8871,3.6124e-06
14.48,-40.7,0.030032,0.90351,1.307e-06
19.94,-40.7,0.070423,0.76745,1.4349e-07
22.74,-40.7,0,1,0
25.59,-40.7,0,1,0
-17.19,-38.19,0.22116,0.72923,2.6903e-05
-9.16,-38.19,0.85817,0.68362,2.8197e-05
-6.53,-38.19,0.93637,0.70796,1.5433e-05
-3.91,-38.19,0.95577,0.51468,1.0959e-07
-1.3,-38.19,0.86151,0.678,2.1144e-07
1.3,-38.19,0.47476,0.86207,2.8501e-06
3.91,-38.19,0,1,0
6.53,-38.19,1,1,0
9.16,-38.19,0,1,0
11.81,-38.19,0.049895,0.89991,5.1159e-06
14.48,-38.19,0.014862,0.92172,6.1324e-07
17.19,-38.19,0.010686,0.92933,2.7783e-07
19.94,-38.19,0,1,0
22.74,-38.19,0.0078775,0.93417,5.4145e-07
28.52,-38.19,0,1,0
31.53,-38.19,0.33974,0.70014,2.5664e-07
34.64,-38.19,0.71369,0.52825,1.5576e-07
37.87,-38.19,0.90341,0.40996,3.9049e-08
-28.52,-35.68,0,1,0
-17.19,-35.68,0.16505,0.75156,3.3843e-05
-14.48,-35.68,0.3478,0.68188,6.3111e-05
-11.81,-35.68,1,0,0
-9.16,-35.68,0.80431,0.72251,4.5396e-05
-6.53,-35.68,0.91148,0.75022,2.2011e-05
-3.91,-35.68,1,0,0
-1.3,-35.68,0.48152,0.85308,1.1506e-05
1.3,-35.68,0.27591,0.88278,8.169e-06
3.91,-35.68,1,1,0
6.53,-35.68,1,0,0
9.16,-35.68,0.36849,0.8856,3.3156e-05
11.81,-35.68,0,1,0
14.48,-35.68,0.0085917,0.93808,7.0772e-07
17.19,-35.68,0.0065127,0.94399,2.5572e-07
19.94,-35.68,0.010691,0.93935,3.9319e-07
22.74,-35.68,0.005418,0.9405,2.5473e-07
25.59,-35.68,0.014456,0.90821,5.0828e-07
28.52,-35.68,0.078333,0.83971,7.0817e-07
31.53,-35.68,0.28415,0.73888,8.0858e-08
34.64,-35.68,0.63389,0.58905,3.581e-08
37.87,-35.68,0.87674,0.45324,1.1537e-08
41.25,-35.68,0.96749,0.30469,2.3789e-08
-31.53,-33.17,0.025124,0.83367,0.00069774
-28.52,-33.17,0.032857,0.83399,0.00035418
-25.59,-33.17,0.05141,0.81039,4.4856e-05
-22.74,-33.17,0.071056,0.79126,1.557e-05
-19.94,-33.17,0.094983,0.77737,1.6396e-05
-17.19,-33.17,0.12975,0.7664,3.9179e-05
-14.48,-33.17,0.2478,0.72096,8.9548e-05
-11.81,-33.17,0,1,0
-9.16,-33.17,0.70449,0.76212,7.0085e-05
-6.53,-33.17,1,1,0
-3.91,-33.17,0.79172,0.69917,2.5785e-08
-1.3,-33.17,0.2609,0.83497,1.1758e-07
1.3,-33.17,0,1,0
3.91,-33.17,0.40753,0.89332,8.6228e-06
6.53,-33.17,0.74678,0.83555,1.6421e-05
9.16,-33.17,0.26617,0.90465,1.7247e-05
11.81,-33.17,0.03306,0.92936,5.9393e-06
14.48,-33.17,0.0059525,0.9505,9.078e-07
17.19,-33.17,0.0041921,0.95552,2.7996e-07
19.94,-33.17,0.0052377,0.95353,1.5619e-07
22.74,-33.17,0.0041459,0.94784,1.6076e-07
25.59,-33.17,0.0092707,0.92459,2.1871e-07
28.52,-33.17,0.054614,0.86797,1.5948e-07
31.53,-33.17,0.23096,0.77803,4.4966e-08
34.64,-33.17,0.55235,0.64551,2.0407e-08
37.87,-33.17,0.85276,0.48488,5.4676e-09
41.25,-33.17,0.96556,0.31909,1.3435e-08
-44.82,-30.66,0.61461,0.65256,0.0048279
-31.53,-30.66,0,1,0
-28.52,-30.66,0.020645,0.85211,0.00037263
-25.59,-30.66,0.033011,0.83342,4.9428e-05
-22.74,-30.66,0.04587,0.81746,1.8812e-05
-19.94,-30.66,0.063365,0.80425,2.3683e-05
-17.19,-30.66,0.094954,0.78959,5.1139e-05
-14.48,-30.66,0.1712,0.76242,0.00012155
-11.81,-30.66,0.33779,0.73731,0.00020407
-9.16,-30.66,0.56578,0.79875,8.9861e-05
-6.53,-30.66,0.70483,0.82947,5.7416e-05
-3.91,-30.66,0.4631,0.85147,1.4227e-05
-1.3,-30.66,0,1,0
1.3,-30.66,0.43399,0.63964,1.033e-07
3.91,-30.66,0.36232,0.89854,9.3547e-07
6.53,-30.66,0.52554,0.89305,9.61e-06
9.16,-30.66,0.17884,0.92463,1.174e-05
11.81,-30.66,0.022372,0.9456,4.664e-06
14.48,-30.66,0.004666,0.9599,1.1454e-06
17.19,-30.66,0.0030619,0.96412,3.1964e-07
19.94,-30.66,0.0033918,0.96136,1.3639e-07
22.74,-30.66,0.0032541,0.95549,1.6657e-07
25.59,-30.66,0.0071192,0.93733,1.8967e-07
28.52,-30.66,0.040041,0.8917,1.1338e-07
31.53,-30.66,0.18502,0.81419,5.3766e-08
34.64,-30.66,0.4776,0.6956,2.4177e-08
37.87,-30.66,0.84992,0.49318,4.6671e-09
41.25,-30.66,0.96976,0.30718,2.0808e-08
69.02,-30.66,0.99965,0.050821,3.9591e-10
-57.32,-28.15,1,0,0
-52.75,-28.15,0.99037,0.46409,0.0011676
-48.63,-28.15,0.97962,0.50495,0.00071877
-44.82,-28.15,0.7049,0.55355,0.00052024
-41.25,-28.15,0,1,0
-37.87,-28.15,0.086445,0.71112,0.00039072
-34.64,-28.15,0.037924,0.78662,0.00087796
-31.53,-28.15,0.030498,0.81837,0.00072259
-28.52,-28.15,0.019075,0.84701,0.00024007
-25.59,-28.15,0.023703,0.85243,8.9833e-05
-22.74,-28.15,0.032308,0.84001,3.5726e-05
-19.94,-28.15,0.045824,0.82706,3.8878e-05
-17.19,-28.15,0.069811,0.81598,7.5207e-05
-14.48,-28.15,0.12264,0.80157,0.00016122
-11.81,-28.15,0.24192,0.79152,0.00019169
-9.16,-28.15,0.41197,0.83264,0.00010543
-6.53,-28.15,0.49562,0.86293,5.5271e-05
-3.91,-28.15,0.28725,0.88706,2.1393e-05
-1.3,-28.15,0.079644,0.90698,3.1858e-06
1.3,-28.15,0.53551,0.54176,3.1651e-07
3.91,-28.15,0.2932,0.91973,1.215e-06
6.53,-28.15,0.34647,0.92421,8.4248e-06
9.16,-28.15,0.11218,0.94146,1.0205e-05
11.81,-28.15,0.015837,0.95697,4.8651e-06
14.48,-28.15,0.0039211,0.9669,1.4799e-06
17.19,-28.15,0.0025166,0.9703,4.0434e-07
19.94,-28.15,0.0025407,0.96749,1.7645e-07
22.74,-28.15,0.002737,0.96213,2.2766e-07
25.59,-28.15,0.0061571,0.94745,2.4191e-07
28.52,-28.15,0.031612,0.91091,1.4432e-07
31.53,-28.15,0.14999,0.84454,7.3039e-08
34.64,-28.15,0.47725,0.70242,6.4433e-09
37.87,-28.15,0.85395,0.49524,5.4231e-09
41.25,-28.15,0.97361,0.29402,3.5268e-08
62.55,-28.15,0.99901,0.078069,2.4669e-07
69.02,-28.15,0.99969,0.048094,3.2745e-10
-57.32,-25.64,0.98937,0.22433,0.0019644
-52.75,-25.64,0.98841,0.4491,0.00046287
-48.63,-25.64,1,1,0
-44.82,-25.64,1,0,0
-41.25,-25.64,0.2396,0.62043,0.00064901
-37.87,-25.64,0.11284,0.69718,0.00043038
-34.64,-25.64,0,1,0
-31.53,-25.64,0.029864,0.80586,0.00041123
-28.52,-25.64,0.019676,0.83859,0.00015705
-25.59,-25.64,0.021062,0.85845,0.00011099
-22.74,-25.64,0.026697,0.8583,7.4287e-05
-19.94,-25.64,0.03676,0.84772,7.0728e-05
-17.19,-25.64,0.055436,0.84009,0.00011671
-14.48,-25.64,0.094369,0.8319,0.00019761
-11.81,-25.64,0.17184,0.8327,0.00020543
-9.16,-25.64,0.28077,0.86091,0.00012114
-6.53,-25.64,0.31425,0.88849,6.73e-05
-3.91,-25.64,0.17617,0.90916,3.4311e-05
-1.3,-25.64,0.071915,0.93035,4.509e-05
1.3,-25.64,0.23423,0.83569,8.161e-10
3.91,-25.64,0.25275,0.93975,1.6419e-05
6.53,-25.64,0.23406,0.94231,1.0355e-05
9.16,-25.64,0.068625,0.9537,1.1193e-05
11.81,-25.64,0.011797,0.96481,6.1367e-06
14.48,-25.64,0.0034617,0.97193,2.0388e-06
17.19,-25.64,0.0022574,0.97412,5.2927e-07
19.94,-25.64,0.0021712,0.97212,2.8377e-07
22.74,-25.64,0.0025592,0.96749,3.4835e-07
25.59,-25.64,0.0058873,0.95546,3.4454e-07
28.52,-25.64,0.026837,0.92614,2.0313e-07
31.53,-25.64,0.1325,0.8603,4.456e-08
34.64,-25.64,0.47761,0.71039,2.2065e-09
37.87,-25.64,0.86425,0.48938,8.8022e-09
41.25,-25.64,0.97666,0.28395,5.4576e-08
62.55,-25.64,0.99952,0.051305,9.54e-10
69.02,-25.64,0.99975,0.043397,2.8208e-10
-62.55,-23.13,0.99378,0.17769,0.0018406
-57.32,-23.13,1,0,0
-52.75,-23.13,1,1,0
-48.63,-23.13,1,0,0
-44.82,-23.13,0,1,0
-41.25,-23.13,0.4184,0.55049,0.0003761
-37.87,-23.13,0.23013,0.61828,0.00028658
-31.53,-23.13,0.031933,0.79673,0.00027901
-28.52,-23.13,0.021,0.8326,0.00012462
-25.59,-23.13,0.020832,0.85514,9.3648e-05
-22.74,-23.13,0.025386,0.86932,0.00012891
-19.94,-23.13,0.03335,0.86485,0.0001325
-17.19,-23.13,0.048092,0.85913,0.00017598
-14.48,-23.13,0.076607,0.85641,0.00024912
-11.81,-23.13,0.12545,0.86294,0.00024457
-9.16,-23.13,0.1853,0.88358,0.00014717
-6.53,-23.13,0.19088,0.9069,9.1204e-05
-3.91,-23.13,0.1127,0.9235,5.4089e-05
-1.3,-23.13,0.066145,0.93679,3.2742e-05
1.3,-23.13,0.12685,0.94102,7.4857e-06
3.91,-23.13,0.26271,0.94641,2.9656e-05
6.53,-23.13,0.17075,0.95303,1.6683e-05
9.16,-23.13,0.043746,0.96189,1.5481e-05
11.81,-23.13,0.0093737,0.97003,8.9664e-06
14.48,-23.13,0.0032987,0.97536,3.1506e-06
17.19,-23.13,0.0021815,0.97676,8.2012e-07
19.94,-23.13,0.0021124,0.97551,5.2573e-07
22.74,-23.13,0.0026813,0.97162,5.7343e-07
25.59,-23.13,0.0060557,0.96167,5.1407e-07
28.52,-23.13,0.024056,0.93578,1.962e-07
31.53,-23.13,0.12731,0.8643,1.0992e-08
34.64,-23.13,0.48948,0.71319,1.3381e-09
37.87,-23.13,0.8703,0.48951,1.1662e-08
62.55,-23.13,0.99949,0.051061,8.8349e-10
-62.55,-20.62,0.99124,0.18357,0.0016895
-57.32,-20.62,0.98859,0.23497,0.00058874
-52.75,-20.62,0.97938,0.52033,0.00053501
-48.63,-20.62,0.93694,0.52186,0.00056153
-44.82,-20.62,0.65506,0.49594,0.00065868
-41.25,-20.62,0.65615,0.46046,0.00045972
-37.87,-20.62,0.32572,0.57988,0.00022399
-34.64,-20.62,0.10438,0.71182,0.00040677
-31.53,-20.62,0.034908,0.79609,0.00030207
-28.52,-20.62,0.022203,0.83421,0.00014971
-25.59,-20.62,0.021321,0.85619,0.0001064
-22.74,-20.62,0.0251,0.87065,0.00014078
-19.94,-20.62,0.033341,0.87839,0.00024765
-17.19,-20.62,0.044926,0.87498,0.00027652
-14.48,-20.62,0.065925,0.87588,0.00033844
-11.81,-20.62,0.096439,0.8847,0.00032223
-9.16,-20.62,0.12485,0.90079,0.00019453
-6.53,-20.62,0.11875,0.9192,0.00012457
-3.91,-20.62,0.075656,0.93293,8.9269e-05
-1.3,-20.62,0.060703,0.93921,1.9213e-05
1.3,-20.62,0.19505,0.90482,4.6462e-09
3.91,-20.62,0.29891,0.94924,8.1619e-05
6.53,-20.62,0.13191,0.95942,3.8596e-05
9.16,-20.62,0.030295,0.96699,2.8249e-05
11.81,-20.62,0.0081021,0.97328,1.6023e-05
14.48,-20.62,0.0035114,0.9775,6.1981e-06
17.19,-20.62,0.002318,0.97861,1.6868e-06
19.94,-20.62,0.002303,0.9779,1.1025e-06
22.74,-20.62,0.0030488,0.9747,1.0186e-06
25.59,-20.62,0.0063275,0.96584,6.3202e-07
28.52,-20.62,0.021556,0.93886,6.9904e-08
31.53,-20.62,0.11997,0.87128,3.4464e-09
34.64,-20.62,0.4906,0.72237,1.1667e-09
37.87,-20.62,0.87749,0.48736,1.6711e-08
48.63,-20.62,1,0,0
62.55,-20.62,0.99949,0.048522,8.4954e-10
-69.02,-18.11,0.96589,0.1764,0.0049971
-62.55,-18.11,0.98383,0.19501,0.0021073
-57.32,-18.11,0.98779,0.28736,0.00054008
-52.75,-18.11,0.98113,0.50837,0.00030912
-48.63,-18.11,0.93881,0.52899,0.00044448
-44.82,-18.11,0.77628,0.48629,0.0005803
-41.25,-18.11,1,0,0
-37.87,-18.11,0.39846,0.56241,0.00023888
-34.64,-18.11,0.12235,0.70731,0.00039057
-31.53,-18.11,0.041559,0.79427,0.00034645
-28.52,-18.11,0.024947,0.83769,0.00021409
-25.59,-18.11,0.022899,0.85989,0.00014993
-22.74,-18.11,0.02586,0.87396,0.00017935
-19.94,-18.11,0.033067,0.88311,0.00030052
-17.19,-18.11,0.044636,0.88748,0.00045151
-14.48,-18.11,0.059659,0.89009,0.000477
-11.81,-18.11,0.078274,0.89943,0.00044471
-9.16,-18.11,0.089432,0.91341,0.00029205
-6.53,-18.11,0.078634,0.92823,0.00019694
-3.91,-18.11,0.054125,0.93916,0.0001737
-1.3,-18.11,0.052334,0.94559,0.00017621
1.3,-18.11,0.1748,0.9236,6.958e-08
3.91,-18.11,0.40095,0.93796,4.9969e-06
6.53,-18.11,0.098947,0.9632,0.00025308
9.16,-18.11,0.023096,0.96967,8.8214e-05
11.81,-18.11,0.0076787,0.97505,4.7667e-05
14.48,-18.11,0.0039921,0.97845,1.7232e-05
17.19,-18.11,0.0027397,0.97973,4.8977e-06
19.94,-18.11,0.0027501,0.97949,2.7461e-06
22.74,-18.11,0.0035364,0.9767,1.6547e-06
25.59,-18.11,0.005807,0.96716,2.8802e-07
28.52,-18.11,0.019423,0.94233,2.7054e-08
31.53,-18.11,0.11165,0.87957,1.2465e-09
34.64,-18.11,0.48312,0.73628,9.2538e-10
37.87,-18.11,0.87986,0.49767,1.5779e-08
57.32,-18.11,0.99907,0.061041,1.1539e-06
62.55,-18.11,0.99951,0.044898,8.0492e-10
-69.02,-15.6,1,0,0
-62.55,-15.6,1,0,0
-57.32,-15.6,0.98505,0.3266,0.0006055
-52.75,-15.6,0.97745,0.50808,0.00029976
-48.63,-15.6,0.93111,0.53623,0.00051739
-44.82,-15.6,0.84592,0.47057,0.00055959
-41.25,-15.6,0.87167,0.38804,0.00074681
-37.87,-15.6,0.46078,0.55179,0.00033686
-34.64,-15.6,0.14548,0.70512,0.00046636
-31.53,-15.6,0.051361,0.79223,0.00041164
-28.52,-15.6,0.0296,0.84002,0.00030739
-25.59,-15.6,0.025788,0.86452,0.00023965
-22.74,-15.6,0.027746,0.87818,0.00025674
-19.94,-15.6,0.033735,0.88744,0.00038128
-17.19,-15.6,0.044243,0.89461,0.00060999
-14.48,-15.6,0.056706,0.90078,0.00074875
-11.81,-15.6,0.067225,0.90991,0.00069805
-9.16,-15.6,0.06922,0.92244,0.00052505
-6.53,-15.6,0.056565,0.93478,0.00038704
-3.91,-15.6,0.04118,0.94347,0.00043092
-1.3,-15.6,0.046889,0.94566,0.00061189
1.3,-15.6,0.13985,0.93327,7.3703e-07
3.91,-15.6,1,1,0
6.53,-15.6,0.07338,0.93013,1.0728e-06
9.16,-15.6,0.019846,0.97004,0.0007917
11.81,-15.6,0.0080324,0.97568,0.00049622
14.48,-15.6,0.0051039,0.97867,0.0001674
17.19,-15.6,0.0037071,0.98021,3.004e-05
19.94,-15.6,0.0033286,0.9803,6.2543e-06
22.74,-15.6,0.0033863,0.97733,1.0365e-06
25.59,-15.6,0.0054374,0.9686,1.4263e-07
28.52,-15.6,0.017621,0.94605,1.1525e-08
31.53,-15.6,0.1024,0.88876,5.2102e-10
34.64,-15.6,0.46836,0.75369,6.3012e-10
37.87,-15.6,0.87996,0.51684,1.1183e-08
62.55,-15.6,0.99952,0.041711,7.2293e-10
69.02,-15.6,0.9996,0.045889,7.1827e-08
-69.02,-13.09,0.95646,0.18251,0.0044614
-62.55,-13.09,0.97108,0.22649,0.0020517
-57.32,-13.09,0.98058,0.35862,0.00064024
-52.75,-13.09,0.96836,0.51681,0.00040244
-48.63,-13.09,0.91516,0.54534,0.00073302
-44.82,-13.09,0.86782,0.46826,0.00070165
-41.25,-13.09,0.88331,0.38711,0.001109
-37.87,-13.09,0.5026,0.55039,0.0005333
-34.64,-13.09,0.17003,0.70548,0.00062145
-31.53,-13.09,0.062827,0.79295,0.00054843
-28.52,-13.09,0.035776,0.84156,0.00043903
-25.59,-13.09,0.029836,0.86794,0.00037889
-22.74,-13.09,0.030794,0.88244,0.00040074
-19.94,-13.09,0.03564,0.89174,0.0005355
-17.19,-13.09,0.044119,0.89936,0.00078925
-14.48,-13.09,0.054728,0.90767,0.0011488
-11.81,-13.09,0.060848,0.91719,0.0012829
-9.16,-13.09,0.058269,0.9287,0.0013468
-6.53,-13.09,0.044651,0.93945,0.0012724
-3.91,-13.09,0.032882,0.94677,0.0020081
-1.3,-13.09,0,1,0
1.3,-13.09,0.090246,0.9399,2.937e-05
3.91,-13.09,1,0,0
6.53,-13.09,0,1,0
9.16,-13.09,0,1,0
11.81,-13.09,0.0087621,0.97525,0.0027471
14.48,-13.09,0.0074116,0.9781,0.0017431
17.19,-13.09,0.0050084,0.97998,0.00018989
19.94,-13.09,0.0034652,0.98045,6.7771e-06
22.74,-13.09,0.0034412,0.97801,8.2342e-07
25.59,-13.09,0.0053057,0.97031,8.945e-08
28.52,-13.09,0.016037,0.95053,6.4743e-09
31.53,-13.09,0.089468,0.90047,3.0064e-10
34.64,-13.09,0.43449,0.77962,2.7374e-10
37.87,-13.09,0.87812,0.54308,6.2817e-09
41.25,-13.09,0.98803,0.28694,7.8566e-08
52.75,-13.09,1,0,0
62.55,-13.09,0.99956,0.036933,5.7489e-10
69.02,-13.09,0.99988,0.027617,1.0853e-10
-69.02,-10.58,0.94556,0.19101,0.0046527
-62.55,-10.58,0.9696,0.24921,0.0015335
-57.32,-10.58,0.97213,0.39338,0.00078417
-52.75,-10.58,0.95203,0.53215,0.00064221
-48.63,-10.58,0.89367,0.55431,0.0010879
-44.82,-10.58,0.86274,0.47768,0.0010479
-41.25,-10.58,1,0,0
-37.87,-10.58,0.52128,0.55875,0.0008876
-34.64,-10.58,0.19193,0.70883,0.00088682
-31.53,-10.58,0.075523,0.79522,0.0007805
-28.52,-10.58,0.043164,0.84327,0.00064604
-25.59,-10.58,0.034878,0.87038,0.00059142
-22.74,-10.58,0.034844,0.88584,0.00064661
-19.94,-10.58,0.038805,0.89559,0.00083105
-17.19,-10.58,0.045499,0.90344,0.0011541
-14.48,-10.58,0.052897,0.91186,0.0016784
-11.81,-10.58,0.057186,0.92197,0.0030911
-9.16,-10.58,0.052345,0.93268,0.00556
-6.53,-10.58,0.0389,0.94263,0.0076564
-3.91,-10.58,0.027813,0.94954,0.011261
-1.3,-10.58,0.028251,0.95113,0.012413
1.3,-10.58,0.047711,0.95525,0.0060357
3.91,-10.58,0,1,0
6.53,-10.58,0.025651,0.96167,0.00024107
9.16,-10.58,0,1,0
11.81,-10.58,0.0073167,0.97248,0.00031536
14.48,-10.58,0.007053,0.97568,0.00051313
17.19,-10.58,0.0059835,0.97926,0.00036113
19.94,-10.58,0.0039293,0.98055,9.6485e-06
22.74,-10.58,0.0037489,0.97871,8.9782e-07
25.59,-10.58,0.0054514,0.97214,7.717e-08
28.52,-10.58,0.014721,0.95534,5.1142e-09
31.53,-10.58,0.0758,0.91237,2.1857e-10
34.64,-10.58,0.40233,0.80286,1.2762e-10
37.87,-10.58,0.87391,0.5751,2.8605e-09
41.25,-10.58,0.98886,0.31027,3.8808e-08
44.82,-10.58,0.99694,0.20041,1.7976e-06
62.55,-10.58,0.99963,0.031244,1.7919e-10
69.02,-10.58,0.99989,0.025598,8.6067e-11
-69.02,-8.07,0.92477,0.19995,0.0053807
-62.55,-8.07,0.96208,0.27726,0.0015297
-57.32,-8.07,0.95806,0.43055,0.0010407
-52.75,-8.07,0.92634,0.55194,0.0011149
-48.63,-8.07,0.86363,0.56649,0.0017549
-44.82,-8.07,0.84011,0.49636,0.0016963
-41.25,-8.07,0.82045,0.43828,0.0028247
-37.87,-8.07,0.52006,0.5757,0.0014648
-34.64,-8.07,0.21029,0.71511,0.0013281
-31.53,-8.07,0.089013,0.79847,0.0011611
-28.52,-8.07,0.051692,0.84546,0.00099601
-25.59,-8.07,0.040902,0.87219,0.00093216
-22.74,-8.07,0.039818,0.88824,0.0010637
-19.94,-8.07,0.043066,0.89856,0.0013786
-17.19,-8.07,0.048284,0.90671,0.0018999
-14.48,-8.07,0.053021,0.91506,0.0030591
-11.81,-8.07,0.054268,0.92462,0.0069537
-9.16,-8.07,0.049466,0.93503,0.016905
-6.53,-8.07,0.03407,0.944,0.016719
-3.91,-8.07,0.020773,0.94992,0.0072624
-1.3,-8.07,0.018674,0.95252,0.0029514
1.3,-8.07,0.02691,0.95421,0.0013118
3.91,-8.07,0.041109,0.94648,0.00099784
6.53,-8.07,0.015514,0.95788,5.9425e-06
9.16,-8.07,0.010835,0.96034,1.6238e-05
11.81,-8.07,0.048884,0.89828,7.6202e-10
14.48,-8.07,0.0085643,0.97052,0.00012959
17.19,-8.07,0.0047522,0.97756,3.9494e-05
19.94,-8.07,0.0048303,0.98057,1.7889e-05
22.74,-8.07,0.0044244,0.97934,1.4294e-06
25.59,-8.07,0.0059306,0.97379,9.4858e-08
28.52,-8.07,0.013871,0.95939,5.2264e-09
31.53,-8.07,0.063367,0.92294,2.0879e-10
34.64,-8.07,0.35759,0.82938,5.2386e-11
37.87,-8.07,0.86306,0.61692,8.6947e-10
41.25,-8.07,0.98853,0.33196,2.288e-08
44.82,-8.07,0.99865,0.15628,5.7267e-08
48.63,-8.07,1,0,0
62.55,-8.07,0.99959,0.031165,2.0071e-10
69.02,-8.07,0.99991,0.023694,7.0092e-11
-69.02,-5.56,0.895,0.21414,0.0070065
-62.55,-5.56,0.9558,0.29432,0.001351
-57.32,-5.56,0.93777,0.46732,0.0013892
-52.75,-5.56,0.8889,0.57477,0.0020168
-48.63,-5.56,0.826,0.58127,0.0029371
-44.82,-5.56,0.80553,0.52113,0.0027837
-41.25,-5.56,0.76444,0.4875,0.003288
-37.87,-5.56,0.50541,0.5985,0.002348
-34.64,-5.56,0.22558,0.72373,0.0020664
-31.53,-5.56,0.10309,0.80237,0.0018001
-28.52,-5.56,0.061452,0.84774,0.0016023
-25.59,-5.56,0.04817,0.87391,0.0015564
-22.74,-5.56,0.045741,0.88981,0.0017819
-19.94,-5.56,0.048198,0.90056,0.002368
-17.19,-5.56,0.052175,0.90903,0.0035703
-14.48,-5.56,0.054834,0.91732,0.0069126
-11.81,-5.56,0.053791,0.92635,0.015336
-9.16,-5.56,0.04211,0.93487,0.015738
-6.53,-5.56,0.024543,0.94236,0.0061928
-3.91,-5.56,0.014946,0.94857,0.0017389
-1.3,-5.56,0.012688,0.95218,0.00055751
1.3,-5.56,0.015726,0.95348,0.00019164
3.91,-5.56,0.020085,0.95083,6.6753e-05
6.53,-5.56,0.011871,0.95961,2.0081e-05
9.16,-5.56,0.0105,0.95485,3.2706e-06
11.81,-5.56,0.025188,0.94267,2.5044e-07
14.48,-5.56,0,1,0
17.19,-5.56,0.0041461,0.97521,5.4099e-06
19.94,-5.56,0.0035744,0.97978,2.9657e-06
22.74,-5.56,0.0055016,0.97972,2.6069e-06
25.59,-5.56,0.0068992,0.9751,1.6215e-07
28.52,-5.56,0.013611,0.9631,9.9864e-09
31.53,-5.56,0.050992,0.93322,4.7056e-10
34.64,-5.56,0.30383,0.85669,3.8773e-11
37.87,-5.56,0.8478,0.66103,2.3505e-10
41.25,-5.56,0.98626,0.35475,1.4897e-08
44.82,-5.56,0.99818,0.17291,2.9652e-08
48.63,-5.56,1,0,0
62.55,-5.56,0.99955,0.031452,1.5743e-10
69.02,-5.56,0.99991,0.02287,5.8975e-11
-69.02,-3.05,0.8858,0.15309,0.0061031
-62.55,-3.05,0.9547,0.29411,0.00089208
-57.32,-3.05,0.93456,0.47597,0.0010468
-52.75,-3.05,0.8578,0.58665,0.002704
-48.63,-3.05,0.78295,0.59751,0.0048827
-44.82,-3.05,0.76357,0.54869,0.0044977
-41.25,-3.05,0.70797,0.53211,0.0044653
-37.87,-3.05,0.48344,0.62379,0.0036881
-34.64,-3.05,0.23772,0.73378,0.0033002
-31.53,-3.05,0.11758,0.80663,0.0029134
-28.52,-3.05,0.072481,0.84993,0.0026972
-25.59,-3.05,0.056755,0.87536,0.0027259
-22.74,-3.05,0.052847,0.891,0.0031546
-19.94,-3.05,0.054067,0.90175,0.0043034
-17.19,-3.05,0.056823,0.91042,0.007565
-14.48,-3.05,0.057962,0.91866,0.015555
-11.81,-3.05,0.050758,0.92616,0.017398
-9.16,-3.05,0.033587,0.93238,0.0072577
-6.53,-3.05,0.019682,0.93907,0.002342
-3.91,-3.05,0.011824,0.94581,0.0005858
-1.3,-3.05,0.0093051,0.95037,0.00017857
1.3,-3.05,0.010333,0.95196,5.0256e-05
3.91,-3.05,0.012363,0.95129,2.0409e-05
6.53,-3.05,0.010236,0.95489,1.0202e-05
9.16,-3.05,0.012418,0.95032,5.7201e-06
11.81,-3.05,0,1,0
14.48,-3.05,0,1,0
17.19,-3.05,0.0039522,0.97249,1.261e-06
19.94,-3.05,0.0028412,0.97842,5.3283e-07
22.74,-3.05,0.0049686,0.97906,6.693e-07
25.59,-3.05,0.0089611,0.9761,4.0954e-07
28.52,-3.05,0.014347,0.96629,3.3978e-08
31.53,-3.05,0.04031,0.94224,2.8933e-09
34.64,-3.05,0.24683,0.88221,7.8721e-11
37.87,-3.05,0.83326,0.7037,1.2844e-10
41.25,-3.05,0.98058,0.37502,1.2437e-08
44.82,-3.05,0.99667,0.18598,2.5832e-08
48.63,-3.05,1,0,0
57.32,-3.05,1,0,0
62.55,-3.05,0.99959,0.029247,7.8334e-11
69.02,-3.05,0.99991,0.022183,5.8799e-11
-69.02,-0.54,0.85692,0.13351,0.010337
-62.55,-0.54,0.95182,0.29293,0.00061869
-57.32,-0.54,0.92555,0.48924,0.00086781
-52.75,-0.54,0.85523,0.57781,0.0022071
-48.63,-0.54,0.75246,0.60565,0.0064872
-44.82,-0.54,0.71838,0.57635,0.0070947
-41.25,-0.54,0.65469,0.57157,0.0064588
-37.87,-0.54,0.4587,0.64886,0.0057249
-34.64,-0.54,0.2466,0.74429,0.0053069
-31.53,-0.54,0.13183,0.81102,0.0048573
-28.52,-0.54,0.084414,0.85195,0.0046976
-25.59,-0.54,0.066377,0.87649,0.0049522
-22.74,-0.54,0.060884,0.89178,0.0059174
-19.94,-0.54,0.060761,0.90239,0.008714
-17.19,-0.54,0.062108,0.91101,0.015974
-14.48,-0.54,0.059486,0.91849,0.022241
-11.81,-0.54,0.043978,0.92351,0.0093013
-9.16,-0.54,0.029223,0.9283,0.0036085
-6.53,-0.54,0.018418,0.93367,0.0012812
-3.91,-0.54,0.010628,0.94129,0.0003401
-1.3,-0.54,0.0075611,0.94683,8.678e-05
1.3,-0.54,0.0076763,0.94897,2.4357e-05
3.91,-0.54,0.0092513,0.94896,1.4618e-05
6.53,-0.54,0.010837,0.94795,1.0962e-05
9.16,-0.54,0.017095,0.93968,6.9346e-06
11.81,-0.54,0,1,0
14.48,-0.54,0.019354,0.95073,2.1509e-06
17.19,-0.54,0.0039944,0.9694,3.0103e-07
19.94,-0.54,0.002585,0.97634,9.6367e-08
22.74,-0.54,0.0047425,0.97747,1.1112e-07
25.59,-0.54,0.010211,0.9754,1.702e-07
28.52,-0.54,0.016981,0.96868,1.4383e-07
31.53,-0.54,0.032535,0.94931,3.1092e-08
34.64,-0.54,0.19277,0.90344,2.6815e-10
37.87,-0.54,0.82307,0.74618,2.1994e-10
41.25,-0.54,0.97463,0.36874,2.9092e-08
44.82,-0.54,0.99163,0.19161,4.3908e-08
48.63,-0.54,1,0,0
57.32,-0.54,0.99922,0.025099,4.776e-09
62.55,-0.54,0.99964,0.027194,5.1036e-11
69.02,-0.54,0.99992,0.021112,6.3275e-11
-69.02,1.97,0.89519,0.07531,0.02818
-62.55,1.97,0.94826,0.29052,0.00048157
-57.32,1.97,0.90729,0.50723,0.00081182
-52.75,1.97,0.85113,0.56922,0.0018947
-48.63,1.97,0.75886,0.59304,0.0053041
-44.82,1.97,0.6734,0.60224,0.011039
-41.25,1.97,0.60615,0.60559,0.0095629
-37.87,1.97,0.43448,0.67199,0.0088055
-34.64,1.97,0.25249,0.75467,0.0085251
-31.53,1.97,0.14498,0.81535,0.008199
-28.52,1.97,0.096452,0.85378,0.0083177
-25.59,1.97,0.076428,0.87731,0.0092295
-22.74,1.97,0.069438,0.89215,0.011871
-19.94,1.97,0.068079,0.90253,0.01822
-17.19,1.97,0.068161,0.91098,0.02952
-14.48,1.97,0.055173,0.91565,0.014017
-11.81,1.97,0.039767,0.91979,0.0050741
-9.16,1.97,0.028289,0.92266,0.0021893
-6.53,1.97,0.020793,0.92561,0.0010437
-3.91,1.97,0.011054,0.93485,0.0002489
-1.3,1.97,0.0069516,0.94147,4.9227e-05
1.3,1.97,0.0064057,0.94426,1.5715e-05
3.91,1.97,0.0082288,0.94363,1.3762e-05
6.53,1.97,0.013914,0.93795,1.6262e-05
9.16,1.97,0.02253,0.92611,7.8685e-06
11.81,1.97,1,0,0
14.48,1.97,0.018324,0.94398,4.4702e-07
17.19,1.97,0.0043172,0.96538,6.1164e-08
19.94,1.97,0.0028516,0.97324,1.9694e-08
22.74,1.97,0.0055412,0.97483,2.059e-08
25.59,1.97,0.012742,0.97284,2.9239e-08
28.52,1.97,0.020876,0.96666,4.0746e-08
31.53,1.97,0.029127,0.9528,2.9546e-07
34.64,1.97,0.14516,0.91773,7.6765e-10
37.87,1.97,0.85064,0.7719,4.3042e-10
41.25,1.97,1,0,0
44.82,1.97,1,0,0
48.63,1.97,1,1,0
52.75,1.97,1,0,0
62.55,1.97,0.99964,0.0262,6.2538e-11
69.02,1.97,0.99992,0.020731,8.0661e-11
-69.02,4.48,0.90829,0.071028,0.026331
-62.55,4.48,0.94517,0.28621,0.00044373
-57.32,4.48,0.87522,0.52783,0.00084831
-52.75,4.48,0.84524,0.56006,0.0017314
-48.63,4.48,0.76403,0.58102,0.0045124
-44.82,4.48,0.65278,0.61219,0.013052
-41.25,4.48,0.5634,0.63423,0.014591
-37.87,4.48,0.41286,0.69231,0.013666
-34.64,4.48,0.25606,0.76421,0.013683
-31.53,4.48,0.15641,0.81947,0.013962
-28.52,4.48,0.10785,0.85542,0.015009
-25.59,4.48,0.086358,0.87786,0.017797
-22.74,4.48,0.078134,0.89214,0.023746
-19.94,4.48,0.075779,0.90218,0.033669
-17.19,4.48,0.067128,0.90809,0.0239
-14.48,4.48,0.052585,0.91204,0.0089372
-11.81,4.48,0.037965,0.91514,0.0030163
-9.16,4.48,0.029932,0.91581,0.0015668
-6.53,4.48,0.028389,0.91416,0.0012161
-3.91,4.48,0.013125,0.92665,0.00019563
-1.3,4.48,0.0073224,0.93418,3.0059e-05
1.3,4.48,0.0061393,0.93704,1.1525e-05
3.91,4.48,0.008106,0.93568,1.3323e-05
6.53,4.48,0.021428,0.92393,2.5578e-05
9.16,4.48,0.024424,0.91343,8.1837e-06
11.81,4.48,0,1,0
14.48,4.48,0.018945,0.93492,2.4424e-07
17.19,4.48,0.0051122,0.95973,1.457e-08
19.94,4.48,0.0038652,0.96844,5.5605e-09
22.74,4.48,0.0082624,0.97074,5.2462e-09
25.59,4.48,0.021275,0.96828,9.5206e-09
28.52,4.48,0.037053,0.96097,7.2936e-09
31.53,4.48,0,1,0
34.64,4.48,0.10188,0.92452,1.3432e-09
37.87,4.48,1,1,0
41.25,4.48,1,0,0
44.82,4.48,0.97744,0.22931,3.6045e-09
48.63,4.48,0.99589,0.17081,4.3625e-09
52.75,4.48,1,0,0
62.55,4.48,0.9999,0.013596,8.1763e-17
69.02,4.48,0.99991,0.020693,1.1273e-10
-69.02,6.99,0.91692,0.098737,0.0070832
-62.55,6.99,0.94336,0.27994,0.00046842
-57.32,6.99,0.81085,0.55577,0.0011571
-52.75,6.99,0.83932,0.54858,0.0016679
-48.63,6.99,0.76877,0.56913,0.0040097
-44.82,6.99,0.65635,0.60706,0.011702
-41.25,6.99,0.52712,0.65784,0.023345
-37.87,6.99,0.39486,0.70954,0.022111
-34.64,6.99,0.258,0.7728,0.0228
-31.53,6.99,0.16593,0.82329,0.024509
-28.52,6.99,0.1182,0.85689,0.027446
-25.59,6.99,0.095821,0.87817,0.033232
-22.74,6.99,0.086707,0.89179,0.042006
-19.94,6.99,0.079881,0.90012,0.039791
-17.19,6.99,0.066226,0.90429,0.017726
-14.48,6.99,0.051825,0.90777,0.0060173
-11.81,6.99,0.038217,0.90981,0.0019903
-9.16,6.99,0.03301,0.90858,0.001175
-6.53,6.99,0,1,0
-3.91,6.99,0.016566,0.91739,0.00014977
-1.3,6.99,0.0087509,0.92495,1.959e-05
1.3,6.99,0.0067882,0.92704,9.1071e-06
3.91,6.99,0.0081121,0.92608,1.1102e-05
6.53,6.99,0,1,0
9.16,6.99,0.0219,0.90303,7.6951e-06
11.81,6.99,0.058609,0.87675,1.499e-06
14.48,6.99,0.021292,0.92374,7.72e-07
17.19,6.99,0.0067031,0.95176,1.8541e-08
19.94,6.99,0.0063598,0.96129,4.0278e-09
22.74,6.99,0.016008,0.96391,2.5348e-09
25.59,6.99,0.048515,0.95997,1.4789e-08
28.52,6.99,0,1,0
31.53,6.99,0,1,0
34.64,6.99,0,1,0
37.87,6.99,1,1,0
41.25,6.99,0,1,0
44.82,6.99,0.97724,0.26096,2.2946e-10
48.63,6.99,0.99686,0.15445,4.2219e-10
52.75,6.99,1,0,0
57.32,6.99,0.99974,0.025593,3.2229e-10
62.55,6.99,0.99983,0.01187,2.2478e-18
69.02,6.99,0.99991,0.020793,1.5851e-10
-69.02,9.5,0.92993,0.093253,0.0064497
-62.55,9.5,0.94442,0.26757,0.00055972
-57.32,9.5,1,1,0
-52.75,9.5,0.83582,0.5333,0.0016698
-48.63,9.5,0.77375,0.55704,0.0037228
-44.82,9.5,0.6606,0.60133,0.010857
-41.25,9.5,0.51825,0.66329,0.027011
-37.87,9.5,0.38063,0.72373,0.036802
-34.64,9.5,0.25901,0.7803,0.038448
-31.53,9.5,0.17371,0.82678,0.042315
-28.52,9.5,0.12731,0.85822,0.047364
-25.59,9.5,0.1046,0.87831,0.054707
-22.74,9.5,0.094995,0.89116,0.063851
-19.94,9.5,0.080416,0.89625,0.033319
-17.19,9.5,0.066546,0.89985,0.013391
-14.48,9.5,0.052327,0.90253,0.0039948
-11.81,9.5,0.040047,0.9038,0.0013705
-9.16,9.5,0.036382,0.90182,0.00083986
-6.53,9.5,0.039722,0.8966,0.00086917
-3.91,9.5,0.02059,0.90801,0.00010632
-1.3,9.5,0.01137,0.91399,1.428e-05
1.3,9.5,0.008613,0.91408,7.6131e-06
3.91,9.5,0.0087273,0.91333,7.6073e-06
6.53,9.5,0.01887,0.90323,1.2245e-05
9.16,9.5,0.018378,0.89305,6.1525e-06
11.81,9.5,0.033896,0.87614,2.9357e-06
14.48,9.5,0.030615,0.90733,3.7967e-06
17.19,9.5,0.010271,0.93991,3.4492e-07
19.94,9.5,0.01302,0.95066,1.1271e-08
22.74,9.5,0.041932,0.95139,1.0775e-07
25.59,9.5,0,1,0
28.52,9.5,0,1,0
31.53,9.5,0.032723,0.94294,5.6455e-11
34.64,9.5,0,1,0
37.87,9.5,0.88055,0.85919,3.0348e-10
41.25,9.5,0.69327,0.5888,1.0958e-09
44.82,9.5,0.97195,0.29485,1.0542e-10
48.63,9.5,0.99669,0.14687,1.2789e-10
52.75,9.5,0.99803,0.052474,5.0026e-10
57.32,9.5,0.99889,0.029658,2.8117e-09
62.55,9.5,0.99943,0.0093477,2.2139e-15
69.02,9.5,0.9999,0.020835,2.0951e-10
-62.55,12.01,0.94757,0.25214,0.00068928
-57.32,12.01,0,1,0
-52.75,12.01,0.83697,0.51385,0.0017114
-48.63,12.01,0.77945,0.54463,0.0036047
-44.82,12.01,0.6658,0.595,0.010476
-41.25,12.01,0.52265,0.66016,0.026923
-37.87,12.01,0.37262,0.73271,0.054144
-34.64,12.01,0.25961,0.78667,0.06086
-31.53,12.01,0.17999,0.82988,0.066072
-28.52,12.01,0.13367,0.85773,0.06223
-25.59,12.01,0.10895,0.87606,0.061098
-22.74,12.01,0.096177,0.88743,0.057262
-19.94,12.01,0.081868,0.89204,0.02876
-17.19,12.01,0.068451,0.89497,0.010829
-14.48,12.01,0.054736,0.89677,0.0029365
-11.81,12.01,0.043295,0.89706,0.00095121
-9.16,12.01,0.040074,0.89469,0.00052202
-6.53,12.01,0.039428,0.89223,0.00039361
-3.91,12.01,0.02486,0.89903,7.1652e-05
-1.3,12.01,0.015162,0.90202,1.2587e-05
1.3,12.01,0.012104,0.89842,7.4055e-06
3.91,12.01,0.011522,0.89547,5.124e-06
6.53,12.01,0.015852,0.89263,4.7487e-06
9.16,12.01,0.019248,0.87427,4.6615e-06
11.81,12.01,0.034559,0.85989,1.1153e-05
14.48,12.01,0,1,0
17.19,12.01,0.020365,0.92114,1.4287e-05
19.94,12.01,0,1,0
22.74,12.01,0,1,0
25.59,12.01,1,1,0
28.52,12.01,1,1,0
31.53,12.01,0.057748,0.92549,1.553e-11
34.64,12.01,0.50679,0.87382,3.3461e-11
37.87,12.01,0.91848,0.83989,1.8059e-10
41.25,12.01,0.78661,0.62263,8.8189e-10
44.82,12.01,0.96456,0.3245,1.2261e-10
48.63,12.01,0.99623,0.14462,5.1635e-11
52.75,12.01,0.99867,0.052814,9.1802e-11
57.32,12.01,1,0,0
62.55,12.01,0.99873,0.017226,3.3425e-14
69.02,12.01,0.99989,0.021011,2.6369e-10
-62.55,14.52,0.95196,0.23871,0.00072038
-57.32,14.52,1,0,0
-52.75,14.52,0.84391,0.4913,0.0017702
-48.63,14.52,0.78627,0.53186,0.0036227
-44.82,14.52,0.67216,0.58805,0.010536
-41.25,14.52,0.52893,0.65599,0.027769
-37.87,14.52,0.37989,0.72888,0.055516
-34.64,14.52,0.26979,0.77804,0.051966
-31.53,14.52,0.18462,0.81929,0.045086
-28.52,14.52,0.13336,0.84952,0.041652
-25.59,14.52,0.10679,0.86932,0.040921
-22.74,14.52,0.095078,0.88204,0.042346
-19.94,14.52,0.083862,0.88729,0.024746
-17.19,14.52,0.07133,0.88925,0.0086389
-14.48,14.52,0.058779,0.89025,0.0022703
-11.81,14.52,0.048278,0.89011,0.0007184
-9.16,14.52,0.044721,0.88761,0.00032473
-6.53,14.52,0.042572,0.88549,0.00019074
-3.91,14.52,0.03095,0.88855,4.6921e-05
-1.3,14.52,0.020369,0.88935,1.3273e-05
1.3,14.52,0.017301,0.88211,1.0947e-05
3.91,14.52,0.02052,0.87092,2.0586e-05
6.53,14.52,0,1,0
9.16,14.52,0.028775,0.83843,4.7109e-06
11.81,14.52,0,1,0
17.19,14.52,0,1,0
19.94,14.52,0,1,0
22.74,14.52,0.19231,0.919,4.7089e-06
25.59,14.52,0,1,0
28.52,14.52,0,1,0
31.53,14.52,0,1,0
34.64,14.52,1,1,0
37.87,14.52,1,1,0
41.25,14.52,0.83635,0.62059,9.1146e-10
44.82,14.52,0.95689,0.34379,1.68e-10
48.63,14.52,0.99533,0.14765,2.5295e-11
52.75,14.52,0.99874,0.054863,2.8777e-11
57.32,14.52,0.99834,0.033312,3.8072e-09
62.55,14.52,1,0,0
69.02,14.52,0.99989,0.021292,3.1141e-10
-62.55,17.03,0.95798,0.22408,0.00071668
-57.32,17.03,0.81673,0.38538,0.0017247
-52.75,17.03,0.85861,0.46582,0.0017688
-48.63,17.03,0.79647,0.5175,0.0036536
-44.82,17.03,0.68137,0.57955,0.010799
-41.25,17.03,0.53808,0.65019,0.02906
-37.87,17.03,0.40066,0.7144,0.044309
-34.64,17.03,0.28612,0.76189,0.034412
-31.53,17.03,0.18991,0.80694,0.028257
-28.52,17.03,0.13274,0.83998,0.025253
-25.59,17.03,0.10436,0.86134,0.024644
-22.74,17.03,0.092816,0.87475,0.026054
-19.94,17.03,0.085453,0.88117,0.018942
-17.19,17.03,0.075096,0.88235,0.006564
-14.48,17.03,0.064438,0.88277,0.001798
-11.81,17.03,0.054751,0.88156,0.00050581
-9.16,17.03,0.051301,0.87911,0.00019952
-6.53,17.03,0.049045,0.87727,0.0001023
-3.91,17.03,0.039299,0.87814,3.2976e-05
-1.3,17.03,0.028224,0.87498,1.488e-05
1.3,17.03,0.025509,0.86324,1.9584e-05
3.91,17.03,0,1,0
6.53,17.03,0,1,0
14.48,17.03,0.045063,0.87328,3.668e-06
19.94,17.03,0.14922,0.91197,1.3176e-05
22.74,17.03,0.36152,0.89681,1.566e-06
25.59,17.03,1,0,0
28.52,17.03,0.75558,0.80783,1.1687e-05
31.53,17.03,0,1,0
34.64,17.03,1,0,0
37.87,17.03,1,1,0
41.25,17.03,0.87305,0.5864,5.1163e-10
44.82,17.03,0.94516,0.35771,2.4943e-10
48.63,17.03,0.99402,0.15265,1.7067e-11
52.75,17.03,0.99872,0.056922,1.1353e-11
57.32,17.03,0.99947,0.030619,5.5881e-10
62.55,17.03,0.99805,0.028559,2.405e-09
69.02,17.03,0.9999,0.021691,3.497e-10
-62.55,19.54,0.9645,0.21197,0.00061752
-57.32,19.54,0.88912,0.35316,0.0012439
-52.75,19.54,0.87673,0.44034,0.0017483
-48.63,19.54,0.80838,0.50258,0.0037528
-44.82,19.54,0.69241,0.57017,0.011413
-41.25,19.54,0.54949,0.64319,0.031006
-37.87,19.54,0.43361,0.69129,0.030083
-34.64,19.54,0.30616,0.74268,0.021395
-31.53,19.54,0.19627,0.79252,0.016275
-28.52,19.54,0.13202,0.82882,0.013977
-25.59,19.54,0.10183,0.85179,0.013335
-22.74,19.54,0.090841,0.8658,0.014144
-19.94,19.54,0.08813,0.87437,0.014744
-17.19,19.54,0.079486,0.87347,0.004352
-14.48,19.54,0.070679,0.87223,0.0011185
-11.81,19.54,0.063173,0.87117,0.00034718
-9.16,19.54,0.060399,0.8698,0.00013676
-6.53,19.54,0.060101,0.86644,6.0816e-05
-3.91,19.54,0.054007,0.8636,2.4422e-05
-1.3,19.54,0.040887,0.85827,1.6279e-05
1.3,19.54,0.035547,0.84489,2.5126e-05
3.91,19.54,0.051985,0.81967,0.0001066
17.19,19.54,0,1,0
22.74,19.54,1,1,0
25.59,19.54,1,1,0
28.52,19.54,1,0,0
31.53,19.54,1,1,0
34.64,19.54,0.75963,0.71435,4.6222e-11
37.87,19.54,0.87381,0.68556,2.302e-10
41.25,19.54,0.8821,0.54263,2.1261e-10
44.82,19.54,0.94071,0.35002,2.1223e-10
48.63,19.54,0.9919,0.1595,2.174e-11
52.75,19.54,0.99859,0.06015,6.6265e-12
57.32,19.54,0.99973,0.030101,1.9363e-10
62.55,19.54,0.99928,0.025418,7.7636e-10
69.02,19.54,0.99991,0.022256,3.9948e-10
-62.55,22.05,0.97075,0.20329,0.00047442
-57.32,22.05,0.92905,0.32588,0.0010058
-52.75,22.05,0.89402,0.41709,0.00176
-48.63,22.05,0.82012,0.48826,0.003995
-44.82,22.05,0.70398,0.56072,0.012599
-41.25,22.05,0.56978,0.63064,0.030612
-37.87,22.05,0.47431,0.66369,0.019488
-34.64,22.05,0.33086,0.71997,0.012218
-31.53,22.05,0.20413,0.77568,0.0086311
-28.52,22.05,0.13142,0.81569,0.0072513
-25.59,22.05,0.099378,0.84031,0.0068213
-22.74,22.05,0.089417,0.85477,0.0070231
-19.94,22.05,0.089938,0.8644,0.008498
-17.19,22.05,0.086195,0.86375,0.0032286
-14.48,22.05,0.079459,0.86007,0.00075251
-11.81,22.05,0.073725,0.85677,0.00020752
-9.16,22.05,0.073651,0.85371,7.829e-05
-6.53,22.05,0.077706,0.85126,3.9499e-05
-3.91,22.05,0.076168,0.84916,2.037e-05
-1.3,22.05,0.06053,0.84188,1.7404e-05
1.3,22.05,0.05035,0.82309,2.4269e-05
3.91,22.05,0.082431,0.7788,4.7527e-05
14.48,22.05,0,1,0
17.19,22.05,1,1,0
22.74,22.05,0,1,0
25.59,22.05,0,1,0
28.52,22.05,1,1,0
31.53,22.05,1,0,0
34.64,22.05,0.50672,0.70246,1.7202e-11
37.87,22.05,1,0,0
41.25,22.05,0.86858,0.49823,6.5509e-11
44.82,22.05,0.95084,0.31455,7.4178e-11
48.63,22.05,0.98838,0.16815,7.6042e-11
52.75,22.05,0.99826,0.064595,6.838e-12
57.32,22.05,0.9998,0.03109,1.7144e-10
62.55,22.05,0.99949,0.025621,5.3405e-10
69.02,22.05,0.99992,0.023057,5.5732e-10
-69.02,24.56,0.96733,0.13921,0.0044067
-62.55,24.56,0.97627,0.19638,0.00038562
-57.32,24.56,0.95155,0.30344,0.00090198
-52.75,24.56,0.90875,0.39657,0.0018219
-48.63,24.56,0.83115,0.47486,0.0044149
-44.82,24.56,0.7157,0.55146,0.014468
-41.25,24.56,0.61952,0.59902,0.021203
-37.87,24.56,0.52322,0.63131,0.011919
-34.64,24.56,0.3612,0.69346,0.0066756
-31.53,24.56,0.21393,0.75614,0.004511
-28.52,24.56,0.13122,0.80023,0.0037818
-25.59,24.56,0.097237,0.8265,0.0035691
-22.74,24.56,0.088881,0.84119,0.0035467
-19.94,24.56,0.092305,0.85067,0.0039971
-17.19,24.56,0.09533,0.85302,0.0026309
-14.48,24.56,0.091587,0.84709,0.00059914
-11.81,24.56,0.087703,0.84145,0.00015177
-9.16,24.56,0.091087,0.83564,5.2516e-05
-6.53,24.56,0.10572,0.82833,2.6213e-05
-3.91,24.56,0.12224,0.81997,1.8043e-05
-1.3,24.56,0.10219,0.81528,2.04e-05
1.3,24.56,0.073155,0.79654,2.401e-05
3.91,24.56,0.1245,0.74208,3.6303e-05
17.19,24.56,1,1,0
19.94,24.56,1,1,0
25.59,24.56,0,1,0
31.53,24.56,1,1,0
34.64,24.56,0,1,0
37.87,24.56,0,1,0
41.25,24.56,0.83882,0.4571,1.5558e-11
44.82,24.56,0.95479,0.28279,2.7466e-11
48.63,24.56,0.98808,0.16049,1.4342e-10
52.75,24.56,0.99756,0.070427,1.4506e-11
57.32,24.56,0.99978,0.033297,2.5121e-10
62.55,24.56,0.99923,0.029004,2.1682e-09
69.02,24.56,0.99992,0.024169,1.2332e-09
-69.02,27.07,0.9738,0.12722,0.0040222
-62.55,27.07,0.98075,0.19057,0.00037327
-57.32,27.07,0.96459,0.28527,0.0008891
-52.75,27.07,0.92024,0.37887,0.0019546
-48.63,27.07,0.84102,0.46262,0.0050792
-44.82,27.07,0.72721,0.54261,0.017124
-41.25,27.07,0.67396,0.564,0.01417
-37.87,27.07,0.57963,0.59417,0.0073208
-34.64,27.07,0.39766,0.66322,0.0038593
-31.53,27.07,0.22624,0.73377,0.0025143
-28.52,27.07,0.13183,0.7821,0.002149
-25.59,27.07,0.095806,0.80993,0.0020738
-22.74,27.07,0.089755,0.82452,0.0019424
-19.94,27.07,0.097108,0.83354,0.0019836
-17.19,27.07,0.10615,0.83827,0.0017621
-14.48,27.07,0.10682,0.83038,0.00044444
-11.81,27.07,0.1054,0.8242,0.00012335
-9.16,27.07,0.11256,0.81727,4.2155e-05
-6.53,27.07,0.14187,0.80589,2.0685e-05
-3.91,27.07,0.19584,0.78825,1.8328e-05
-1.3,27.07,0.19271,0.77374,2.8805e-05
1.3,27.07,0.11041,0.76032,3.2417e-05
9.16,27.07,0,1,0
11.81,27.07,0,1,0
14.48,27.07,1,1,0
17.19,27.07,1,0,0
19.94,27.07,0,1,0
37.87,27.07,0.27799,0.5925,7.5242e-12
41.25,27.07,0.80176,0.42072,3.501e-12
44.82,27.07,0.95379,0.25624,1.318e-11
48.63,27.07,0.99268,0.13129,3.3849e-11
52.75,27.07,0.9973,0.069671,2.3959e-11
57.32,27.07,0.99968,0.036725,4.9361e-10
62.55,27.07,1,0,0
69.02,27.07,0.99993,0.025675,4.2624e-09
-69.02,29.58,0.97849,0.1226,0.0033193
-62.55,29.58,0.98418,0.18565,0.00043189
-57.32,29.58,0.9723,0.27071,0.00095215
-52.75,29.58,0.92857,0.36385,0.0021845
-48.63,29.58,0.84946,0.45168,0.0061045
-44.82,29.58,0.73814,0.53444,0.020616
-41.25,29.58,0.73058,0.52672,0.0093571
-37.87,29.58,0.64164,0.55286,0.0049095
-34.64,29.58,0.43963,0.62998,0.0024109
-31.53,29.58,0.24171,0.70872,0.0014728
-28.52,29.58,0.13394,0.76101,0.0013283
-25.59,29.58,0.095668,0.79027,0.0013562
-22.74,29.58,0.092829,0.80427,0.0011934
-19.94,29.58,0.10551,0.81238,0.0010817
-17.19,29.58,0.1208,0.82052,0.0012167
-14.48,29.58,0.12668,0.80905,0.00031899
-11.81,29.58,0.12803,0.80039,8.9759e-05
-9.16,29.58,0.13969,0.79367,3.2843e-05
-6.53,29.58,0.18891,0.77956,1.6881e-05
-3.91,29.58,0.30082,0.75489,1.9866e-05
-1.3,29.58,0.32504,0.73937,4.2291e-05
1.3,29.58,0.14668,0.72664,6.1156e-05
6.53,29.58,1,0,0
9.16,29.58,1,0,0
11.81,29.58,1,0,0
14.48,29.58,1,0,0
37.87,29.58,0.20588,0.57956,1.9049e-12
41.25,29.58,0.7615,0.39526,1.212e-12
44.82,29.58,0.96234,0.21287,2.6648e-12
48.63,29.58,0.99531,0.10674,7.4318e-12
52.75,29.58,0.99832,0.055745,8.6464e-12
57.32,29.58,0.99974,0.03339,4.7459e-10
62.55,29.58,0.99945,0.03277,4.2361e-09
69.02,29.58,0.99991,0.027669,1.7662e-08
-69.02,32.09,0.98228,0.11921,0.0026433
-62.55,32.09,0.98671,0.18155,0.00055802
-57.32,32.09,0.97682,0.25916,0.0010929
-52.75,32.09,0.93416,0.35131,0.0025524
-48.63,32.09,0.85636,0.44208,0.0076665
-44.82,32.09,0.78438,0.50202,0.015252
-41.25,32.09,0.78657,0.48895,0.0063584
-37.87,32.09,0.7072,0.50858,0.0037154
-34.64,32.09,0.48473,0.59546,0.00159
-31.53,32.09,0.26104,0.68147,0.00088687
-28.52,32.09,0.13886,0.73679,0.00087197
-25.59,32.09,0.097692,0.76736,0.00097142
-22.74,32.09,0.099219,0.78006,0.00080069
-19.94,32.09,0.11924,0.78606,0.00063948
-17.19,32.09,0.14097,0.79311,0.00063492
-14.48,32.09,0.15286,0.78637,0.00027808
-11.81,32.09,0.1567,0.77395,7.5035e-05
-9.16,32.09,0.17383,0.76299,2.4545e-05
-6.53,32.09,0.2485,0.74535,1.3158e-05
-3.91,32.09,0.43018,0.71772,2.0975e-05
-1.3,32.09,0.54312,0.68998,7.3317e-05
1.3,32.09,0,1,0
11.81,32.09,1,0,0
37.87,32.09,0.16033,0.57811,4.0791e-11
41.25,32.09,0.74787,0.36503,4.8519e-13
44.82,32.09,0.96679,0.17619,7.4887e-13
48.63,32.09,0.99672,0.086912,1.4755e-12
52.75,32.09,0.99869,0.045251,6.5878e-12
57.32,32.09,0.99976,0.028746,3.9935e-10
62.55,32.09,1,0,0
69.02,32.09,0.99988,0.030269,7.3651e-08
-69.02,34.6,0.98548,0.11466,0.0022704
-62.55,34.6,0.98938,0.17309,0.00063767
-57.32,34.6,0.97931,0.25008,0.0013271
-52.75,34.6,0.93749,0.34096,0.0031302
-48.63,34.6,0.86173,0.43379,0.0099701
-44.82,34.6,0.82721,0.47021,0.011162
-41.25,34.6,0.83744,0.45306,0.004538
-37.87,34.6,0.77156,0.46295,0.0032418
-34.64,34.6,0.52877,0.56266,0.0010939
-31.53,34.6,0.28511,0.65297,0.00054475
-28.52,34.6,0.14908,0.70933,0.00059518
-25.59,34.6,0.10306,0.74141,0.00076003
-22.74,34.6,0.11052,0.75184,0.00057756
-19.94,34.6,0.14127,0.75307,0.00039222
-17.19,34.6,0.17121,0.75966,0.00038073
-14.48,34.6,0.18554,0.7635,0.0002967
-11.81,34.6,0.19031,0.74873,7.9974e-05
-9.16,34.6,0.20797,0.73575,2.3789e-05
-6.53,34.6,0.30693,0.71117,1.1168e-05
-3.91,34.6,0.57532,0.66478,1.9863e-05
-1.3,34.6,1,0,0
34.64,34.6,0,1,0
37.87,34.6,0,1,0
41.25,34.6,0.78953,0.30812,1.103e-13
44.82,34.6,0.96734,0.14744,4.3015e-13
48.63,34.6,0.99752,0.071636,2.6957e-13
52.75,34.6,0.99871,0.037617,8.8342e-12
57.32,34.6,0.99959,0.026226,4.55e-10
62.55,34.6,0.9988,0.031106,1.8195e-07
69.02,34.6,0.99976,0.033629,2.8896e-07
-69.02,37.11,0.98814,0.10918,0.0021
-62.55,37.11,0.99147,0.16502,0.00073561
-57.32,37.11,0.98039,0.24303,0.0016871
-52.75,37.11,0.93903,0.33252,0.0040537
-48.63,37.11,0.86566,0.42672,0.01318
-44.82,37.11,0.86385,0.44059,0.0082895
-41.25,37.11,0.87878,0.42167,0.0033809
-37.87,37.11,0.82784,0.41745,0.0033963
-34.64,37.11,0.56456,0.53598,0.00077447
-31.53,37.11,0.3154,0.62456,0.00033736
-28.52,37.11,0.16926,0.67856,0.00041178
-25.59,37.11,0.11328,0.71326,0.00066314
-22.74,37.11,0.12927,0.71938,0.00044052
-19.94,37.11,0.1756,0.71402,0.00025823
-17.19,37.11,0.21479,0.72026,0.00026058
-14.48,37.11,0.23014,0.72832,0.00025058
-11.81,37.11,0.22663,0.72621,0.00010693
-9.16,37.11,0.23538,0.7153,3.0994e-05
-6.53,37.11,0.33803,0.68967,1.2131e-05
-3.91,37.11,0.64588,0.63362,1.5672e-05
-1.3,37.11,1,1,0
1.3,37.11,0,1,0
41.25,37.11,0.84953,0.24614,2.5949e-14
44.82,37.11,1,0,0
48.63,37.11,0.99805,0.06053,4.95e-14
52.75,37.11,0.99841,0.032387,1.565e-11
57.32,37.11,0.9989,0.024087,3.1005e-10
62.55,37.11,1,0,0
69.02,37.11,0.99973,0.031583,6.1292e-07
-69.02,39.62,0.99017,0.10503,0.0019234
-62.55,39.62,0.99314,0.15702,0.00084465
-57.32,39.62,0.98043,0.23764,0.0022301
-52.75,39.62,0.93915,0.32571,0.0055542
-48.63,39.62,0.86834,0.42073,0.01739
-44.82,39.62,0.89285,0.41417,0.0064184
-41.25,39.62,0.90924,0.39701,0.0025905
-37.87,39.62,1,0,0
-34.64,39.62,0.58177,0.52065,0.00055703
-31.53,39.62,0.35179,0.59805,0.00020865
-28.52,39.62,0.20612,0.64407,0.00027824
-25.59,39.62,0.1294,0.68479,0.00067394
-22.74,39.62,0.16172,0.67987,0.00033253
-19.94,39.62,0.22674,0.66993,0.00018401
-17.19,39.62,0.27411,0.67618,0.00020661
-14.48,39.62,0.29641,0.67637,0.00018278
-11.81,39.62,0.2865,0.67565,8.419e-05
-9.16,39.62,0.26685,0.68468,3.7826e-05
-6.53,39.62,0.34489,0.67286,1.6984e-05
-3.91,39.62,0.66177,0.61003,1.2861e-05
-1.3,39.62,0.84255,0.56554,3.2895e-05
1.3,39.62,0.24562,0.67768,3.5167e-05
3.91,39.62,0,1,0
31.53,39.62,1,0,0
48.63,39.62,0.99871,0.049271,3.9134e-15
52.75,39.62,0.99764,0.029381,3.4057e-11
57.32,39.62,1,0,0
62.55,39.62,1,0,0
69.02,39.62,0.99967,0.029528,1.3147e-06
-69.02,42.13,0.99167,0.10186,0.0017966
-62.55,42.13,0.9943,0.15043,0.0010116
-57.32,42.13,0.97962,0.23359,0.0030586
-52.75,42.13,0.93819,0.32025,0.0079266
-48.63,42.13,0.86996,0.41565,0.022679
-44.82,42.13,0.9141,0.39157,0.0053415
-41.25,42.13,0.93011,0.37997,0.002044
-37.87,42.13,0.87503,0.39106,0.0020872
-34.64,42.13,0.57072,0.52128,0.0004234
-31.53,42.13,0.3904,0.57654,0.00013272
-28.52,42.13,0.26553,0.60488,0.00017446
-25.59,42.13,0.1478,0.66001,0.00086747
-22.74,42.13,0.21412,0.63627,0.00025496
-19.94,42.13,0.29618,0.6239,0.0001437
-17.19,42.13,0.35597,0.62193,0.00016867
-14.48,42.13,0.38349,0.61789,0.00016784
-11.81,42.13,0.36849,0.61407,7.8183e-05
-9.16,42.13,0.31347,0.63556,4.19e-05
-6.53,42.13,0.36478,0.63077,2.2647e-05
-3.91,42.13,0.66179,0.57774,1.2933e-05
-1.3,42.13,0.80868,0.5448,1.9105e-05
3.91,42.13,0.10726,0.69112,3.3347e-05
44.82,42.13,0.99197,0.083166,1.1193e-15
48.63,42.13,0.99928,0.038917,5.6513e-16
52.75,42.13,0.99571,0.029027,1.0079e-10
57.32,42.13,1,0,0
62.55,42.13,0.99891,0.026006,1.717e-08
69.02,42.13,0.99953,0.028451,3.037e-06
-69.02,44.64,0.99275,0.099258,0.0017653
-62.55,44.64,0.99508,0.14501,0.001254
-57.32,44.64,0.98143,0.22327,0.0035802
-52.75,44.64,0.93642,0.31592,0.011418
-48.63,44.64,0.88657,0.39562,0.022698
-44.82,44.64,0.92848,0.37302,0.0049168
-41.25,44.64,0.94353,0.36968,0.0017187
-37.87,44.64,0.8775,0.41065,0.0012013
-34.64,44.64,0.52304,0.54021,0.00039881
-31.53,44.64,0.42525,0.56595,9.6901e-05
-28.52,44.64,0.34368,0.56458,0.00010507
-25.59,44.64,0,1,0
-22.74,44.64,0.2869,0.59293,0.00019416
-19.94,44.64,0.38794,0.57214,0.00011176
-17.19,44.64,0.46927,0.55232,0.00014326
-14.48,44.64,0.48908,0.55331,0.0001904
-11.81,44.64,0.46336,0.55123,9.4819e-05
-9.16,44.64,0.37544,0.5759,5.261e-05
-6.53,44.64,0.36879,0.58752,4.0405e-05
-3.91,44.64,0.67785,0.52466,1.4008e-05
3.91,44.64,0,1,0
48.63,44.64,0.99939,0.039764,1.8882e-14
52.75,44.64,1,0,0
57.32,44.64,0.99904,0.018253,9.1758e-12
62.55,44.64,0.99965,0.022912,7.444e-09
69.02,44.64,0.99919,0.028586,7.3687e-06
-69.02,47.15,0.99351,0.096709,0.0018558
-62.55,47.15,0.99569,0.13956,0.0015416
-57.32,47.15,0.98242,0.21456,0.0044058
-52.75,47.15,0.93409,0.31249,0.016154
-48.63,47.15,0.90041,0.37649,0.023058
-44.82,47.15,0.93804,0.35734,0.0049583
-41.25,47.15,0.95224,0.36286,0.0015696
-37.87,47.15,0.88504,0.42867,0.000871
-34.64,47.15,0.43401,0.57351,0.00054723
-31.53,47.15,0.46698,0.56502,8.1915e-05
-28.52,47.15,0.39836,0.5524,8.0005e-05
-22.74,47.15,0.38804,0.54333,0.00012986
-19.94,47.15,0.51698,0.50222,8.0388e-05
-17.19,47.15,0.59854,0.4779,0.00014988
-14.48,47.15,0.59358,0.49301,0.00027143
-11.81,47.15,0.56695,0.48736,0.00012899
-9.16,47.15,0.44167,0.51992,7.2581e-05
-6.53,47.15,0.28425,0.61143,0.0001733
-1.3,47.15,1,0,0
48.63,47.15,0.99969,0.03196,1.8547e-16
52.75,47.15,0.99749,0.025364,5.3827e-12
57.32,47.15,0.99961,0.015122,4.6879e-13
62.55,47.15,0.99984,0.021212,3.0542e-09
69.02,47.15,0.99819,0.030342,1.8679e-05
-69.02,49.66,0.99395,0.094935,0.0020671
-62.55,49.66,0.99625,0.13351,0.0018431
-57.32,49.66,0.98277,0.20723,0.0057005
-52.75,49.66,0.93608,0.3036,0.019935
-48.63,49.66,0.92611,0.34049,0.017263
-44.82,49.66,0.94349,0.34461,0.0055816
-41.25,49.66,0.95693,0.35813,0.0016303
-37.87,49.66,0.90094,0.44213,0.0008359
-34.64,49.66,0,1,0
-31.53,49.66,0.52844,0.57049,8.1239e-05
-28.52,49.66,0.47065,0.54177,5.8064e-05
-19.94,49.66,0.64475,0.43419,6.6727e-05
-17.19,49.66,0.71704,0.41022,0.00017959
-14.48,49.66,0.71199,0.41977,0.000414
-11.81,49.66,0.65937,0.43334,0.00017327
-9.16,49.66,0.50145,0.4787,8.7196e-05
-6.53,49.66,0,1,0
44.82,49.66,1,0,0
48.63,49.66,0.99983,0.027943,1.3652e-16
52.75,49.66,0.99926,0.02258,1.8925e-13
57.32,49.66,0.99977,0.013962,7.1004e-14
62.55,49.66,0.99995,0.017562,6.3263e-10
69.02,49.66,1,0,0
-69.02,52.17,0.99408,0.093884,0.0024543
-62.55,52.17,0.99661,0.12837,0.0022696
-57.32,52.17,0.98258,0.20109,0.0076869
-52.75,52.17,0.94933,0.27821,0.018008
-48.63,52.17,0.95414,0.29279,0.0091485
-44.82,52.17,0.95791,0.31494,0.0039951
-41.25,52.17,0.95776,0.35482,0.001986
-37.87,52.17,0.92054,0.44789,0.0010434
-34.64,52.17,0.64352,0.6168,0.00090322
-31.53,52.17,0.63155,0.56063,7.2429e-05
-28.52,52.17,0.57927,0.5128,3.3716e-05
-17.19,52.17,0.81608,0.34717,0.00021369
-14.48,52.17,0.81308,0.35272,0.00072295
-11.81,52.17,0.70714,0.4278,0.00026126
52.75,52.17,0.99967,0.01989,3.0565e-14
57.32,52.17,0.99975,0.0093501,2.3747e-16
62.55,52.17,0.99998,0.01479,9.8587e-11
69.02,52.17,0.99912,0.02526,1.1812e-05
-69.02,54.68,0.99388,0.093547,0.003104
-62.55,54.68,0.99681,0.12399,0.0028747
-57.32,54.68,0.983,0.19338,0.0098277
-52.75,54.68,0.96922,0.2372,0.011059
-48.63,54.68,0.97369,0.24707,0.0041088
-44.82,54.68,0.97427,0.27287,0.0020467
-41.25,54.68,0.97492,0.31329,0.0011778
-37.87,54.68,0.94914,0.42171,0.00097535
-34.64,54.68,1,1,0
-31.53,54.68,0.74901,0.52702,5.4387e-05
-28.52,54.68,0.68211,0.4817,2.1577e-05
-25.59,54.68,0.66421,0.43804,3.0131e-05
-14.48,54.68,1,0,0
52.75,54.68,0.99976,0.017592,6.5092e-15
57.32,54.68,0.99844,0.0049553,2.2646e-10
62.55,54.68,0.99999,0.012636,1.2109e-11
69.02,54.68,0.99984,0.019632,2.4469e-06
-69.02,57.19,0.99328,0.093963,0.0041654
-62.55,57.19,0.99688,0.12022,0.0037535
-57.32,57.19,0.98299,0.18663,0.012669
-52.75,57.19,0.9826,0.19977,0.0061528
-48.63,57.19,0.98615,0.20482,0.0017639
-44.82,57.19,0.98407,0.23437,0.0012171
-41.25,57.19,0.98632,0.26554,0.00065294
-37.87,57.19,0.9763,0.35599,0.00049966
-34.64,57.19,0.9379,0.48955,0.00063502
-31.53,57.19,0.83466,0.48196,4.5874e-05
-28.52,57.19,0.76599,0.44979,1.7116e-05
-25.59,57.19,0.74415,0.41457,1.6915e-05
44.82,57.19,1,0,0
48.63,57.19,0.99993,0.022202,1.067e-16
52.75,57.19,0.99975,0.016817,2.1207e-15
57.32,57.19,0.99872,0.0047722,4.7172e-11
62.55,57.19,0.99999,0.011033,1.6636e-12
69.02,57.19,0.99992,0.016237,4.6283e-07
-69.02,59.7,0.9921,0.095253,0.0059084
-62.55,59.7,0.99693,0.11613,0.004893
-57.32,59.7,0.98253,0.18088,0.016291
-52.75,59.7,0.99083,0.16665,0.0032432
-48.63,59.7,0.99325,0.16724,0.0008557
-44.82,59.7,0.99112,0.19374,0.00068644
-41.25,59.7,0.99191,0.22155,0.00039808
-37.87,59.7,0.98773,0.28705,0.0002508
-34.64,59.7,0.96237,0.37023,0.00021002
-31.53,59.7,0.91654,0.38089,1.4318e-05
-28.52,59.7,0.85446,0.38724,9.3086e-06
-25.59,59.7,0.82887,0.36704,9.5656e-06
52.75,59.7,0.99971,0.016097,8.1677e-16
57.32,59.7,0.99955,0.0057867,2.0871e-19
62.55,59.7,1,0.0099278,4.8602e-13
69.02,59.7,1,0.0068877,1.3403e-11
-69.02,62.21,0.9899,0.097723,0.0088261
-62.55,62.21,0.99685,0.11254,0.0065625
-57.32,62.21,0.98696,0.16252,0.014867
-52.75,62.21,0.9954,0.13822,0.0017867
-48.63,62.21,0.99683,0.13508,0.00047532
-44.82,62.21,0.99544,0.155,0.00037575
-41.25,62.21,0.99456,0.18412,0.00028115
-37.87,62.21,0.99272,0.22378,0.00013811
-34.64,62.21,0.96697,0.27309,0.00021863
-31.53,62.21,0.95559,0.2874,9.5237e-06
-28.52,62.21,0.92202,0.30332,4.4476e-06
-25.59,62.21,0.90173,0.29641,5.8475e-06
34.64,62.21,1,0,0
52.75,62.21,0.99953,0.017153,3.5164e-15
57.32,62.21,0.99967,0.013185,1.4112e-14
62.55,62.21,1,0.0071038,1.0273e-14
69.02,62.21,1,0.0057027,4.4227e-14
-69.02,64.72,1,0,0
-62.55,64.72,0.99659,0.10945,0.008978
-57.32,64.72,0.99172,0.1404,0.011472
-52.75,64.72,0.99766,0.11454,0.001104
-48.63,64.72,0.99849,0.10855,0.00029137
-44.82,64.72,0.99761,0.12264,0.00021872
-41.25,64.72,0.99569,0.15464,0.00024121
-37.87,64.72,0.99513,0.17393,9.8927e-05
-34.64,64.72,1,0,0
-31.53,64.72,0.97479,0.21538,1.7058e-05
31.53,64.72,1,0,0
52.75,64.72,1,0,0
57.32,64.72,0.99924,0.014883,4.7639e-14
62.55,64.72,0.99996,0.0038958,9.7196e-20
69.02,64.72,0.99964,0.0091452,2.6943e-11
-69.02,67.23,0.99336,0.092185,0.011703
-62.55,67.23,0.99609,0.10694,0.012337
-57.32,67.23,0.99452,0.12185,0.0090494
-52.75,67.23,0.99872,0.095387,0.00076921
-48.63,67.23,0.99923,0.087443,0.00019785
-44.82,67.23,0.99863,0.096782,0.00013856
-41.25,67.23,0.99687,0.12364,0.00017139
-37.87,67.23,0.99645,0.13964,9.0698e-05
-34.64,67.23,0.9867,0.15193,0.00027755
52.75,67.23,1,0,0
57.32,67.23,1,0,0
62.55,67.23,0.99996,0.0065607,7.151e-14
69.02,67.23,0.99981,0.0059311,6.5958e-17
-69.02,69.74,0.99696,0.081252,0.0097365
-62.55,69.74,0.99519,0.10511,0.016772
-57.32,69.74,0.99609,0.10666,0.0074631
-52.75,69.74,0.99922,0.080328,0.0005957
-48.63,69.74,0.99956,0.071225,0.00015093
-44.82,69.74,0.99912,0.076922,9.9681e-05
-41.25,69.74,0.99753,0.097587,0.00013376
-37.87,69.74,0.99762,0.10816,8.8514e-05
-34.64,69.74,0.99472,0.1218,0.00014248
28.52,69.74,1,0,0
57.32,69.74,0.99906,0.01629,5.3254e-10
62.55,69.74,0.99969,0.010649,1.2839e-10
69.02,69.74,1,0,0
-69.02,72.25,0.99861,0.06896,0.0073167
-62.55,72.25,0.99388,0.10295,0.021542
-57.32,72.25,0.99695,0.094503,0.0065664
-52.75,72.25,0.99945,0.068841,0.00050976
-48.63,72.25,0.99971,0.059242,0.00013004
-44.82,72.25,0.99935,0.062321,8.8743e-05
-41.25,72.25,0.99765,0.077448,0.00017998
-37.87,72.25,0.99834,0.083087,0.00014354
57.32,72.25,1,0,0
62.55,72.25,1,0,0
69.02,72.25,1,0,0
-69.02,74.76,0.99928,0.059047,0.0056654
-62.55,74.76,0.99505,0.087683,0.017065
-57.32,74.76,0.99739,0.084998,0.0062485
-52.75,74.76,0.99956,0.060388,0.00048119
-48.63,74.76,0.99978,0.050826,0.00012615
-44.82,74.76,0.99945,0.052389,0.00010236
-41.25,74.76,0.9971,0.06352,0.00045479
-37.87,74.76,0.99767,0.096454,0.00092584
62.55,74.76,0.99956,0.010885,2.4757e-10
69.02,74.76,0.99981,0.0086855,1.6046e-13
-69.02,77.27,0.99958,0.051101,0.0045381
-62.55,77.27,0.99561,0.074363,0.012842
-57.32,77.27,0.99758,0.077774,0.0064712
-52.75,77.27,0.99959,0.054477,0.00049923
-48.63,77.27,0.9998,0.045347,0.00013676
-44.82,77.27,0.99949,0.046768,0.00012488
-41.25,77.27,0.99176,0.084624,0.0023842
28.52,77.27,1,0,0
62.55,77.27,0.99984,0.0098641,5.4959e-11
69.02,77.27,1,0,0
-69.02,79.78,0.99974,0.044405,0.0036867
-62.55,79.78,0.9953,0.064522,0.010187
-57.32,79.78,0.9976,0.072499,0.0072907
-52.75,79.78,0.99955,0.050697,0.00056594
-48.63,79.78,0.99978,0.042227,0.00016415
-44.82,79.78,0.99948,0.04441,0.00014155
-41.25,79.78,1,0,0
62.55,79.78,0.99993,0.0082148,7.3842e-12
-69.02,82.29,0.99982,0.038963,0.0030973
-62.55,82.29,1,0,0
-57.32,82.29,0.99841,0.061833,0.0052959
-52.75,82.29,0.99943,0.048742,0.00069644
-48.63,82.29,0.99972,0.04099,0.00021498
-44.82,82.29,0.9994,0.043786,0.00016631
-41.25,82.29,0.99669,0.056432,0.00057655
-37.87,82.29,0.99957,0.046172,0.00012451
62.55,82.29,0.99997,0.012618,5.6229e-10
-69.02,84.8,0.99986,0.034657,0.0027171
-62.55,84.8,1,0,0
-57.32,84.8,0.99919,0.04992,0.0029289
-52.75,84.8,0.9992,0.048409,0.00092825
-48.63,84.8,0.99958,0.041307,0.00030021
-44.82,84.8,0.99923,0.04418,0.00020837
-41.25,84.8,0.99841,0.05095,0.00025465
-37.87,84.8,0.99963,0.046351,5.2769e-05
-34.64,84.8,0.99951,0.0483,4.2891e-05
69.02,84.8,0.99971,0.0076919,3.0153e-12
-69.02,87.31,0.99988,0.030962,0.0024266
-62.55,87.31,1,0,0
-57.32,87.31,0.9996,0.040337,0.001708
-52.75,87.31,0.99877,0.049599,0.0013625
-48.63,87.31,0.9993,0.043014,0.0004368
-44.82,87.31,0.99896,0.045036,0.00026088
-41.25,87.31,0.99877,0.048239,0.0001682
-37.87,87.31,0.99959,0.046734,3.5676e-05
-34.64,87.31,0.99952,0.047694,3.1232e-05
-31.53,87.31,0.99777,0.053828,0.00024142
69.02,87.31,0.99974,0.0078867,2.2472e-12
-69.02,89.82,0.9999,0.027661,0.0021927
-62.55,89.82,0.99936,0.030139,0.0025033
-57.32,89.82,0.9998,0.032807,0.0010897
-52.75,89.82,0.99805,0.052313,0.0023219
-48.63,89.82,0.99877,0.046074,0.00066079
-44.82,89.82,0.99853,0.046785,0.0003343
-41.25,89.82,0.99865,0.048012,0.00015905
-37.87,89.82,0.99942,0.047723,3.5167e-05
-34.64,89.82,0.99957,0.045897,2.4362e-05
-31.53,89.82,1,0,0
-28.52,89.82,1,0,0
25.59,89.82,0,1,0
69.02,89.82,0.9998,0.0069097,2.7505e-12
-69.02,92.33,0.9999,0.02505,0.0020678
-62.55,92.33,0.99981,0.023537,0.0014483
-57.32,92.33,0.99989,0.027019,0.00073954
-52.75,92.33,0.99809,0.048689,0.0023095
-48.63,92.33,0.99785,0.050524,0.0011221
-44.82,92.33,0.99784,0.049664,0.00045823
-41.25,92.33,0.99815,0.05007,0.00019789
-37.87,92.33,0.99947,0.044357,2.8244e-05
-34.64,92.33,0.99971,0.040434,2.0325e-05
-31.53,92.33,0.99871,0.042764,0.00022557
-69.02,94.84,0.9999,0.022628,0.0019916
-62.55,94.84,0.99987,0.019425,0.0010036
-57.32,94.84,0.99994,0.022667,0.00052566
-52.75,94.84,0.9985,0.042497,0.0016979
-48.63,94.84,0.99634,0.056435,0.00258
-44.82,94.84,0.99677,0.053801,0.000791
-41.25,94.84,0.99794,0.049376,0.00021034
-37.87,94.84,0.99959,0.039692,1.9434e-05
-34.64,94.84,0.9998,0.036153,1.4487e-05
-31.53,94.84,0.99938,0.036977,0.00013559
-69.02,97.35,0.99991,0.020263,0.002005
-62.55,97.35,0.99986,0.017014,0.00085882
-57.32,97.35,0.99996,0.019456,0.00040102
-52.75,97.35,0.99868,0.038098,0.0013792
-48.63,97.35,0.99458,0.061711,0.0060928
-44.82,97.35,0.99517,0.059356,0.0021031
-41.25,97.35,0.99804,0.046363,0.00019395
-37.87,97.35,0.99955,0.037818,1.7171e-05
-34.64,97.35,0.99981,0.035084,8.7008e-06
-31.53,97.35,0.99954,0.035014,8.6857e-05
-28.52,97.35,1,0,0
25.59,97.35,1,0,0
-69.02,99.86,0.99992,0.018348,0.0021941
-62.55,99.86,0.99981,0.015902,0.00095934
-57.32,99.86,0.99997,0.01711,0.00034101
-52.75,99.86,0.99865,0.0356,0.0013064
-48.63,99.86,0.99581,0.05458,0.004692
-44.82,99.86,0.99463,0.059555,0.0034854
-41.25,99.86,0.99785,0.045122,0.00024474
-37.87,99.86,0.99954,0.035507,1.494e-05
-34.64,99.86,0.99987,0.030953,7.3882e-06
-31.53,99.86,0.9997,0.030021,0.00010173
14.48,99.86,1,0,0
17.19,99.86,1,0,0
-69.02,102.37,0.99993,0.016724,0.0026001
-62.55,102.37,0.99965,0.015957,0.0014253
-57.32,102.37,0.99998,0.015342,0.00032675
-52.75,102.37,0.99816,0.035564,0.001658
-48.63,102.37,0.99652,0.049256,0.0038995
-44.82,102.37,0.99462,0.057257,0.0044322
-41.25,102.37,0.99799,0.04159,0.0002416
-37.87,102.37,0.99958,0.032411,1.2187e-05
-34.64,102.37,0.99989,0.027917,6.9229e-06
-31.53,102.37,0.99979,0.026953,9.6908e-05
17.19,102.37,1,0,0
22.74,102.37,1,0,0
-69.02,104.88,0.99995,0.01534,0.0032749
-62.55,104.88,0.99899,0.017375,0.0026674
-57.32,104.88,0.99997,0.013793,0.00034179
-52.75,104.88,1,0,0
-48.63,104.88,0.99639,0.04591,0.0036818
-44.82,104.88,0.99662,0.046223,0.0021073
-41.25,104.88,0.99789,0.039525,0.00031376
-37.87,104.88,0.99953,0.030752,1.2812e-05
-34.64,104.88,0.99989,0.026525,6.1839e-06
-31.53,104.88,0.99983,0.026169,6.1538e-05
-28.52,104.88,0.99964,0.028888,0.0004756
22.74,104.88,1,0,0
-69.02,107.39,0.99996,0.014123,0.0042773
-62.55,107.39,1,0,0
-57.32,107.39,0.99997,0.012648,0.00038674
-52.75,107.39,0.99897,0.026848,0.0012926
-48.63,107.39,1,0,0
-44.82,107.39,0.99826,0.035559,0.00065344
-41.25,107.39,0.99798,0.036309,0.00032023
-37.87,107.39,0.99929,0.031118,2.1742e-05
-34.64,107.39,0.99983,0.027294,5.1087e-06
-31.53,107.39,0.99985,0.026249,3.3865e-05
-28.52,107.39,0.9998,0.025312,0.0003845
19.94,107.39,1,0,0
22.74,107.39,1,1,0
-69.02,109.9,0.99997,0.013022,0.0056736
-62.55,109.9,0.99896,0.015669,0.0050056
-57.32,109.9,0.99996,0.011802,0.00045367
-52.75,109.9,0.99947,0.020334,0.00083217
-48.63,109.9,1,0,0
-44.82,109.9,0.99911,0.027521,0.00022604
-41.25,109.9,0.99901,0.027704,8.0352e-05
-37.87,109.9,0.99915,0.030097,3.2161e-05
-34.64,109.9,0.99976,0.026942,5.3027e-06
-31.53,109.9,0.99989,0.023934,3.2421e-05
-28.52,109.9,0.99987,0.022554,0.00031853
17.19,109.9,1,1,0
-69.02,112.41,0.99997,0.012017,0.0075463
-62.55,112.41,0.99959,0.014239,0.0052386
-57.32,112.41,0.99996,0.011223,0.00056228
-52.75,112.41,0.99965,0.016448,0.00067903
-48.63,112.41,0.99897,0.025059,0.00082848
-44.82,112.41,0.99951,0.021656,0.00013815
-41.25,112.41,0.99954,0.021729,4.3671e-05
-37.87,112.41,0.99968,0.022716,1.4002e-05
-34.64,112.41,0.99974,0.025314,6.153e-06
-31.53,112.41,0.99991,0.022082,3.1387e-05
-28.52,112.41,0.99991,0.020654,0.00025362
-69.02,114.92,0.99998,0.011104,0.010002
-57.32,114.92,0.99995,0.011065,0.00076324
-52.75,114.92,0.9997,0.014347,0.00065672
-48.63,114.92,0.99947,0.018594,0.00050283
-44.82,114.92,0.99969,0.017618,0.00014728
-41.25,114.92,0.99977,0.017652,4.9511e-05
-37.87,114.92,0.99989,0.017572,1.8364e-05
-34.64,114.92,0.99988,0.020502,9.7215e-06
-31.53,114.92,0.9999,0.022202,2.1197e-05
-28.52,114.92,0.99993,0.020272,0.00015715
-25.59,114.92,0.99989,0.029177,0.00012962
19.94,114.92,0,1,0
69.02,114.92,1,0,0
-57.32,117.43,0.99993,0.011317,0.0012003
-52.75,117.43,0.99968,0.013499,0.00074551
-48.63,117.43,0.99964,0.014846,0.00044943
-44.82,117.43,0.99976,0.015098,0.00021726
-41.25,117.43,0.99987,0.01475,8.2994e-05
-37.87,117.43,0.99995,0.014011,3.9944e-05
-34.64,117.43,0.99995,0.015827,2.6275e-05
-31.53,117.43,0.99993,0.019205,3.2652e-05
-28.52,117.43,0.99996,0.01759,0.00018628
-57.32,119.94,0.99986,0.012398,0.0020724
-52.75,119.94,0.99962,0.013339,0.00099341
-48.63,119.94,0.99973,0.01265,0.00051008
-44.82,119.94,0.99976,0.013865,0.00039692
-41.25,119.94,0.9999,0.012875,0.00017839
-37.87,119.94,0.99996,0.011544,0.00011404
-34.64,119.94,0.99997,0.012688,7.998e-05
-31.53,119.94,0.99997,0.01544,7.6932e-05
-28.52,119.94,0.99997,0.014889,0.00026547
44.82,119.94,0.99987,0.024891,2.2382e-11
69.02,119.94,0.99924,0.011483,7.0945e-09
-57.32,122.45,0.99893,0.020609,0.0063496
-52.75,122.45,0.99924,0.014607,0.0016798
-48.63,122.45,0.9998,0.011316,0.00068934
-44.82,122.45,0.99965,0.013897,0.00089821
-41.25,122.45,0.99989,0.011844,0.00041994
-34.64,122.45,0.99997,0.010674,0.00021361
-31.53,122.45,0.99998,0.01255,0.00018003
-28.52,122.45,0.99995,0.019704,0.00014442
17.19,122.45,0.97561,0.11464,0.0010646
19.94,122.45,0.9394,0.25928,1.8102e-05
41.25,122.45,0.99998,0.021602,2.4531e-11
44.82,122.45,0.99964,0.026241,1.7537e-09
48.63,122.45,1,0,0
69.02,122.45,0.99978,0.0094547,6.0188e-10
-57.32,124.96,1,0,0
-52.75,124.96,1,0,0
-48.63,124.96,0.99986,0.010389,0.0011066
-44.82,124.96,0.99936,0.015041,0.0025256
-31.53,124.96,0.99998,0.010841,0.00031792
17.19,124.96,1,0,0
41.25,124.96,0.99997,0.022125,1.344e-10
44.82,124.96,1,0,0
48.63,124.96,1,0,0
52.75,124.96,1,1,0
57.32,124.96,1,0,0
69.02,124.96,0.99992,0.0079603,5.5769e-11
-52.75,127.47,0.99946,0.013198,0.0038019
-44.82,127.47,1,0,0
41.25,127.47,0.99998,0.018199,1.4423e-10
44.82,127.47,1,0,0
48.63,127.47,1,0,0
52.75,127.47,1,0,0
57.32,127.47,1,0,0
62.55,127.47,1,0,0
44.82,129.98,1,0,0
48.63,129.98,1,0,0
44.82,132.49,1,0,0
48.63,132.49,1,0,0
52.75,132.49,1,0,0
31.53,135,1,0,0
44.82,135,0.99945,0.014138,2.0918e-08
52.75,135,1,0,0
57.32,135,1,0,0
62.55,135,1,0,0
44.82,137.51,1,0,0
48.63,137.51,1,0.0079948,1.3943e-08
52.75,137.51,1,0,0
57.32,137.51,1,0,0
62.55,137.51,1,0.010246,2.6264e-11
44.82,140.02,1,0,0
48.63,140.02,1,0,0
52.75,140.02,1,0,0
57.32,140.02,1,0,0
62.55,140.02,1,0.0077682,1.1131e-11
44.82,142.53,1,0,0
48.63,142.53,1,0,0
52.75,142.53,0.99986,0.0046694,7.4697e-06
57.32,142.53,1,0,0
62.55,142.53,1,0.0064725,1.9802e-11
44.82,145.04,1,0,0
48.63,145.04,1,0,0
52.75,145.04,1,0,0
57.32,145.04,1,0,0
62.55,145.04,1,0.0036372,1.1869e-07
44.82,147.55,1,0,0
48.63,147.55,1,0,0
57.32,147.55,1,0.0078733,2.1523e-09
62.55,147.55,1,0.0035027,1.7016e-07
44.82,150.06,1,0.0063389,2.033e-06
48.63,150.06,1,0,0
57.32,150.06,1,0.0061783,2.4981e-09
62.55,150.06,1,0.0038248,4.5321e-08
48.63,152.57,1,0,0
57.32,152.57,1,0.0053342,5.652e-09
62.55,152.57,1,0.0057152,3.4638e-09
48.63,155.08,1,0.009458,2.2886e-06
57.32,155.08,1,0.0049687,1.9045e-08
62.55,155.08,1,0.0046322,1.0669e-08
48.63,157.59,1,0.0075905,8.2222e-07
57.32,157.59,1,0.0053825,7.8755e-08
62.55,157.59,1,0.0024435,7.7676e-06
69.02,157.59,1,0,0
48.63,160.1,1,0.0081606,7.4319e-06
57.32,160.1,1,0.0059098,3.5016e-07
62.55,160.1,1,0.0028894,7.5053e-07
48.63,162.61,1,0,0
52.75,162.61,1,0.0062619,3.5308e-06
57.32,162.61,1,0.0071402,1.764e-06
62.55,162.61,1,0.0039307,9.602e-08
69.02,162.61,1,0,0
48.63,165.12,1,0.0045859,0.00035776
52.75,165.12,1,0,0
57.32,165.12,1,0,0
62.55,165.12,1,0.0040172,2.0245e-07
48.63,167.63,1,0,0
52.75,167.63,1,0.0047184,0.00010104
57.32,167.63,1,0.0032978,0.0022019
62.55,167.63,1,0.0035338,1.126e-06
48.63,170.14,1,0,0
52.75,170.14,1,0.0046657,4.6491e-05
57.32,170.14,1,0,0
62.55,170.14,1,0.0032548,2.079e-06
52.75,172.65,1,0.0053239,5.6858e-05
57.32,172.65,1,0.0041122,0.00038635
62.55,172.65,1,0.0029477,4.0703e-06
48.63,175.16,1,0,0
52.75,175.16,1,0,0
57.32,175.16,1,0.0054512,1.7407e-05
62.55,175.16,1,0.0018576,0.00019005
52.75,177.67,1,0.0052806,0.00011209
57.32,177.67,1,0.0051455,1.3748e-05
62.55,177.67,1,0.0015658,0.0016371
