52.75,-178.75,-999,0.88967,0.55137,1.2993
57.32,-178.75,-999,0.90257,0.55974,1.3187
62.55,-178.75,-999,0.84516,0.51183,1.2608
52.75,-176.24,-999,0.81652,0.53027,1.1621
57.32,-176.24,-999,0.88288,0.57905,1.2425
62.55,-176.24,-999,0.79771,0.5075,1.1527
57.32,-173.73,-999,0.86233,0.57316,1.1977
57.32,-171.22,-999,0.84867,0.57695,1.1666
57.32,-168.71,-999,0.86787,0.60514,1.175
69.02,-131.06,-999,0.98147,0.73413,1.2625
34.64,-98.43,-999,0.95153,0.78945,1.124
34.64,-95.92,-999,0.95257,0.79757,1.1182
34.64,-93.41,-999,0.95266,0.79314,1.1196
57.32,-83.37,-999,0.64736,0.46294,0.85614
57.32,-80.86,-999,0.68293,0.49734,0.89503
62.55,-75.84,-999,0.704,0.50092,0.93454
69.02,-75.84,-999,0.59059,0.40023,0.81145
62.55,-73.33,-999,0.69072,0.49381,0.91698
69.02,-73.33,-999,0.64746,0.44151,0.87506
44.82,-70.82,-999,1.1252,0.87679,1.3958
69.02,-70.82,-999,0.66287,0.45512,0.89202
69.02,-68.31,-999,0.71395,0.48822,0.96582
34.64,-45.72,-999,0.71047,0.60257,0.82917
3.91,-43.21,-999,1.4779,1.1436,1.8389
6.53,-43.21,-999,1.1206,0.92235,1.3464
14.48,-43.21,-999,0.71279,0.57125,0.87115
34.64,-43.21,-999,0.61835,0.45144,0.80464
-1.3,-40.7,-999,1.8306,1.4503,2.2672
1.3,-40.7,-999,1.6649,1.3187,2.0315
3.91,-40.7,-999,1.4537,1.1405,1.793
6.53,-40.7,-999,1.3477,1.1824,1.5303
9.16,-40.7,-999,1.1065,0.87089,1.3751
11.81,-40.7,-999,0.87502,0.65497,1.1181
14.48,-40.7,-999,0.7654,0.56815,0.9895
19.94,-40.7,-999,0.62785,0.44538,0.82945
22.74,-40.7,-999,0.53841,0.41425,0.6693
25.59,-40.7,-999,0.46999,0.36822,0.58024
-17.19,-38.19,-999,1.2241,0.92157,1.5684
-9.16,-38.19,-999,1.7085,1.3269,2.1271
-6.53,-38.19,-999,1.8016,1.408,2.2411
-3.91,-38.19,-999,1.8756,1.4627,2.3233
-1.3,-38.19,-999,1.8264,1.4468,2.2281
1.3,-38.19,-999,1.6627,1.3253,2.0231
3.91,-38.19,-999,1.4025,1.1705,1.6522
6.53,-38.19,-999,1.3385,1.0677,1.6547
9.16,-38.19,-999,1.0278,0.85414,1.2213
11.81,-38.19,-999,0.92304,0.69696,1.169
14.48,-38.19,-999,0.81785,0.60998,1.0513
17.19,-38.19,-999,0.69243,0.50681,0.89986
19.94,-38.19,-999,0.57734,0.46112,0.6964
22.74,-38.19,-999,0.52781,0.37654,0.70035
28.52,-38.19,-999,0.45818,0.36291,0.55973
31.53,-38.19,-999,0.54246,0.39032,0.71517
34.64,-38.19,-999,0.56883,0.41354,0.74817
37.87,-38.19,-999,0.62287,0.45545,0.81026
-28.52,-35.68,-999,0.79788,0.67239,0.937
-17.19,-35.68,-999,1.3286,1.0243,1.6671
-14.48,-35.68,-999,1.3962,1.0682,1.7564
-11.81,-35.68,-999,1.7176,1.4569,1.9954
-9.16,-35.68,-999,1.7056,1.3327,2.1044
-6.53,-35.68,-999,1.8006,1.4181,2.2236
-3.91,-35.68,-999,2.0466,1.7865,2.3124
-1.3,-35.68,-999,1.779,1.4228,2.1668
1.3,-35.68,-999,1.6588,1.3242,2.0175
3.91,-35.68,-999,1.5818,1.2662,1.9333
6.53,-35.68,-999,1.4198,1.2512,1.6027
9.16,-35.68,-999,1.104,0.85266,1.3748
11.81,-35.68,-999,0.90184,0.74459,1.0697
14.48,-35.68,-999,0.82165,0.61496,1.0505
17.19,-35.68,-999,0.68557,0.50146,0.89167
19.94,-35.68,-999,0.60163,0.43467,0.78973
22.74,-35.68,-999,0.50874,0.3618,0.67553
25.59,-35.68,-999,0.49092,0.34708,0.65589
28.52,-35.68,-999,0.49443,0.35292,0.65731
31.53,-35.68,-999,0.52034,0.37416,0.68752
34.64,-35.68,-999,0.54783,0.39721,0.71989
37.87,-35.68,-999,0.60206,0.44002,0.78662
41.25,-35.68,-999,0.6434,0.47172,0.83244
-31.53,-33.17,-999,0.8314,0.63545,1.0427
-28.52,-33.17,-999,0.88944,0.69001,1.1108
-25.59,-33.17,-999,0.95776,0.73802,1.2056
-22.74,-33.17,-999,1.0561,0.8098,1.3348
-19.94,-33.17,-999,1.1887,0.9139,1.4951
-17.19,-33.17,-999,1.3399,1.0428,1.6709
-14.48,-33.17,-999,1.4182,1.0979,1.7655
-11.81,-33.17,-999,1.5119,1.2575,1.7762
-9.16,-33.17,-999,1.7204,1.3589,2.1058
-6.53,-33.17,-999,1.8868,1.5103,2.3062
-3.91,-33.17,-999,1.8385,1.4647,2.2511
-1.3,-33.17,-999,1.7812,1.4257,2.172
1.3,-33.17,-999,1.6075,1.3581,1.8728
3.91,-33.17,-999,1.5344,1.2191,1.8713
6.53,-33.17,-999,1.3191,1.0391,1.6211
9.16,-33.17,-999,1.139,0.88273,1.4114
11.81,-33.17,-999,0.97556,0.74261,1.226
14.48,-33.17,-999,0.82792,0.61847,1.0568
17.19,-33.17,-999,0.68441,0.50033,0.88991
19.94,-33.17,-999,0.56127,0.40274,0.7371
22.74,-33.17,-999,0.4949,0.35007,0.6578
25.59,-33.17,-999,0.46994,0.33094,0.62627
28.52,-33.17,-999,0.46614,0.33014,0.62151
31.53,-33.17,-999,0.48947,0.35024,0.64894
34.64,-33.17,-999,0.52428,0.37729,0.69374
37.87,-33.17,-999,0.55751,0.4061,0.72952
41.25,-33.17,-999,0.60829,0.44263,0.79074
-44.82,-30.66,-999,0.89599,0.67453,1.1305
-31.53,-30.66,-999,0.79404,0.67243,0.92107
-28.52,-30.66,-999,0.94565,0.73142,1.1795
-25.59,-30.66,-999,0.97953,0.75739,1.2231
-22.74,-30.66,-999,1.0791,0.83468,1.346
-19.94,-30.66,-999,1.2152,0.9449,1.5143
-17.19,-30.66,-999,1.3308,1.0357,1.6512
-14.48,-30.66,-999,1.4287,1.1177,1.7637
-11.81,-30.66,-999,1.5736,1.2433,1.9273
-9.16,-30.66,-999,1.7018,1.352,2.0789
-6.53,-30.66,-999,1.7691,1.4089,2.1654
-3.91,-30.66,-999,1.8071,1.4501,2.1978
-1.3,-30.66,-999,1.7279,1.4278,2.0362
1.3,-30.66,-999,1.7249,1.3739,2.1085
3.91,-30.66,-999,1.5635,1.2447,1.9071
6.53,-30.66,-999,1.3491,1.0622,1.6586
9.16,-30.66,-999,1.1741,0.91013,1.4541
11.81,-30.66,-999,0.99791,0.75784,1.252
14.48,-30.66,-999,0.82043,0.61048,1.0436
17.19,-30.66,-999,0.67873,0.49357,0.88231
19.94,-30.66,-999,0.54693,0.38761,0.72072
22.74,-30.66,-999,0.47543,0.3335,0.63483
25.59,-30.66,-999,0.44415,0.30919,0.59595
28.52,-30.66,-999,0.43845,0.30658,0.58932
31.53,-30.66,-999,0.46063,0.324,0.61705
34.64,-30.66,-999,0.47445,0.33358,0.63294
37.87,-30.66,-999,0.52484,0.37433,0.69041
41.25,-30.66,-999,0.58541,0.4199,0.7626
69.02,-30.66,-999,0.6359,0.42075,0.88137
-57.32,-28.15,-999,1.3224,1.0411,1.6278
-52.75,-28.15,-999,1.1281,0.84888,1.4446
-48.63,-28.15,-999,0.94831,0.71566,1.2099
-44.82,-28.15,-999,0.87614,0.67072,1.1062
-41.25,-28.15,-999,0.7477,0.60642,0.89998
-37.87,-28.15,-999,0.7685,0.58844,0.95883
-34.64,-28.15,-999,0.73348,0.56144,0.92345
-31.53,-28.15,-999,0.84626,0.6514,1.0552
-28.52,-28.15,-999,0.94945,0.73409,1.1802
-25.59,-28.15,-999,0.98993,0.76522,1.2348
-22.74,-28.15,-999,1.0901,0.84852,1.3579
-19.94,-28.15,-999,1.2131,0.94848,1.5038
-17.19,-28.15,-999,1.3292,1.043,1.6409
-14.48,-28.15,-999,1.4351,1.1288,1.7591
-11.81,-28.15,-999,1.5692,1.2463,1.9109
-9.16,-28.15,-999,1.6975,1.3536,2.0642
-6.53,-28.15,-999,1.7564,1.4007,2.1448
-3.91,-28.15,-999,1.7966,1.4448,2.1829
-1.3,-28.15,-999,1.7894,1.4398,2.1668
1.3,-28.15,-999,1.7498,1.3869,2.1381
3.91,-28.15,-999,1.593,1.2686,1.9431
6.53,-28.15,-999,1.3907,1.0933,1.7077
9.16,-28.15,-999,1.2109,0.93472,1.5005
11.81,-28.15,-999,1.0217,0.77426,1.2845
14.48,-28.15,-999,0.8279,0.61114,1.0554
17.19,-28.15,-999,0.66976,0.48329,0.87277
19.94,-28.15,-999,0.52917,0.37355,0.70035
22.74,-28.15,-999,0.4513,0.31318,0.60835
25.59,-28.15,-999,0.41515,0.2854,0.56292
28.52,-28.15,-999,0.40802,0.27981,0.55356
31.53,-28.15,-999,0.43521,0.30275,0.58805
34.64,-28.15,-999,0.44538,0.30949,0.59795
37.87,-28.15,-999,0.50119,0.35381,0.66359
41.25,-28.15,-999,0.56116,0.40379,0.73788
62.55,-28.15,-999,0.71537,0.50762,0.94536
69.02,-28.15,-999,0.67061,0.44932,0.92353
-57.32,-25.64,-999,1.199,0.90481,1.5324
-52.75,-25.64,-999,1.1058,0.83013,1.409
-48.63,-25.64,-999,1.0334,0.7475,1.3605
-44.82,-25.64,-999,0.99914,0.82758,1.1775
-41.25,-25.64,-999,0.80544,0.61411,1.0135
-37.87,-25.64,-999,0.75284,0.57669,0.94815
-34.64,-25.64,-999,0.70825,0.58702,0.8344
-31.53,-25.64,-999,0.85246,0.65656,1.0659
-28.52,-25.64,-999,0.95079,0.7367,1.1844
-25.59,-25.64,-999,1.0531,0.81971,1.3055
-22.74,-25.64,-999,1.0962,0.8519,1.3623
-19.94,-25.64,-999,1.2138,0.95166,1.4995
-17.19,-25.64,-999,1.3391,1.0566,1.6427
-14.48,-25.64,-999,1.4598,1.1543,1.7812
-11.81,-25.64,-999,1.5646,1.2468,1.9021
-9.16,-25.64,-999,1.6838,1.3449,2.0422
-6.53,-25.64,-999,1.7462,1.3937,2.1258
-3.91,-25.64,-999,1.79,1.4431,2.171
-1.3,-25.64,-999,1.7882,1.4365,2.1595
1.3,-25.64,-999,1.7537,1.4012,2.1285
3.91,-25.64,-999,1.6301,1.2927,1.9833
6.53,-25.64,-999,1.4363,1.1238,1.7648
9.16,-25.64,-999,1.2503,0.96026,1.5503
11.81,-25.64,-999,1.0461,0.79166,1.3173
14.48,-25.64,-999,0.83395,0.61422,1.0666
17.19,-25.64,-999,0.64068,0.45679,0.8388
19.94,-25.64,-999,0.50785,0.35584,0.67578
22.74,-25.64,-999,0.42307,0.28973,0.57671
25.59,-25.64,-999,0.38111,0.25739,0.52231
28.52,-25.64,-999,0.37626,0.25452,0.51577
31.53,-25.64,-999,0.37518,0.2526,0.51575
34.64,-25.64,-999,0.41674,0.28813,0.56365
37.87,-25.64,-999,0.47491,0.334,0.63181
41.25,-25.64,-999,0.54794,0.38794,0.72083
62.55,-25.64,-999,0.71421,0.51164,0.94187
69.02,-25.64,-999,0.63061,0.423,0.86846
-62.55,-23.13,-999,1.191,0.90719,1.5094
-57.32,-23.13,-999,1.316,1.0531,1.5995
-52.75,-23.13,-999,1.1713,0.8437,1.5424
-48.63,-23.13,-999,1.0843,0.88483,1.2977
-44.82,-23.13,-999,0.84348,0.67838,1.0152
-41.25,-23.13,-999,0.77476,0.59163,0.97606
-37.87,-23.13,-999,0.73617,0.5586,0.93046
-31.53,-23.13,-999,0.83468,0.64444,1.0396
-28.52,-23.13,-999,0.93501,0.72848,1.1561
-25.59,-23.13,-999,1.0392,0.81195,1.2865
-22.74,-23.13,-999,1.1525,0.90373,1.4248
-19.94,-23.13,-999,1.2145,0.95408,1.4952
-17.19,-23.13,-999,1.3373,1.0542,1.6375
-14.48,-23.13,-999,1.4556,1.1496,1.775
-11.81,-23.13,-999,1.56,1.2388,1.8947
-9.16,-23.13,-999,1.673,1.3336,2.0247
-6.53,-23.13,-999,1.7628,1.4075,2.1318
-3.91,-23.13,-999,1.7884,1.4375,2.1675
-1.3,-23.13,-999,1.7982,1.4449,2.172
1.3,-23.13,-999,1.7584,1.4047,2.1321
3.91,-23.13,-999,1.6704,1.3235,2.0377
6.53,-23.13,-999,1.4865,1.1544,1.8304
9.16,-23.13,-999,1.2943,0.98956,1.6102
11.81,-23.13,-999,1.0729,0.80572,1.3548
14.48,-23.13,-999,0.84051,0.61476,1.0816
17.19,-23.13,-999,0.62835,0.44413,0.82728
19.94,-23.13,-999,0.48316,0.3328,0.64927
22.74,-23.13,-999,0.39187,0.26331,0.53853
25.59,-23.13,-999,0.34784,0.22974,0.48382
28.52,-23.13,-999,0.32232,0.2126,0.45331
31.53,-23.13,-999,0.34273,0.22775,0.47621
34.64,-23.13,-999,0.38831,0.26426,0.53146
37.87,-23.13,-999,0.45351,0.31292,0.60744
62.55,-23.13,-999,0.72751,0.52432,0.95618
-62.55,-20.62,-999,1.1743,0.90061,1.487
-57.32,-20.62,-999,1.1766,0.89198,1.4984
-52.75,-20.62,-999,1.0855,0.82066,1.3799
-48.63,-20.62,-999,0.98717,0.75253,1.2429
-44.82,-20.62,-999,0.89276,0.68291,1.12
-41.25,-20.62,-999,0.78248,0.59822,0.98238
-37.87,-20.62,-999,0.76729,0.58608,0.9646
-34.64,-20.62,-999,0.79858,0.61634,0.99813
-31.53,-20.62,-999,0.84786,0.65458,1.0541
-28.52,-20.62,-999,0.92649,0.72208,1.1439
-25.59,-20.62,-999,1.0283,0.80454,1.2694
-22.74,-20.62,-999,1.1402,0.89281,1.4077
-19.94,-20.62,-999,1.2146,0.95256,1.5002
-17.19,-20.62,-999,1.3345,1.051,1.6354
-14.48,-20.62,-999,1.4523,1.1467,1.7752
-11.81,-20.62,-999,1.5554,1.2323,1.8902
-9.16,-20.62,-999,1.6639,1.3257,2.0138
-6.53,-20.62,-999,1.7523,1.4001,2.1204
-3.91,-20.62,-999,1.7882,1.4302,2.1628
-1.3,-20.62,-999,1.8131,1.455,2.1903
1.3,-20.62,-999,1.8129,1.4489,2.1923
3.91,-20.62,-999,1.7163,1.3546,2.0955
6.53,-20.62,-999,1.5437,1.1948,1.9004
9.16,-20.62,-999,1.3443,1.0256,1.6732
11.81,-20.62,-999,1.1036,0.82645,1.397
14.48,-20.62,-999,0.83081,0.59975,1.0743
17.19,-20.62,-999,0.61431,0.43049,0.81388
19.94,-20.62,-999,0.45585,0.30764,0.61795
22.74,-20.62,-999,0.35843,0.23506,0.49996
25.59,-20.62,-999,0.29656,0.18954,0.42295
28.52,-20.62,-999,0.28832,0.18599,0.4106
31.53,-20.62,-999,0.31193,0.2035,0.43855
34.64,-20.62,-999,0.36172,0.24362,0.49841
37.87,-20.62,-999,0.43076,0.29674,0.58237
48.63,-20.62,-999,0.7782,0.66177,0.90206
62.55,-20.62,-999,0.67839,0.48787,0.89447
-69.02,-18.11,-999,1.0761,0.76125,1.4411
-62.55,-18.11,-999,1.1792,0.90728,1.4876
-57.32,-18.11,-999,1.1642,0.88298,1.4801
-52.75,-18.11,-999,1.0795,0.81787,1.3709
-48.63,-18.11,-999,0.98426,0.74872,1.239
-44.82,-18.11,-999,0.8553,0.648,1.0739
-41.25,-18.11,-999,0.89738,0.74356,1.0601
-37.87,-18.11,-999,0.78651,0.59977,0.9864
-34.64,-18.11,-999,0.80429,0.6168,1.0061
-31.53,-18.11,-999,0.86533,0.6691,1.0712
-28.52,-18.11,-999,0.92977,0.72424,1.1487
-25.59,-18.11,-999,1.0208,0.79766,1.2594
-22.74,-18.11,-999,1.1311,0.88599,1.3955
-19.94,-18.11,-999,1.2496,0.98369,1.5419
-17.19,-18.11,-999,1.3327,1.0485,1.633
-14.48,-18.11,-999,1.4536,1.1497,1.7786
-11.81,-18.11,-999,1.5654,1.2392,1.9057
-9.16,-18.11,-999,1.6567,1.3187,2.0095
-6.53,-18.11,-999,1.7447,1.3921,2.1114
-3.91,-18.11,-999,1.7898,1.4284,2.1665
-1.3,-18.11,-999,1.8238,1.4565,2.2126
1.3,-18.11,-999,1.8417,1.467,2.2322
3.91,-18.11,-999,1.7779,1.4002,2.1717
6.53,-18.11,-999,1.6067,1.2412,1.988
9.16,-18.11,-999,1.4003,1.0649,1.7448
11.81,-18.11,-999,1.1381,0.84756,1.4463
14.48,-18.11,-999,0.8383,0.60213,1.0909
17.19,-18.11,-999,0.59853,0.41688,0.79952
19.94,-18.11,-999,0.42658,0.28249,0.58558
22.74,-18.11,-999,0.30852,0.1938,0.43854
25.59,-18.11,-999,0.26042,0.16192,0.37845
28.52,-18.11,-999,0.25468,0.16006,0.36831
31.53,-18.11,-999,0.28173,0.1804,0.40076
34.64,-18.11,-999,0.33634,0.22264,0.46846
37.87,-18.11,-999,0.41208,0.28033,0.56253
57.32,-18.11,-999,0.7819,0.56954,1.0176
62.55,-18.11,-999,0.68119,0.48915,0.89609
-69.02,-15.6,-999,1.1884,0.87384,1.5435
-62.55,-15.6,-999,1.3016,1.0524,1.5724
-57.32,-15.6,-999,1.1708,0.89078,1.4873
-52.75,-15.6,-999,1.0734,0.81572,1.3637
-48.63,-15.6,-999,0.98209,0.74811,1.2382
-44.82,-15.6,-999,0.86015,0.65253,1.0801
-41.25,-15.6,-999,0.80762,0.61603,1.0155
-37.87,-15.6,-999,0.79954,0.60962,1.0065
-34.64,-15.6,-999,0.81176,0.62221,1.0194
-31.53,-15.6,-999,0.86317,0.66557,1.0733
-28.52,-15.6,-999,0.93209,0.72359,1.1513
-25.59,-15.6,-999,1.0151,0.79413,1.2525
-22.74,-15.6,-999,1.1227,0.87923,1.3871
-19.94,-15.6,-999,1.2404,0.97597,1.5279
-17.19,-15.6,-999,1.3622,1.0786,1.676
-14.48,-15.6,-999,1.4491,1.1426,1.7706
-11.81,-15.6,-999,1.5634,1.2348,1.9079
-9.16,-15.6,-999,1.6491,1.3046,2.0058
-6.53,-15.6,-999,1.738,1.384,2.1061
-3.91,-15.6,-999,1.7917,1.4259,2.1739
-1.3,-15.6,-999,1.8388,1.4647,2.2317
1.3,-15.6,-999,1.8732,1.4856,2.2777
3.91,-15.6,-999,1.9815,1.5476,2.4459
6.53,-15.6,-999,1.7003,1.3066,2.1046
9.16,-15.6,-999,1.462,1.107,1.834
11.81,-15.6,-999,1.176,0.86988,1.5011
14.48,-15.6,-999,0.84642,0.6048,1.1087
17.19,-15.6,-999,0.58176,0.39997,0.78214
19.94,-15.6,-999,0.38124,0.24415,0.53396
22.74,-15.6,-999,0.27279,0.16693,0.3951
25.59,-15.6,-999,0.22599,0.13597,0.33371
28.52,-15.6,-999,0.22287,0.13661,0.32828
31.53,-15.6,-999,0.2536,0.15871,0.36694
34.64,-15.6,-999,0.31397,0.20575,0.44333
37.87,-15.6,-999,0.40063,0.27133,0.54793
62.55,-15.6,-999,0.68452,0.49291,0.89944
69.02,-15.6,-999,0.6698,0.46931,0.8928
-69.02,-13.09,-999,1.0979,0.77989,1.4645
-62.55,-13.09,-999,1.1615,0.89276,1.4631
-57.32,-13.09,-999,1.1588,0.88481,1.4671
-52.75,-13.09,-999,1.0669,0.81164,1.3513
-48.63,-13.09,-999,0.97953,0.74557,1.2378
-44.82,-13.09,-999,0.8657,0.65727,1.0859
-41.25,-13.09,-999,0.81812,0.62522,1.0309
-37.87,-13.09,-999,0.80867,0.61512,1.0207
-34.64,-13.09,-999,0.81899,0.6238,1.0312
-31.53,-13.09,-999,0.86352,0.66453,1.0773
-28.52,-13.09,-999,0.93277,0.72234,1.1552
-25.59,-13.09,-999,1.0178,0.79508,1.2605
-22.74,-13.09,-999,1.1157,0.87428,1.3756
-19.94,-13.09,-999,1.2322,0.96825,1.5199
-17.19,-13.09,-999,1.3533,1.0665,1.6657
-14.48,-13.09,-999,1.4741,1.1643,1.807
-11.81,-13.09,-999,1.5561,1.2251,1.9052
-9.16,-13.09,-999,1.6551,1.3043,2.014
-6.53,-13.09,-999,1.7319,1.3747,2.104
-3.91,-13.09,-999,1.8089,1.4394,2.1968
-1.3,-13.09,-999,1.7755,1.4763,2.0855
1.3,-13.09,-999,1.9043,1.5023,2.3205
3.91,-13.09,-999,2.1133,1.7914,2.4556
6.53,-13.09,-999,1.6997,1.3369,2.0838
9.16,-13.09,-999,1.437,1.1303,1.7535
11.81,-13.09,-999,1.1932,0.86876,1.5311
14.48,-13.09,-999,0.85388,0.60848,1.1176
17.19,-13.09,-999,0.54844,0.36907,0.74517
19.94,-13.09,-999,0.35117,0.22157,0.49823
22.74,-13.09,-999,0.24057,0.14316,0.35333
25.59,-13.09,-999,0.19466,0.11338,0.29369
28.52,-13.09,-999,0.19343,0.11536,0.29067
31.53,-13.09,-999,0.22791,0.13901,0.33396
34.64,-13.09,-999,0.29462,0.18959,0.41951
37.87,-13.09,-999,0.38521,0.25671,0.5305
41.25,-13.09,-999,0.51218,0.35318,0.69336
52.75,-13.09,-999,0.80234,0.67142,0.94254
62.55,-13.09,-999,0.74107,0.53556,0.97202
69.02,-13.09,-999,0.68664,0.48557,0.92002
-69.02,-10.58,-999,1.0895,0.77673,1.4537
-62.55,-10.58,-999,1.155,0.88866,1.4527
-57.32,-10.58,-999,1.1535,0.88067,1.46
-52.75,-10.58,-999,1.0645,0.81162,1.345
-48.63,-10.58,-999,0.98549,0.75209,1.2406
-44.82,-10.58,-999,0.87076,0.66067,1.0923
-41.25,-10.58,-999,0.93179,0.7598,1.1115
-37.87,-10.58,-999,0.81638,0.61669,1.0354
-34.64,-10.58,-999,0.82445,0.62615,1.0453
-31.53,-10.58,-999,0.86412,0.66383,1.0829
-28.52,-10.58,-999,0.92841,0.7169,1.1542
-25.59,-10.58,-999,1.015,0.79055,1.2574
-22.74,-10.58,-999,1.1122,0.86855,1.3718
-19.94,-10.58,-999,1.2245,0.96121,1.5093
-17.19,-10.58,-999,1.3452,1.0567,1.6566
-14.48,-10.58,-999,1.4639,1.1531,1.7994
-11.81,-10.58,-999,1.5771,1.24,1.933
-9.16,-10.58,-999,1.6508,1.299,2.0145
-6.53,-10.58,-999,1.7258,1.3671,2.1021
-3.91,-10.58,-999,1.8071,1.4344,2.2006
-1.3,-10.58,-999,1.8041,1.4094,2.2108
1.3,-10.58,-999,1.8536,1.445,2.2775
3.91,-10.58,-999,1.8219,1.4505,2.2034
6.53,-10.58,-999,1.7882,1.3653,2.2271
9.16,-10.58,-999,1.4981,1.1791,1.824
11.81,-10.58,-999,1.2168,0.89366,1.5532
14.48,-10.58,-999,0.85501,0.6105,1.118
17.19,-10.58,-999,0.54876,0.36887,0.74762
19.94,-10.58,-999,0.32577,0.20391,0.46562
22.74,-10.58,-999,0.21364,0.12436,0.31807
25.59,-10.58,-999,0.16805,0.094991,0.25938
28.52,-10.58,-999,0.16756,0.096403,0.25775
31.53,-10.58,-999,0.20278,0.12112,0.30329
34.64,-10.58,-999,0.27353,0.17239,0.39321
37.87,-10.58,-999,0.37782,0.24989,0.52481
41.25,-10.58,-999,0.50035,0.34252,0.67677
44.82,-10.58,-999,0.5965,0.41529,0.79065
62.55,-10.58,-999,0.77072,0.55595,1.0114
69.02,-10.58,-999,0.68404,0.48672,0.91074
-69.02,-8.07,-999,1.1016,0.7842,1.4711
-62.55,-8.07,-999,1.1493,0.88844,1.4443
-57.32,-8.07,-999,1.1434,0.87364,1.4428
-52.75,-8.07,-999,1.0589,0.80724,1.3373
-48.63,-8.07,-999,0.98254,0.74935,1.2371
-44.82,-8.07,-999,0.87551,0.66301,1.1002
-41.25,-8.07,-999,0.83412,0.62867,1.0552
-37.87,-8.07,-999,0.82265,0.61922,1.0473
-34.64,-8.07,-999,0.82891,0.62713,1.0579
-31.53,-8.07,-999,0.86416,0.65906,1.0907
-28.52,-8.07,-999,0.92444,0.71114,1.1529
-25.59,-8.07,-999,1.0078,0.78268,1.2506
-22.74,-8.07,-999,1.1076,0.86253,1.3707
-19.94,-8.07,-999,1.2206,0.95707,1.5098
-17.19,-8.07,-999,1.3389,1.0502,1.651
-14.48,-8.07,-999,1.4558,1.144,1.7905
-11.81,-8.07,-999,1.566,1.2288,1.9216
-9.16,-8.07,-999,1.6675,1.3091,2.0429
-6.53,-8.07,-999,1.658,1.293,2.0247
-3.91,-8.07,-999,1.7317,1.3568,2.1163
-1.3,-8.07,-999,1.8046,1.4145,2.2014
1.3,-8.07,-999,1.8629,1.4608,2.2928
3.91,-8.07,-999,1.9079,1.4771,2.3643
6.53,-8.07,-999,1.832,1.4069,2.275
9.16,-8.07,-999,1.5909,1.2125,1.9871
11.81,-8.07,-999,1.2532,0.92899,1.584
14.48,-8.07,-999,0.85036,0.61156,1.1049
17.19,-8.07,-999,0.52995,0.3604,0.72238
19.94,-8.07,-999,0.3187,0.19786,0.45838
22.74,-8.07,-999,0.19205,0.10985,0.29017
25.59,-8.07,-999,0.14615,0.079989,0.2286
28.52,-8.07,-999,0.14521,0.080414,0.22721
31.53,-8.07,-999,0.18163,0.10507,0.27659
34.64,-8.07,-999,0.25712,0.15843,0.3734
37.87,-8.07,-999,0.37189,0.24226,0.52123
41.25,-8.07,-999,0.51069,0.34644,0.6926
44.82,-8.07,-999,0.64633,0.45254,0.86425
48.63,-8.07,-999,0.79125,0.65695,0.93506
62.55,-8.07,-999,0.75658,0.54852,0.98738
69.02,-8.07,-999,0.69377,0.49181,0.92247
-69.02,-5.56,-999,1.09,0.77839,1.4511
-62.55,-5.56,-999,1.1412,0.87657,1.434
-57.32,-5.56,-999,1.1396,0.8691,1.4347
-52.75,-5.56,-999,1.0541,0.80304,1.3324
-48.63,-5.56,-999,0.97967,0.74732,1.2342
-44.82,-5.56,-999,0.87977,0.66422,1.1069
-41.25,-5.56,-999,0.84024,0.63165,1.0678
-37.87,-5.56,-999,0.82796,0.61916,1.0599
-34.64,-5.56,-999,0.83225,0.62264,1.0692
-31.53,-5.56,-999,0.8637,0.65406,1.0973
-28.52,-5.56,-999,0.91981,0.70544,1.1538
-25.59,-5.56,-999,1.0006,0.77517,1.2481
-22.74,-5.56,-999,1.1022,0.85669,1.3672
-19.94,-5.56,-999,1.2163,0.94769,1.5061
-17.19,-5.56,-999,1.3346,1.0426,1.6476
-14.48,-5.56,-999,1.4486,1.1342,1.7864
-11.81,-5.56,-999,1.5558,1.2185,1.9124
-9.16,-5.56,-999,1.5586,1.2144,1.9217
-6.53,-5.56,-999,1.6384,1.2816,2.0067
-3.91,-5.56,-999,1.7173,1.3444,2.0967
-1.3,-5.56,-999,1.794,1.4087,2.1826
1.3,-5.56,-999,1.8641,1.4628,2.2874
3.91,-5.56,-999,1.9223,1.4942,2.3696
6.53,-5.56,-999,1.8493,1.4295,2.2876
9.16,-5.56,-999,1.6113,1.2362,1.9982
11.81,-5.56,-999,1.2445,0.93391,1.5641
14.48,-5.56,-999,0.8001,0.63628,0.97066
17.19,-5.56,-999,0.51243,0.35118,0.69729
19.94,-5.56,-999,0.29865,0.18528,0.42885
22.74,-5.56,-999,0.17442,0.099308,0.26434
25.59,-5.56,-999,0.1297,0.069255,0.20519
28.52,-5.56,-999,0.12862,0.069353,0.20234
31.53,-5.56,-999,0.16479,0.093192,0.25509
34.64,-5.56,-999,0.24253,0.14718,0.35594
37.87,-5.56,-999,0.36095,0.23079,0.51065
41.25,-5.56,-999,0.51376,0.34305,0.70104
44.82,-5.56,-999,0.65871,0.4594,0.88098
48.63,-5.56,-999,0.87964,0.73084,1.0323
62.55,-5.56,-999,0.69632,0.49957,0.91254
69.02,-5.56,-999,0.66351,0.47755,0.87358
-69.02,-3.05,-999,1.1053,0.78862,1.4692
-62.55,-3.05,-999,1.1242,0.86646,1.4122
-57.32,-3.05,-999,1.131,0.86644,1.4199
-52.75,-3.05,-999,1.0764,0.81631,1.3553
-48.63,-3.05,-999,0.97736,0.74326,1.2332
-44.82,-3.05,-999,0.88359,0.66612,1.1154
-41.25,-3.05,-999,0.84566,0.63326,1.0784
-37.87,-3.05,-999,0.83248,0.61655,1.0707
-34.64,-3.05,-999,0.83656,0.62144,1.0798
-31.53,-3.05,-999,0.86261,0.64804,1.1023
-28.52,-3.05,-999,0.91498,0.69866,1.1539
-25.59,-3.05,-999,0.99293,0.76626,1.2384
-22.74,-3.05,-999,1.094,0.84662,1.3606
-19.94,-3.05,-999,1.2116,0.94001,1.5042
-17.19,-3.05,-999,1.3313,1.0365,1.6449
-14.48,-3.05,-999,1.4449,1.1277,1.7864
-11.81,-3.05,-999,1.4585,1.1288,1.807
-9.16,-3.05,-999,1.5399,1.1975,1.8993
-6.53,-3.05,-999,1.6171,1.2637,1.9864
-3.91,-3.05,-999,1.6967,1.3225,2.0763
-1.3,-3.05,-999,1.7777,1.396,2.166
1.3,-3.05,-999,1.8632,1.4682,2.2841
3.91,-3.05,-999,1.9188,1.4998,2.3592
6.53,-3.05,-999,1.8521,1.4467,2.2784
9.16,-3.05,-999,1.6099,1.2473,1.9882
11.81,-3.05,-999,1.1756,0.95229,1.4018
14.48,-3.05,-999,0.78212,0.63146,0.93966
17.19,-3.05,-999,0.49614,0.3383,0.67378
19.94,-3.05,-999,0.2823,0.17596,0.40559
22.74,-3.05,-999,0.17014,0.095375,0.26186
25.59,-3.05,-999,0.11756,0.061677,0.18603
28.52,-3.05,-999,0.11626,0.060635,0.18501
31.53,-3.05,-999,0.15187,0.084194,0.23641
34.64,-3.05,-999,0.23078,0.13724,0.34203
37.87,-3.05,-999,0.35503,0.22317,0.50472
41.25,-3.05,-999,0.51613,0.34071,0.70619
44.82,-3.05,-999,0.65808,0.4537,0.88147
48.63,-3.05,-999,0.8592,0.71151,1.015
57.32,-3.05,-999,0.95467,0.7983,1.1257
62.55,-3.05,-999,0.69682,0.49896,0.91431
69.02,-3.05,-999,0.69723,0.49569,0.92119
-69.02,-0.54,-999,1.1088,0.79433,1.4714
-62.55,-0.54,-999,1.1161,0.86365,1.4009
-57.32,-0.54,-999,1.1237,0.86521,1.4057
-52.75,-0.54,-999,1.0635,0.80929,1.3364
-48.63,-0.54,-999,0.99921,0.75369,1.2604
-44.82,-0.54,-999,0.88689,0.66581,1.1245
-41.25,-0.54,-999,0.85102,0.63137,1.0895
-37.87,-0.54,-999,0.83601,0.61367,1.0844
-34.64,-0.54,-999,0.83811,0.6176,1.087
-31.53,-0.54,-999,0.8607,0.64004,1.1085
-28.52,-0.54,-999,0.90895,0.68866,1.1535
-25.59,-0.54,-999,0.98422,0.75429,1.2365
-22.74,-0.54,-999,1.0851,0.83474,1.3575
-19.94,-0.54,-999,1.2049,0.92994,1.4968
-17.19,-0.54,-999,1.3292,1.032,1.646
-14.48,-0.54,-999,1.3567,1.0439,1.6937
-11.81,-0.54,-999,1.4441,1.118,1.7943
-9.16,-0.54,-999,1.5211,1.1836,1.8785
-6.53,-0.54,-999,1.5944,1.2429,1.9658
-3.91,-0.54,-999,1.6726,1.305,2.0546
-1.3,-0.54,-999,1.7598,1.3792,2.1553
1.3,-0.54,-999,1.8458,1.4506,2.2587
3.91,-0.54,-999,1.8988,1.492,2.3258
6.53,-0.54,-999,1.8356,1.4486,2.2456
9.16,-0.54,-999,1.5938,1.2498,1.9527
11.81,-0.54,-999,1.1588,0.94844,1.3726
14.48,-0.54,-999,0.81101,0.59686,1.0476
17.19,-0.54,-999,0.48028,0.32778,0.65059
19.94,-0.54,-999,0.26906,0.16816,0.38619
22.74,-0.54,-999,0.15885,0.088566,0.24571
25.59,-0.54,-999,0.11339,0.05949,0.18102
28.52,-0.54,-999,0.10748,0.054809,0.17296
31.53,-0.54,-999,0.14233,0.077905,0.22261
34.64,-0.54,-999,0.21924,0.12801,0.32866
37.87,-0.54,-999,0.33979,0.21091,0.48488
41.25,-0.54,-999,0.505,0.33364,0.69417
44.82,-0.54,-999,0.66925,0.46312,0.89297
48.63,-0.54,-999,0.87055,0.7171,1.0328
57.32,-0.54,-999,0.8729,0.6292,1.1415
62.55,-0.54,-999,0.69812,0.50153,0.91682
69.02,-0.54,-999,0.67551,0.48384,0.88915
-69.02,1.97,-999,1.093,0.77897,1.4497
-62.55,1.97,-999,1.1101,0.86242,1.3886
-57.32,1.97,-999,1.1068,0.8555,1.384
-52.75,1.97,-999,1.0582,0.80863,1.3299
-48.63,1.97,-999,0.9963,0.75401,1.2558
-44.82,1.97,-999,0.88955,0.66636,1.1313
-41.25,1.97,-999,0.85481,0.6309,1.099
-37.87,1.97,-999,0.83815,0.61441,1.0931
-34.64,1.97,-999,0.84045,0.61316,1.0971
-31.53,1.97,-999,0.85795,0.62902,1.1103
-28.52,1.97,-999,0.90235,0.6796,1.1501
-25.59,1.97,-999,0.97509,0.74204,1.2336
-22.74,1.97,-999,1.0762,0.82585,1.3507
-19.94,1.97,-999,1.1975,0.91945,1.4959
-17.19,1.97,-999,1.324,1.0232,1.6484
-14.48,1.97,-999,1.3464,1.0356,1.6872
-11.81,1.97,-999,1.4304,1.1038,1.7851
-9.16,1.97,-999,1.502,1.1669,1.8628
-6.53,1.97,-999,1.5701,1.2176,1.9437
-3.91,1.97,-999,1.6451,1.2815,2.0368
-1.3,1.97,-999,1.7324,1.3542,2.1284
1.3,1.97,-999,1.8206,1.4305,2.2231
3.91,1.97,-999,1.8772,1.481,2.2903
6.53,1.97,-999,1.803,1.4281,2.1966
9.16,1.97,-999,1.562,1.2356,1.9063
11.81,1.97,-999,1.3207,1.1554,1.498
14.48,1.97,-999,0.78945,0.58271,1.0194
17.19,1.97,-999,0.46525,0.31865,0.6321
19.94,1.97,-999,0.25565,0.1586,0.37195
22.74,1.97,-999,0.15076,0.084401,0.23205
25.59,1.97,-999,0.10584,0.055464,0.16993
28.52,1.97,-999,0.10471,0.053342,0.16896
31.53,1.97,-999,0.13971,0.074981,0.22075
34.64,1.97,-999,0.20638,0.11926,0.31281
37.87,1.97,-999,0.33145,0.20559,0.47694
41.25,1.97,-999,0.57464,0.45847,0.70415
44.82,1.97,-999,0.77012,0.63309,0.91459
48.63,1.97,-999,0.87169,0.67417,1.0884
52.75,1.97,-999,0.93475,0.77499,1.1032
62.55,1.97,-999,0.70234,0.50428,0.91792
69.02,1.97,-999,0.66275,0.47604,0.8688
-69.02,4.48,-999,1.0176,0.7214,1.3577
-62.55,4.48,-999,1.1071,0.86092,1.383
-57.32,4.48,-999,1.1014,0.85472,1.3721
-52.75,4.48,-999,1.0526,0.80543,1.3212
-48.63,4.48,-999,0.99252,0.75277,1.2494
-44.82,4.48,-999,0.94217,0.70686,1.1996
-41.25,4.48,-999,0.85794,0.62907,1.1082
-37.87,4.48,-999,0.84068,0.60957,1.1021
-34.64,4.48,-999,0.84082,0.606,1.1048
-31.53,4.48,-999,0.85515,0.62037,1.1146
-28.52,4.48,-999,0.89483,0.6652,1.1481
-25.59,4.48,-999,0.96531,0.7317,1.2261
-22.74,4.48,-999,1.0669,0.81415,1.3431
-19.94,4.48,-999,1.1913,0.91028,1.4931
-17.19,4.48,-999,1.2385,0.94342,1.5612
-14.48,4.48,-999,1.3377,1.0251,1.6803
-11.81,4.48,-999,1.4178,1.0894,1.773
-9.16,4.48,-999,1.4834,1.1485,1.8507
-6.53,4.48,-999,1.5448,1.1932,1.9217
-3.91,4.48,-999,1.6144,1.256,2.005
-1.3,4.48,-999,1.6991,1.3231,2.0934
1.3,4.48,-999,1.7923,1.4065,2.1994
3.91,4.48,-999,1.8383,1.4563,2.2388
6.53,4.48,-999,1.7571,1.3984,2.1387
9.16,4.48,-999,1.5167,1.2051,1.8508
11.81,4.48,-999,1.0945,0.9067,1.288
14.48,4.48,-999,0.76471,0.5656,0.99299
17.19,4.48,-999,0.45117,0.30971,0.61463
19.94,4.48,-999,0.24726,0.15341,0.35898
22.74,4.48,-999,0.14565,0.081723,0.22474
25.59,4.48,-999,0.10098,0.05235,0.16312
28.52,4.48,-999,0.099447,0.05023,0.16096
31.53,4.48,-999,0.11851,0.077293,0.16724
34.64,4.48,-999,0.19945,0.11407,0.3018
37.87,4.48,-999,0.35535,0.24362,0.47798
41.25,4.48,-999,0.57095,0.45574,0.69824
44.82,4.48,-999,0.69431,0.47926,0.92825
48.63,4.48,-999,0.85421,0.61276,1.1305
52.75,4.48,-999,0.96325,0.80399,1.133
62.55,4.48,-999,0.716,0.51455,0.93994
69.02,4.48,-999,0.65414,0.47037,0.85998
-69.02,6.99,-999,0.99051,0.70373,1.316
-62.55,6.99,-999,1.1099,0.8652,1.3858
-57.32,6.99,-999,1.0983,0.8525,1.3639
-52.75,6.99,-999,1.0485,0.80346,1.3131
-48.63,6.99,-999,0.98948,0.75054,1.2452
-44.82,6.99,-999,0.94189,0.70713,1.1988
-41.25,6.99,-999,0.86076,0.62793,1.119
-37.87,6.99,-999,0.84321,0.60468,1.1108
-34.64,6.99,-999,0.84053,0.59878,1.1108
-31.53,6.99,-999,0.85112,0.60848,1.1187
-28.52,6.99,-999,0.8867,0.65291,1.1415
-25.59,6.99,-999,0.95507,0.71854,1.2172
-22.74,6.99,-999,1.057,0.80125,1.3369
-19.94,6.99,-999,1.1138,0.83984,1.4146
-17.19,6.99,-999,1.2321,0.9389,1.5578
-14.48,6.99,-999,1.3301,1.0211,1.6719
-11.81,6.99,-999,1.4063,1.0803,1.7627
-9.16,6.99,-999,1.465,1.128,1.8343
-6.53,6.99,-999,1.4501,1.189,1.7236
-3.91,6.99,-999,1.5813,1.2234,1.9744
-1.3,6.99,-999,1.6609,1.29,2.0587
1.3,6.99,-999,1.7469,1.3697,2.1453
3.91,6.99,-999,1.7875,1.412,2.1733
6.53,6.99,-999,1.642,1.3602,1.9302
9.16,6.99,-999,1.4607,1.1643,1.7925
11.81,6.99,-999,1.1066,0.85857,1.3846
14.48,6.99,-999,0.73788,0.54249,0.96538
17.19,6.99,-999,0.43864,0.29836,0.60296
19.94,6.99,-999,0.24151,0.15002,0.35213
22.74,6.99,-999,0.13544,0.075722,0.20838
25.59,6.99,-999,0.098322,0.0507,0.15686
28.52,6.99,-999,0.084699,0.054238,0.11941
31.53,6.99,-999,0.11191,0.073429,0.15732
34.64,6.99,-999,0.18419,0.1249,0.25292
37.87,6.99,-999,0.34795,0.23869,0.46962
41.25,6.99,-999,0.46037,0.34639,0.58745
44.82,6.99,-999,0.70148,0.48422,0.93889
48.63,6.99,-999,0.8617,0.61854,1.1412
52.75,6.99,-999,0.98696,0.82839,1.1493
57.32,6.99,-999,0.80387,0.58374,1.0568
62.55,6.99,-999,0.79026,0.56137,1.04
69.02,6.99,-999,0.65395,0.46907,0.85903
-69.02,9.5,-999,0.99376,0.708,1.3201
-62.55,9.5,-999,1.0854,0.84822,1.3521
-57.32,9.5,-999,1.1727,0.86042,1.5154
-52.75,9.5,-999,1.0469,0.80371,1.3083
-48.63,9.5,-999,0.98751,0.74999,1.2433
-44.82,9.5,-999,0.94579,0.70879,1.2028
-41.25,9.5,-999,0.91341,0.67085,1.1849
-37.87,9.5,-999,0.84547,0.60239,1.1211
-34.64,9.5,-999,0.84071,0.58992,1.1219
-31.53,9.5,-999,0.84705,0.59918,1.1208
-28.52,9.5,-999,0.87791,0.64186,1.1381
-25.59,9.5,-999,0.94358,0.70496,1.2087
-22.74,9.5,-999,1.0462,0.78428,1.3325
-19.94,9.5,-999,1.1024,0.83137,1.4007
-17.19,9.5,-999,1.2266,0.93409,1.5564
-14.48,9.5,-999,1.3242,1.0143,1.6699
-11.81,9.5,-999,1.3969,1.067,1.757
-9.16,9.5,-999,1.4475,1.1096,1.8161
-6.53,9.5,-999,1.4924,1.1453,1.8753
-3.91,9.5,-999,1.5471,1.1896,1.9411
-1.3,9.5,-999,1.6197,1.2529,2.0237
1.3,9.5,-999,1.6981,1.3272,2.092
3.91,9.5,-999,1.7358,1.3721,2.1243
6.53,9.5,-999,1.6473,1.3216,2.0054
9.16,9.5,-999,1.3978,1.1121,1.7182
11.81,9.5,-999,1.0565,0.81504,1.3289
14.48,9.5,-999,0.71084,0.51901,0.93597
17.19,9.5,-999,0.41951,0.28327,0.58168
19.94,9.5,-999,0.23897,0.1489,0.35021
22.74,9.5,-999,0.13333,0.074978,0.20595
25.59,9.5,-999,0.082932,0.054227,0.11527
28.52,9.5,-999,0.081051,0.052251,0.11373
31.53,9.5,-999,0.12264,0.066181,0.19393
34.64,9.5,-999,0.1787,0.1216,0.2443
37.87,9.5,-999,0.33087,0.20339,0.47959
41.25,9.5,-999,0.48891,0.31627,0.67865
44.82,9.5,-999,0.69812,0.48084,0.93585
48.63,9.5,-999,0.85579,0.61034,1.1327
52.75,9.5,-999,0.91417,0.66855,1.1943
57.32,9.5,-999,0.82747,0.60614,1.0749
62.55,9.5,-999,0.77925,0.55428,1.0258
69.02,9.5,-999,0.64361,0.46101,0.84778
-62.55,12.01,-999,1.0957,0.85793,1.3637
-57.32,12.01,-999,1.0478,0.83919,1.2792
-52.75,12.01,-999,1.0478,0.80436,1.3071
-48.63,12.01,-999,0.99016,0.75103,1.2455
-44.82,12.01,-999,0.94304,0.70743,1.1981
-41.25,12.01,-999,0.91161,0.67025,1.1819
-37.87,12.01,-999,0.89514,0.63679,1.1895
-34.64,12.01,-999,0.84048,0.58314,1.1343
-31.53,12.01,-999,0.84374,0.59077,1.1312
-28.52,12.01,-999,0.84551,0.60815,1.1098
-25.59,12.01,-999,0.90671,0.67032,1.1713
-22.74,12.01,-999,0.9713,0.72045,1.2503
-19.94,12.01,-999,1.0914,0.82138,1.3928
-17.19,12.01,-999,1.219,0.92701,1.5474
-14.48,12.01,-999,1.3189,1.0083,1.6589
-11.81,12.01,-999,1.3873,1.0585,1.7527
-9.16,12.01,-999,1.4317,1.0947,1.8031
-6.53,12.01,-999,1.4687,1.1223,1.8497
-3.91,12.01,-999,1.5137,1.16,1.9086
-1.3,12.01,-999,1.578,1.2155,1.9824
1.3,12.01,-999,1.6454,1.2828,2.0359
3.91,12.01,-999,1.6694,1.3187,2.0457
6.53,12.01,-999,1.5745,1.2555,1.9199
9.16,12.01,-999,1.3586,1.0762,1.675
11.81,12.01,-999,1.0006,0.76388,1.2765
14.48,12.01,-999,0.6494,0.50591,0.80816
17.19,12.01,-999,0.41194,0.27619,0.57877
19.94,12.01,-999,0.20757,0.15037,0.27246
22.74,12.01,-999,0.1187,0.082101,0.16024
25.59,12.01,-999,0.10916,0.062619,0.16757
28.52,12.01,-999,0.10635,0.060837,0.16267
31.53,12.01,-999,0.12092,0.064838,0.19095
34.64,12.01,-999,0.19298,0.11143,0.29272
37.87,12.01,-999,0.3193,0.19456,0.46411
41.25,12.01,-999,0.48023,0.30746,0.6719
44.82,12.01,-999,0.68843,0.47349,0.92801
48.63,12.01,-999,0.85754,0.614,1.1281
52.75,12.01,-999,0.92644,0.68076,1.2076
57.32,12.01,-999,0.94569,0.80596,1.0905
62.55,12.01,-999,0.75838,0.54676,0.99211
69.02,12.01,-999,0.6325,0.44995,0.83716
-62.55,14.52,-999,1.1074,0.86362,1.3772
-57.32,14.52,-999,1.2198,1.0188,1.4367
-52.75,14.52,-999,1.0419,0.80111,1.2998
-48.63,14.52,-999,0.98594,0.74834,1.2384
-44.82,14.52,-999,0.94031,0.7059,1.1953
-41.25,14.52,-999,0.90975,0.66661,1.1804
-37.87,14.52,-999,0.89335,0.63423,1.1898
-34.64,14.52,-999,0.81038,0.5505,1.1123
-31.53,14.52,-999,0.80884,0.55884,1.0935
-28.52,14.52,-999,0.83016,0.59527,1.09
-25.59,14.52,-999,0.8886,0.65204,1.146
-22.74,14.52,-999,0.98957,0.73608,1.2712
-19.94,14.52,-999,1.0789,0.80963,1.3784
-17.19,14.52,-999,1.2101,0.92081,1.5338
-14.48,14.52,-999,1.3134,1.003,1.6525
-11.81,14.52,-999,1.3791,1.0513,1.7472
-9.16,14.52,-999,1.4165,1.0794,1.7866
-6.53,14.52,-999,1.4452,1.1017,1.8223
-3.91,14.52,-999,1.4842,1.1372,1.8771
-1.3,14.52,-999,1.5412,1.1855,1.9409
1.3,14.52,-999,1.5955,1.2446,1.9786
3.91,14.52,-999,1.6025,1.2613,1.9675
6.53,14.52,-999,1.4485,1.1989,1.7033
9.16,14.52,-999,1.2893,1.006,1.6101
11.81,14.52,-999,0.93826,0.7515,1.1373
17.19,14.52,-999,0.39296,0.29077,0.50829
19.94,14.52,-999,0.20943,0.15048,0.27554
22.74,14.52,-999,0.13563,0.077116,0.21114
25.59,14.52,-999,0.085185,0.056166,0.1182
28.52,14.52,-999,0.082225,0.053647,0.11475
31.53,14.52,-999,0.10695,0.072559,0.14594
34.64,14.52,-999,0.21154,0.13913,0.29284
37.87,14.52,-999,0.33548,0.2335,0.44957
41.25,14.52,-999,0.49028,0.31252,0.68759
44.82,14.52,-999,0.66892,0.45485,0.90794
48.63,14.52,-999,0.85125,0.60692,1.1219
52.75,14.52,-999,0.91488,0.66527,1.1908
57.32,14.52,-999,0.87477,0.64518,1.1296
62.55,14.52,-999,0.83785,0.70491,0.98389
69.02,14.52,-999,0.62022,0.43784,0.82578
-62.55,17.03,-999,1.1019,0.85996,1.3686
-57.32,17.03,-999,1.0872,0.84736,1.3479
-52.75,17.03,-999,1.0362,0.79694,1.2911
-48.63,17.03,-999,0.98174,0.74487,1.2339
-44.82,17.03,-999,0.9375,0.7029,1.1927
-41.25,17.03,-999,0.90775,0.6645,1.1791
-37.87,17.03,-999,0.81372,0.56578,1.0999
-34.64,17.03,-999,0.80278,0.54285,1.1073
-31.53,17.03,-999,0.79793,0.54871,1.0818
-28.52,17.03,-999,0.81532,0.58418,1.0698
-25.59,17.03,-999,0.87162,0.63908,1.1248
-22.74,17.03,-999,0.9722,0.72139,1.2524
-19.94,17.03,-999,1.0663,0.80062,1.3613
-17.19,17.03,-999,1.2011,0.91507,1.5247
-14.48,17.03,-999,1.3053,0.99464,1.6424
-11.81,17.03,-999,1.3696,1.0464,1.7311
-9.16,17.03,-999,1.4032,1.07,1.7679
-6.53,17.03,-999,1.427,1.0856,1.7985
-3.91,17.03,-999,1.4587,1.1174,1.8465
-1.3,17.03,-999,1.5065,1.1612,1.8932
1.3,17.03,-999,1.5524,1.2083,1.9281
3.91,17.03,-999,1.4814,1.2392,1.7337
6.53,17.03,-999,1.367,1.1279,1.62
14.48,17.03,-999,0.61352,0.43775,0.82885
19.94,17.03,-999,0.21468,0.13294,0.32283
22.74,17.03,-999,0.14609,0.083087,0.22782
25.59,17.03,-999,0.12795,0.08847,0.17551
28.52,17.03,-999,0.097006,0.050286,0.15566
31.53,17.03,-999,0.10774,0.074516,0.14592
34.64,17.03,-999,0.2215,0.16474,0.28204
37.87,17.03,-999,0.32062,0.22398,0.42924
41.25,17.03,-999,0.47281,0.30227,0.66645
44.82,17.03,-999,0.64918,0.43906,0.88784
48.63,17.03,-999,0.83324,0.58889,1.104
52.75,17.03,-999,0.91353,0.66552,1.1852
57.32,17.03,-999,0.87578,0.64692,1.1266
62.55,17.03,-999,0.73993,0.53579,0.96406
69.02,17.03,-999,0.60989,0.4277,0.81676
-62.55,19.54,-999,1.0732,0.84476,1.3295
-57.32,19.54,-999,1.0747,0.84051,1.332
-52.75,19.54,-999,1.0241,0.79018,1.2741
-48.63,19.54,-999,0.97821,0.74297,1.229
-44.82,19.54,-999,0.93507,0.70126,1.1894
-41.25,19.54,-999,0.90596,0.66285,1.1773
-37.87,19.54,-999,0.80737,0.5633,1.089
-34.64,19.54,-999,0.79509,0.53721,1.0982
-31.53,19.54,-999,0.78743,0.54114,1.0679
-28.52,19.54,-999,0.80216,0.57485,1.0508
-25.59,19.54,-999,0.85605,0.62972,1.106
-22.74,19.54,-999,0.95566,0.70559,1.2303
-19.94,19.54,-999,1.0514,0.78922,1.3422
-17.19,19.54,-999,1.1876,0.90467,1.5048
-14.48,19.54,-999,1.2966,0.98637,1.6262
-11.81,19.54,-999,1.3626,1.0372,1.7165
-9.16,19.54,-999,1.3919,1.0657,1.7511
-6.53,19.54,-999,1.4108,1.0763,1.7714
-3.91,19.54,-999,1.4377,1.1019,1.817
-1.3,19.54,-999,1.4793,1.1436,1.853
1.3,19.54,-999,1.5185,1.1788,1.8877
3.91,19.54,-999,1.5023,1.1831,1.8554
17.19,19.54,-999,0.32774,0.23711,0.42753
22.74,19.54,-999,0.14604,0.084219,0.22362
25.59,19.54,-999,0.10537,0.057452,0.16712
28.52,19.54,-999,0.13544,0.093088,0.18571
31.53,19.54,-999,0.14256,0.088883,0.20748
34.64,19.54,-999,0.17909,0.10179,0.27217
37.87,19.54,-999,0.28289,0.1679,0.41834
41.25,19.54,-999,0.44252,0.28064,0.6269
44.82,19.54,-999,0.66361,0.44806,0.90278
48.63,19.54,-999,0.8126,0.57099,1.0767
52.75,19.54,-999,0.9061,0.65928,1.1747
57.32,19.54,-999,0.87636,0.64785,1.1256
62.55,19.54,-999,0.7402,0.54,0.96583
69.02,19.54,-999,0.60417,0.42217,0.81396
-62.55,22.05,-999,1.0604,0.8356,1.3097
-57.32,22.05,-999,1.0614,0.82927,1.3137
-52.75,22.05,-999,1.0171,0.78373,1.2646
-48.63,22.05,-999,0.96801,0.73538,1.2143
-44.82,22.05,-999,0.92611,0.69622,1.1795
-41.25,22.05,-999,0.82106,0.5923,1.0759
-37.87,22.05,-999,0.80066,0.56134,1.0765
-34.64,22.05,-999,0.78748,0.53453,1.0829
-31.53,22.05,-999,0.778,0.53607,1.0544
-28.52,22.05,-999,0.7905,0.56952,1.0337
-25.59,22.05,-999,0.84249,0.61986,1.0898
-22.74,22.05,-999,0.94057,0.69153,1.2111
-19.94,22.05,-999,1.0797,0.81197,1.3728
-17.19,22.05,-999,1.1746,0.89551,1.4832
-14.48,22.05,-999,1.2851,0.98189,1.6098
-11.81,22.05,-999,1.3509,1.0291,1.7
-9.16,22.05,-999,1.3826,1.057,1.7409
-6.53,22.05,-999,1.4024,1.067,1.764
-3.91,22.05,-999,1.425,1.0908,1.7995
-1.3,22.05,-999,1.4607,1.1275,1.8304
1.3,22.05,-999,1.4895,1.159,1.8497
3.91,22.05,-999,1.4638,1.143,1.8182
14.48,22.05,-999,0.56257,0.43238,0.70311
17.19,22.05,-999,0.3999,0.27276,0.55931
22.74,22.05,-999,0.1238,0.085779,0.16781
25.59,22.05,-999,0.088792,0.058649,0.12522
28.52,22.05,-999,0.10774,0.061031,0.16941
31.53,22.05,-999,0.15876,0.11136,0.2152
34.64,22.05,-999,0.17284,0.097632,0.26242
37.87,22.05,-999,0.30743,0.23293,0.38969
41.25,22.05,-999,0.42161,0.26674,0.60077
44.82,22.05,-999,0.62735,0.42074,0.85727
48.63,22.05,-999,0.78668,0.54767,1.0421
52.75,22.05,-999,0.89305,0.64441,1.1602
57.32,22.05,-999,0.8756,0.647,1.1266
62.55,22.05,-999,0.74318,0.54497,0.96921
69.02,22.05,-999,0.60297,0.42074,0.81482
-69.02,24.56,-999,1.0119,0.71569,1.352
-62.55,24.56,-999,1.0535,0.83062,1.2992
-57.32,24.56,-999,1.0525,0.82113,1.302
-52.75,24.56,-999,1.0093,0.77676,1.2535
-48.63,24.56,-999,0.96241,0.73049,1.2063
-44.82,24.56,-999,0.92414,0.69467,1.1777
-41.25,24.56,-999,0.81484,0.59069,1.0651
-37.87,24.56,-999,0.79386,0.5597,1.0634
-34.64,24.56,-999,0.78001,0.53491,1.0647
-31.53,24.56,-999,0.77001,0.53543,1.0376
-28.52,24.56,-999,0.78134,0.5659,1.0178
-25.59,24.56,-999,0.83142,0.61422,1.0734
-22.74,24.56,-999,0.92808,0.6826,1.1964
-19.94,24.56,-999,1.0657,0.80333,1.3548
-17.19,24.56,-999,1.1626,0.8855,1.4617
-14.48,24.56,-999,1.2743,0.97202,1.601
-11.81,24.56,-999,1.3418,1.021,1.6873
-9.16,24.56,-999,1.3734,1.0495,1.7305
-6.53,24.56,-999,1.3908,1.0578,1.753
-3.91,24.56,-999,1.4149,1.0846,1.7868
-1.3,24.56,-999,1.4533,1.1135,1.8194
1.3,24.56,-999,1.469,1.136,1.8261
3.91,24.56,-999,1.46,1.133,1.8163
17.19,24.56,-999,0.41429,0.28485,0.5751
19.94,24.56,-999,0.26971,0.17408,0.39013
25.59,24.56,-999,0.10382,0.070774,0.1431
31.53,24.56,-999,0.1414,0.086927,0.2105
34.64,24.56,-999,0.14617,0.10297,0.19694
37.87,24.56,-999,0.23083,0.16318,0.31031
41.25,24.56,-999,0.39401,0.24864,0.56507
44.82,24.56,-999,0.59728,0.39999,0.81893
48.63,24.56,-999,0.76897,0.53309,1.028
52.75,24.56,-999,0.87616,0.62766,1.1395
57.32,24.56,-999,0.86331,0.63795,1.1073
62.55,24.56,-999,0.74926,0.55146,0.97698
69.02,24.56,-999,0.60689,0.42327,0.81977
-69.02,27.07,-999,0.99048,0.69895,1.3161
-62.55,27.07,-999,1.0493,0.82593,1.2941
-57.32,27.07,-999,1.0453,0.81591,1.2912
-52.75,27.07,-999,1.0031,0.77257,1.2441
-48.63,27.07,-999,0.95593,0.72416,1.1978
-44.82,27.07,-999,0.91958,0.69136,1.1697
-41.25,27.07,-999,0.80873,0.58933,1.055
-37.87,27.07,-999,0.78736,0.55762,1.0506
-34.64,27.07,-999,0.77307,0.53659,1.0491
-31.53,27.07,-999,0.76337,0.53693,1.0179
-28.52,27.07,-999,0.77425,0.56446,1.0019
-25.59,27.07,-999,0.82346,0.60761,1.0621
-22.74,27.07,-999,0.9183,0.67807,1.1881
-19.94,27.07,-999,1.0547,0.79402,1.3393
-17.19,27.07,-999,1.1515,0.87765,1.4456
-14.48,27.07,-999,1.2663,0.96193,1.5941
-11.81,27.07,-999,1.3349,1.0141,1.6856
-9.16,27.07,-999,1.3696,1.0468,1.728
-6.53,27.07,-999,1.387,1.0562,1.7542
-3.91,27.07,-999,1.4077,1.0798,1.7747
-1.3,27.07,-999,1.4361,1.1003,1.8054
1.3,27.07,-999,1.4657,1.1285,1.8245
9.16,27.07,-999,1.0314,0.84302,1.236
11.81,27.07,-999,0.79299,0.63873,0.9598
14.48,27.07,-999,0.6628,0.48184,0.88216
17.19,27.07,-999,0.4602,0.34882,0.59024
19.94,27.07,-999,0.23691,0.18057,0.30323
37.87,27.07,-999,0.23691,0.13883,0.35484
41.25,27.07,-999,0.37722,0.23757,0.54059
44.82,27.07,-999,0.5265,0.34712,0.73133
48.63,27.07,-999,0.73143,0.50604,0.97653
52.75,27.07,-999,0.8509,0.60881,1.1153
57.32,27.07,-999,0.86171,0.63609,1.1012
62.55,27.07,-999,0.85391,0.71855,0.99808
69.02,27.07,-999,0.61442,0.42864,0.82909
-69.02,29.58,-999,0.9705,0.68342,1.2952
-62.55,29.58,-999,1.0467,0.82281,1.2907
-57.32,29.58,-999,1.0385,0.80943,1.2836
-52.75,29.58,-999,0.99674,0.76766,1.2381
-48.63,29.58,-999,0.95217,0.72159,1.1927
-44.82,29.58,-999,0.9141,0.6883,1.1627
-41.25,29.58,-999,0.80265,0.58826,1.0442
-37.87,29.58,-999,0.78075,0.55757,1.0373
-34.64,29.58,-999,0.76681,0.54045,1.0324
-31.53,29.58,-999,0.75822,0.53954,1.0041
-28.52,29.58,-999,0.76929,0.5647,0.99373
-25.59,29.58,-999,0.81818,0.60458,1.0548
-22.74,29.58,-999,0.91216,0.6742,1.1779
-19.94,29.58,-999,1.0465,0.78759,1.3342
-17.19,29.58,-999,1.1932,0.91071,1.5005
-14.48,29.58,-999,1.2555,0.95365,1.5863
-11.81,29.58,-999,1.3296,1.0114,1.681
-9.16,29.58,-999,1.37,1.0445,1.7299
-6.53,29.58,-999,1.3885,1.0622,1.7564
-3.91,29.58,-999,1.4111,1.0772,1.7851
-1.3,29.58,-999,1.4411,1.0967,1.8167
1.3,29.58,-999,1.4445,1.1028,1.8187
6.53,29.58,-999,1.4146,1.1849,1.667
9.16,29.58,-999,1.2126,1.0028,1.4436
11.81,29.58,-999,0.95794,0.77636,1.1592
14.48,29.58,-999,0.69639,0.54792,0.86693
37.87,29.58,-999,0.23723,0.1394,0.35624
41.25,29.58,-999,0.36098,0.22677,0.5159
44.82,29.58,-999,0.48948,0.32241,0.67997
48.63,29.58,-999,0.68805,0.47524,0.92089
52.75,29.58,-999,0.82117,0.58682,1.0742
57.32,29.58,-999,0.86668,0.64057,1.1098
62.55,29.58,-999,0.76827,0.56714,0.99541
69.02,29.58,-999,0.62513,0.43761,0.84296
-69.02,32.09,-999,0.96396,0.67635,1.2881
-62.55,32.09,-999,1.0447,0.8201,1.2895
-57.32,32.09,-999,1.0334,0.80555,1.2776
-52.75,32.09,-999,0.99231,0.7646,1.2327
-48.63,32.09,-999,0.94753,0.7179,1.1872
-44.82,32.09,-999,0.83095,0.61526,1.0658
-41.25,32.09,-999,0.79685,0.58634,1.0327
-37.87,32.09,-999,0.77457,0.55773,1.0197
-34.64,32.09,-999,0.76076,0.54145,1.0142
-31.53,32.09,-999,0.75404,0.54405,0.98956
-28.52,32.09,-999,0.76577,0.56656,0.98847
-25.59,32.09,-999,0.81507,0.60475,1.0475
-22.74,32.09,-999,0.91005,0.67293,1.1746
-19.94,32.09,-999,1.0354,0.77745,1.3217
-17.19,32.09,-999,1.1863,0.90734,1.4931
-14.48,32.09,-999,1.2483,0.9452,1.5743
-11.81,32.09,-999,1.3244,1.0027,1.679
-9.16,32.09,-999,1.3672,1.0393,1.7266
-6.53,32.09,-999,1.3947,1.065,1.7632
-3.91,32.09,-999,1.426,1.0867,1.8006
-1.3,32.09,-999,1.4433,1.092,1.8169
1.3,32.09,-999,1.3408,1.1065,1.6011
11.81,32.09,-999,0.98007,0.79878,1.1819
37.87,32.09,-999,0.22229,0.13018,0.33417
41.25,32.09,-999,0.31492,0.1964,0.45385
44.82,32.09,-999,0.45415,0.29935,0.6283
48.63,32.09,-999,0.65049,0.45013,0.86766
52.75,32.09,-999,0.79026,0.56557,1.0328
57.32,32.09,-999,0.86164,0.63851,1.1022
62.55,32.09,-999,0.89725,0.76322,1.0456
69.02,32.09,-999,0.63865,0.44919,0.85616
-69.02,34.6,-999,0.99151,0.69095,1.3335
-62.55,34.6,-999,1.0649,0.83609,1.3145
-57.32,34.6,-999,1.0289,0.79964,1.2742
-52.75,34.6,-999,0.98753,0.75931,1.2285
-48.63,34.6,-999,0.94349,0.71563,1.1831
-44.82,34.6,-999,0.82594,0.61288,1.0565
-41.25,34.6,-999,0.79125,0.58408,1.0213
-37.87,34.6,-999,0.76892,0.55846,1.0061
-34.64,34.6,-999,0.75495,0.54262,0.99447
-31.53,34.6,-999,0.74999,0.54683,0.97649
-28.52,34.6,-999,0.76276,0.56382,0.97971
-25.59,34.6,-999,0.81442,0.60617,1.043
-22.74,34.6,-999,0.91137,0.67566,1.1733
-19.94,34.6,-999,1.0343,0.77815,1.3216
-17.19,34.6,-999,1.1837,0.90602,1.4924
-14.48,34.6,-999,1.2448,0.94214,1.5699
-11.81,34.6,-999,1.3238,0.99979,1.6728
-9.16,34.6,-999,1.3707,1.0424,1.7308
-6.53,34.6,-999,1.4004,1.0674,1.7707
-3.91,34.6,-999,1.4265,1.0818,1.8028
-1.3,34.6,-999,1.6123,1.3731,1.8731
34.64,34.6,-999,0.15588,0.11118,0.20852
37.87,34.6,-999,0.18149,0.1288,0.24235
41.25,34.6,-999,0.29217,0.18154,0.42146
44.82,34.6,-999,0.42258,0.27794,0.58377
48.63,34.6,-999,0.61596,0.42855,0.82173
52.75,34.6,-999,0.75832,0.5423,0.99131
57.32,34.6,-999,0.85692,0.63788,1.0898
62.55,34.6,-999,0.81298,0.60572,1.0417
69.02,34.6,-999,0.6531,0.46188,0.87034
-69.02,37.11,-999,0.9779,0.67614,1.3183
-62.55,37.11,-999,1.067,0.83588,1.3183
-57.32,37.11,-999,1.0255,0.79486,1.2704
-52.75,37.11,-999,0.98419,0.75469,1.2255
-48.63,37.11,-999,0.93998,0.71196,1.1798
-44.82,37.11,-999,0.82136,0.61159,1.0503
-41.25,37.11,-999,0.7866,0.58162,1.0106
-37.87,37.11,-999,0.76351,0.55815,0.99323
-34.64,37.11,-999,0.74978,0.54414,0.97781
-31.53,37.11,-999,0.74582,0.54719,0.96776
-28.52,37.11,-999,0.76017,0.56747,0.97353
-25.59,37.11,-999,0.81524,0.60918,1.0418
-22.74,37.11,-999,0.90459,0.67442,1.1621
-19.94,37.11,-999,1.0376,0.7826,1.3228
-17.19,37.11,-999,1.1857,0.90829,1.494
-14.48,37.11,-999,1.2519,0.95046,1.579
-11.81,37.11,-999,1.3278,1.0049,1.6789
-9.16,37.11,-999,1.3807,1.0521,1.7403
-6.53,37.11,-999,1.4164,1.0827,1.7865
-3.91,37.11,-999,1.4454,1.0986,1.8258
-1.3,37.11,-999,1.5371,1.2521,1.8548
1.3,37.11,-999,1.429,1.16,1.7237
41.25,37.11,-999,0.2581,0.15852,0.3738
44.82,37.11,-999,0.46236,0.38798,0.54642
48.63,37.11,-999,0.58617,0.4104,0.77793
52.75,37.11,-999,0.72629,0.52147,0.94921
57.32,37.11,-999,0.85423,0.63664,1.0844
62.55,37.11,-999,0.93407,0.79852,1.0827
69.02,37.11,-999,0.64619,0.45505,0.85467
-69.02,39.62,-999,0.96753,0.66429,1.3101
-62.55,39.62,-999,1.0614,0.83305,1.3084
-57.32,39.62,-999,1.0224,0.79088,1.2677
-52.75,39.62,-999,0.98038,0.74906,1.2206
-48.63,39.62,-999,0.93681,0.709,1.1762
-44.82,39.62,-999,0.81753,0.61055,1.043
-41.25,39.62,-999,0.78256,0.57961,1.0041
-37.87,39.62,-999,0.8577,0.68646,1.043
-34.64,39.62,-999,0.74527,0.54411,0.96632
-31.53,39.62,-999,0.74127,0.54775,0.95624
-28.52,39.62,-999,0.75742,0.56583,0.9643
-25.59,39.62,-999,0.81905,0.61136,1.0466
-22.74,39.62,-999,0.9085,0.68001,1.166
-19.94,39.62,-999,1.0459,0.79219,1.3335
-17.19,39.62,-999,1.195,0.91921,1.5062
-14.48,39.62,-999,1.2455,0.94891,1.5675
-11.81,39.62,-999,1.3396,1.0212,1.6822
-9.16,39.62,-999,1.3976,1.0707,1.7588
-6.53,39.62,-999,1.4354,1.0961,1.806
-3.91,39.62,-999,1.4695,1.1195,1.8547
-1.3,39.62,-999,1.508,1.1457,1.9133
1.3,39.62,-999,1.6242,1.2294,2.0488
3.91,39.62,-999,1.4037,1.1583,1.6768
31.53,39.62,-999,0.21398,0.15017,0.29153
48.63,39.62,-999,0.50626,0.34784,0.68075
52.75,39.62,-999,0.69522,0.49858,0.9035
57.32,39.62,-999,0.95566,0.82872,1.0929
62.55,39.62,-999,0.95356,0.81782,1.1039
69.02,39.62,-999,0.66531,0.47603,0.87481
-69.02,42.13,-999,0.9583,0.6526,1.3064
-62.55,42.13,-999,1.0566,0.82906,1.3024
-57.32,42.13,-999,1.0337,0.80078,1.2843
-52.75,42.13,-999,0.97779,0.74583,1.2189
-48.63,42.13,-999,0.9349,0.70736,1.175
-44.82,42.13,-999,0.81441,0.60918,1.0371
-41.25,42.13,-999,0.77968,0.57927,0.99804
-37.87,42.13,-999,0.75664,0.55929,0.97507
-34.64,42.13,-999,0.74255,0.54781,0.95742
-31.53,42.13,-999,0.7373,0.54695,0.94737
-28.52,42.13,-999,0.75266,0.56168,0.96071
-25.59,42.13,-999,0.83046,0.62051,1.0618
-22.74,42.13,-999,0.91852,0.68882,1.1788
-19.94,42.13,-999,1.0602,0.80405,1.3491
-17.19,42.13,-999,1.1727,0.90195,1.4737
-14.48,42.13,-999,1.2445,0.95255,1.5613
-11.81,42.13,-999,1.3351,1.0226,1.674
-9.16,42.13,-999,1.3981,1.0724,1.7571
-6.53,42.13,-999,1.4584,1.1212,1.8304
-3.91,42.13,-999,1.4908,1.1422,1.8749
-1.3,42.13,-999,1.5648,1.2012,1.9549
3.91,42.13,-999,1.5184,1.167,1.8966
44.82,42.13,-999,0.34136,0.22792,0.4725
48.63,42.13,-999,0.46445,0.31765,0.62651
52.75,42.13,-999,0.6698,0.48289,0.87157
57.32,42.13,-999,0.95546,0.82884,1.0952
62.55,42.13,-999,0.86786,0.65117,1.0945
69.02,42.13,-999,0.68243,0.49317,0.88791
-69.02,44.64,-999,0.95852,0.64572,1.3143
-62.55,44.64,-999,1.0531,0.82521,1.2978
-57.32,44.64,-999,1.0344,0.79939,1.2837
-52.75,44.64,-999,0.97544,0.74248,1.2184
-48.63,44.64,-999,0.86032,0.64174,1.094
-44.82,44.64,-999,0.8123,0.60712,1.034
-41.25,44.64,-999,0.77797,0.57927,0.99435
-37.87,44.64,-999,0.75597,0.5609,0.96952
-34.64,44.64,-999,0.74327,0.55102,0.95311
-31.53,44.64,-999,0.73811,0.553,0.94545
-28.52,44.64,-999,0.73961,0.55029,0.94946
-25.59,44.64,-999,0.76139,0.61363,0.91814
-22.74,44.64,-999,0.94514,0.70754,1.2104
-19.94,44.64,-999,1.0303,0.78326,1.3113
-17.19,44.64,-999,1.1654,0.89466,1.4632
-14.48,44.64,-999,1.242,0.95167,1.5631
-11.81,44.64,-999,1.3319,1.0229,1.6716
-9.16,44.64,-999,1.412,1.088,1.767
-6.53,44.64,-999,1.4551,1.1214,1.8268
-3.91,44.64,-999,1.4991,1.1521,1.8823
3.91,44.64,-999,1.4461,1.2156,1.6971
48.63,44.64,-999,0.4176,0.28306,0.5674
52.75,44.64,-999,0.75805,0.63487,0.88624
57.32,44.64,-999,0.85117,0.63653,1.073
62.55,44.64,-999,0.88592,0.66738,1.1102
69.02,44.64,-999,0.69705,0.5061,0.89966
-69.02,47.15,-999,0.95088,0.63482,1.312
-62.55,47.15,-999,1.0604,0.83039,1.3073
-57.32,47.15,-999,1.0307,0.79559,1.2808
-52.75,47.15,-999,0.97409,0.74122,1.2183
-48.63,47.15,-999,0.85825,0.64087,1.0916
-44.82,47.15,-999,0.81057,0.60608,1.0301
-41.25,47.15,-999,0.77695,0.58043,0.98978
-37.87,47.15,-999,0.75641,0.5632,0.96758
-34.64,47.15,-999,0.74658,0.55742,0.95467
-31.53,47.15,-999,0.74621,0.56178,0.95043
-28.52,47.15,-999,0.7648,0.57246,0.97903
-22.74,47.15,-999,0.91923,0.69189,1.173
-19.94,47.15,-999,1.0424,0.79461,1.3209
-17.19,47.15,-999,1.1763,0.90538,1.4743
-14.48,47.15,-999,1.2518,0.96353,1.5676
-11.81,47.15,-999,1.3333,1.028,1.67
-9.16,47.15,-999,1.402,1.0832,1.751
-6.53,47.15,-999,1.4908,1.1552,1.8591
-1.3,47.15,-999,1.6815,1.4384,1.9528
48.63,47.15,-999,0.40741,0.28274,0.54967
52.75,47.15,-999,0.61458,0.44427,0.80425
57.32,47.15,-999,0.82884,0.62032,1.0411
62.55,47.15,-999,0.81511,0.61216,1.0268
69.02,47.15,-999,0.7087,0.5175,0.91179
-69.02,49.66,-999,0.94532,0.63065,1.3064
-62.55,49.66,-999,1.0561,0.82742,1.3017
-57.32,49.66,-999,1.0276,0.792,1.2767
-52.75,49.66,-999,0.98391,0.7476,1.2325
-48.63,49.66,-999,0.87007,0.64883,1.1042
-44.82,49.66,-999,0.81001,0.60508,1.0292
-41.25,49.66,-999,0.77749,0.58188,0.98752
-37.87,49.66,-999,0.75925,0.56721,0.96824
-34.64,49.66,-999,0.71167,0.56451,0.8692
-31.53,49.66,-999,0.76234,0.57636,0.96775
-28.52,49.66,-999,0.77652,0.58708,0.9892
-19.94,49.66,-999,1.0132,0.7681,1.2852
-17.19,49.66,-999,1.1782,0.91039,1.4773
-14.48,49.66,-999,1.2544,0.96872,1.5745
-11.81,49.66,-999,1.3517,1.0476,1.6872
-9.16,49.66,-999,1.4332,1.1045,1.7984
-6.53,49.66,-999,1.3749,1.143,1.6201
44.82,49.66,-999,0.3309,0.26075,0.41051
48.63,49.66,-999,0.37906,0.25733,0.51405
52.75,49.66,-999,0.58025,0.41888,0.75924
57.32,49.66,-999,0.80622,0.60281,1.0154
62.55,49.66,-999,0.8186,0.61577,1.0321
69.02,49.66,-999,0.81102,0.68672,0.94343
-69.02,52.17,-999,0.94287,0.63248,1.3016
-62.55,52.17,-999,1.0533,0.82442,1.2992
-57.32,52.17,-999,1.0257,0.78758,1.276
-52.75,52.17,-999,0.91271,0.68804,1.1549
-48.63,52.17,-999,0.86323,0.64598,1.0957
-44.82,52.17,-999,0.81068,0.60575,1.0344
-41.25,52.17,-999,0.77887,0.58287,0.9902
-37.87,52.17,-999,0.76345,0.57223,0.97045
-34.64,52.17,-999,0.76308,0.57703,0.96359
-31.53,52.17,-999,0.76213,0.57568,0.96728
-28.52,52.17,-999,0.78115,0.59257,0.99163
-17.19,52.17,-999,1.174,0.90397,1.4731
-14.48,52.17,-999,1.3276,1.0281,1.653
-11.81,52.17,-999,1.3501,1.043,1.6884
52.75,52.17,-999,0.56704,0.40987,0.73676
57.32,52.17,-999,0.79079,0.58854,0.99541
62.55,52.17,-999,0.81902,0.61775,1.0332
69.02,52.17,-999,0.72406,0.52816,0.93024
-69.02,54.68,-999,0.94333,0.63921,1.2951
-62.55,54.68,-999,1.0508,0.82232,1.2962
-57.32,54.68,-999,1.0298,0.79065,1.2848
-52.75,54.68,-999,0.90603,0.68484,1.1461
-48.63,54.68,-999,0.8565,0.64288,1.0867
-44.82,54.68,-999,0.80416,0.60155,1.0217
-41.25,54.68,-999,0.77803,0.58117,0.98995
-37.87,54.68,-999,0.76294,0.56862,0.97391
-34.64,54.68,-999,0.8199,0.60323,1.067
-31.53,54.68,-999,0.77284,0.58501,0.97542
-28.52,54.68,-999,0.80421,0.61275,1.0131
-25.59,54.68,-999,0.84377,0.63537,1.0713
-14.48,54.68,-999,1.4987,1.3062,1.7032
52.75,54.68,-999,0.55278,0.39462,0.72245
57.32,54.68,-999,0.76905,0.56485,0.98309
62.55,54.68,-999,0.81907,0.61491,1.0347
69.02,54.68,-999,0.72787,0.52976,0.93803
-69.02,57.19,-999,0.94293,0.64546,1.2868
-62.55,57.19,-999,1.0487,0.81835,1.2942
-57.32,57.19,-999,1.0268,0.7883,1.2843
-52.75,57.19,-999,0.89992,0.68004,1.1346
-48.63,57.19,-999,0.84941,0.6383,1.0762
-44.82,57.19,-999,0.79804,0.59748,1.0141
-41.25,57.19,-999,0.77079,0.57612,0.9784
-37.87,57.19,-999,0.75837,0.56678,0.96782
-34.64,57.19,-999,0.76428,0.57378,0.97179
-31.53,57.19,-999,0.79419,0.60212,1.0007
-28.52,57.19,-999,0.81761,0.62352,1.029
-25.59,57.19,-999,0.87321,0.66599,1.1046
44.82,57.19,-999,0.26249,0.19312,0.34898
48.63,57.19,-999,0.29757,0.19137,0.41682
52.75,57.19,-999,0.49819,0.35404,0.65474
57.32,57.19,-999,0.73767,0.54059,0.94324
62.55,57.19,-999,0.81305,0.60611,1.0314
69.02,57.19,-999,0.72902,0.52867,0.9447
-69.02,59.7,-999,0.94204,0.64972,1.2785
-62.55,59.7,-999,1.051,0.81949,1.2979
-57.32,59.7,-999,1.0252,0.786,1.2825
-52.75,59.7,-999,0.89389,0.67624,1.1273
-48.63,59.7,-999,0.84248,0.63374,1.0666
-44.82,59.7,-999,0.80623,0.60374,1.0205
-41.25,59.7,-999,0.76391,0.57087,0.96934
-37.87,59.7,-999,0.75368,0.56472,0.95973
-34.64,59.7,-999,0.75839,0.57058,0.96197
-31.53,59.7,-999,0.79132,0.60247,0.99777
-28.52,59.7,-999,0.8274,0.63037,1.0413
-25.59,59.7,-999,0.876,0.67062,1.102
52.75,59.7,-999,0.46534,0.32421,0.6203
57.32,59.7,-999,0.71448,0.52632,0.91289
62.55,59.7,-999,0.8036,0.59476,1.0187
69.02,59.7,-999,0.73709,0.5303,0.95978
-69.02,62.21,-999,0.94123,0.6537,1.2699
-62.55,62.21,-999,1.049,0.81464,1.2947
-57.32,62.21,-999,0.94624,0.72162,1.1872
-52.75,62.21,-999,0.88803,0.67325,1.1172
-48.63,62.21,-999,0.83551,0.63087,1.0573
-44.82,62.21,-999,0.7986,0.59911,1.0095
-41.25,62.21,-999,0.75736,0.56601,0.96157
-37.87,62.21,-999,0.74852,0.56203,0.95113
-34.64,62.21,-999,0.7545,0.56842,0.95774
-31.53,62.21,-999,0.78434,0.59771,0.99129
-28.52,62.21,-999,0.84223,0.64413,1.0567
-25.59,62.21,-999,0.90522,0.6939,1.1353
34.64,62.21,-999,0.41469,0.30281,0.54624
52.75,62.21,-999,0.46483,0.32245,0.62237
57.32,62.21,-999,0.68992,0.50652,0.88293
62.55,62.21,-999,0.80021,0.59185,1.0142
69.02,62.21,-999,0.73304,0.52343,0.95854
-69.02,64.72,-999,1.0573,0.76013,1.4183
-62.55,64.72,-999,1.0481,0.81241,1.2929
-57.32,64.72,-999,0.9422,0.71787,1.1829
-52.75,64.72,-999,0.88294,0.66857,1.1107
-48.63,64.72,-999,0.82864,0.62532,1.0487
-44.82,64.72,-999,0.79057,0.59356,1.0008
-41.25,64.72,-999,0.75866,0.56862,0.96414
-37.87,64.72,-999,0.74033,0.55484,0.9401
-34.64,64.72,-999,0.84624,0.7225,0.97914
-31.53,64.72,-999,0.76919,0.5806,0.97961
31.53,64.72,-999,0.64843,0.49622,0.81996
52.75,64.72,-999,0.48556,0.36961,0.61833
57.32,64.72,-999,0.66375,0.48358,0.85442
62.55,64.72,-999,0.79413,0.58083,1.0189
69.02,64.72,-999,0.74474,0.53149,0.97732
-69.02,67.23,-999,0.93912,0.6548,1.2595
-62.55,67.23,-999,1.0473,0.81127,1.2923
-57.32,67.23,-999,0.93868,0.71607,1.1767
-52.75,67.23,-999,0.87826,0.6666,1.1054
-48.63,67.23,-999,0.82201,0.62164,1.0414
-44.82,67.23,-999,0.78171,0.58637,0.99312
-41.25,67.23,-999,0.74958,0.5615,0.95482
-37.87,67.23,-999,0.73533,0.55077,0.93245
-34.64,67.23,-999,0.74121,0.55665,0.94318
52.75,67.23,-999,0.44689,0.33425,0.57697
57.32,67.23,-999,0.72323,0.59294,0.86225
62.55,67.23,-999,0.76781,0.5585,0.98921
69.02,67.23,-999,0.74708,0.52753,0.98102
-69.02,69.74,-999,0.94941,0.65694,1.2615
-62.55,69.74,-999,1.0467,0.80937,1.2925
-57.32,69.74,-999,0.93597,0.71452,1.1735
-52.75,69.74,-999,0.87472,0.66403,1.1021
-48.63,69.74,-999,0.81589,0.61717,1.0357
-44.82,69.74,-999,0.77206,0.57824,0.98166
-41.25,69.74,-999,0.76111,0.57403,0.96253
-37.87,69.74,-999,0.73223,0.54839,0.93143
-34.64,69.74,-999,0.73961,0.55618,0.94115
28.52,69.74,-999,0.97198,0.77539,1.1903
57.32,69.74,-999,0.59496,0.42133,0.78771
62.55,69.74,-999,0.7381,0.53232,0.9609
69.02,69.74,-999,0.84882,0.68119,1.0265
-69.02,72.25,-999,0.94546,0.65584,1.2552
-62.55,72.25,-999,1.0541,0.81766,1.3031
-57.32,72.25,-999,0.93415,0.71342,1.1729
-52.75,72.25,-999,0.87222,0.66278,1.0979
-48.63,72.25,-999,0.81085,0.60981,1.0294
-44.82,72.25,-999,0.76193,0.57008,0.97073
-41.25,72.25,-999,0.75225,0.56595,0.95275
-37.87,72.25,-999,0.72204,0.54003,0.92041
57.32,72.25,-999,0.64689,0.51636,0.79084
62.55,72.25,-999,0.79298,0.64466,0.95806
69.02,72.25,-999,0.77501,0.62866,0.9376
-69.02,74.76,-999,0.9423,0.65595,1.2508
-62.55,74.76,-999,1.0067,0.77879,1.2478
-57.32,74.76,-999,0.93309,0.71293,1.1716
-52.75,74.76,-999,0.87111,0.66205,1.0966
-48.63,74.76,-999,0.80813,0.60835,1.0241
-44.82,74.76,-999,0.75355,0.56483,0.96038
-41.25,74.76,-999,0.74334,0.5572,0.94401
-37.87,74.76,-999,0.70231,0.5201,0.8979
62.55,74.76,-999,0.69993,0.50232,0.91588
69.02,74.76,-999,0.66616,0.46091,0.88228
-69.02,77.27,-999,0.93934,0.65936,1.2439
-62.55,77.27,-999,1.0022,0.7764,1.2415
-57.32,77.27,-999,0.93315,0.71287,1.1707
-52.75,77.27,-999,0.87142,0.66238,1.0974
-48.63,77.27,-999,0.80839,0.60896,1.026
-44.82,77.27,-999,0.75316,0.56297,0.96197
-41.25,77.27,-999,0.73845,0.55303,0.93892
28.52,77.27,-999,1.1322,0.9028,1.3757
62.55,77.27,-999,0.68,0.49145,0.89084
69.02,77.27,-999,0.72169,0.57975,0.88316
-69.02,79.78,-999,0.93159,0.65903,1.2255
-62.55,79.78,-999,0.99824,0.77424,1.2344
-57.32,79.78,-999,0.93405,0.71413,1.1743
-52.75,79.78,-999,0.87352,0.66252,1.1009
-48.63,79.78,-999,0.81177,0.61259,1.0307
-44.82,79.78,-999,0.76126,0.5696,0.9697
-41.25,79.78,-999,0.83467,0.69344,0.97928
62.55,79.78,-999,0.73143,0.51574,0.96589
-69.02,82.29,-999,0.93137,0.66681,1.2183
-62.55,82.29,-999,1.1124,0.93395,1.3042
-57.32,82.29,-999,0.97856,0.75073,1.226
-52.75,82.29,-999,0.87671,0.66454,1.1076
-48.63,82.29,-999,0.81726,0.61753,1.0378
-44.82,82.29,-999,0.77095,0.57797,0.98261
-41.25,82.29,-999,0.73903,0.55282,0.94027
-37.87,82.29,-999,0.73791,0.55137,0.938
62.55,82.29,-999,0.63033,0.44837,0.83451
-69.02,84.8,-999,0.93191,0.67599,1.2129
-62.55,84.8,-999,1.1082,0.93235,1.2935
-57.32,84.8,-999,0.97646,0.74891,1.2211
-52.75,84.8,-999,0.88132,0.66581,1.1116
-48.63,84.8,-999,0.82375,0.62097,1.047
-44.82,84.8,-999,0.77405,0.57972,0.98776
-41.25,84.8,-999,0.74088,0.5528,0.94397
-37.87,84.8,-999,0.74974,0.5645,0.95408
-34.64,84.8,-999,0.7771,0.58528,0.98407
69.02,84.8,-999,0.59462,0.41017,0.80516
-69.02,87.31,-999,0.91629,0.6698,1.1911
-62.55,87.31,-999,1.1035,0.93175,1.2846
-57.32,87.31,-999,0.97503,0.74684,1.2187
-52.75,87.31,-999,0.88656,0.6689,1.1194
-48.63,87.31,-999,0.83058,0.62307,1.0543
-44.82,87.31,-999,0.78128,0.58509,0.99897
-41.25,87.31,-999,0.74232,0.55149,0.94994
-37.87,87.31,-999,0.73591,0.54794,0.93503
-34.64,87.31,-999,0.75204,0.56414,0.9536
-31.53,87.31,-999,0.83136,0.62864,1.0499
69.02,87.31,-999,0.56516,0.3863,0.76209
-69.02,89.82,-999,0.91449,0.67325,1.1839
-62.55,89.82,-999,0.98187,0.76751,1.21
-57.32,89.82,-999,0.9738,0.74776,1.2165
-52.75,89.82,-999,0.89232,0.67076,1.1275
-48.63,89.82,-999,0.83781,0.62634,1.0648
-44.82,89.82,-999,0.78376,0.58436,1.0037
-41.25,89.82,-999,0.74837,0.55416,0.95823
-37.87,89.82,-999,0.74294,0.55451,0.94694
-34.64,89.82,-999,0.75131,0.56073,0.9514
-31.53,89.82,-999,0.90703,0.77713,1.0465
-28.52,89.82,-999,0.97162,0.82832,1.123
25.59,89.82,-999,1.0946,0.86246,1.3379
69.02,89.82,-999,0.54435,0.36762,0.74117
-69.02,92.33,-999,0.91312,0.6753,1.178
-62.55,92.33,-999,0.97798,0.76829,1.204
-57.32,92.33,-999,0.97331,0.74725,1.2157
-52.75,92.33,-999,0.94338,0.7112,1.196
-48.63,92.33,-999,0.8447,0.6282,1.0764
-44.82,92.33,-999,0.78639,0.58474,1.0092
-41.25,92.33,-999,0.7529,0.55523,0.96906
-37.87,92.33,-999,0.7227,0.53261,0.92955
-34.64,92.33,-999,0.74982,0.55823,0.95069
-31.53,92.33,-999,0.80769,0.60787,1.0226
-69.02,94.84,-999,0.87832,0.65143,1.1273
-62.55,94.84,-999,0.97401,0.76713,1.1973
-57.32,94.84,-999,0.97309,0.74724,1.2172
-52.75,94.84,-999,0.94533,0.71188,1.1995
-48.63,94.84,-999,0.85213,0.63029,1.0881
-44.82,94.84,-999,0.78895,0.58162,1.0141
-41.25,94.84,-999,0.73017,0.52811,0.95056
-37.87,94.84,-999,0.7206,0.53023,0.92602
-34.64,94.84,-999,0.75081,0.55796,0.95151
-31.53,94.84,-999,0.82532,0.62462,1.0414
-69.02,97.35,-999,0.87486,0.65283,1.118
-62.55,97.35,-999,0.96992,0.76421,1.1916
-57.32,97.35,-999,0.97448,0.74858,1.2162
-52.75,97.35,-999,0.9422,0.7108,1.192
-48.63,97.35,-999,0.90016,0.66656,1.1508
-44.82,97.35,-999,0.79476,0.58303,1.0249
-41.25,97.35,-999,0.73017,0.52708,0.95485
-37.87,97.35,-999,0.72119,0.5287,0.92713
-34.64,97.35,-999,0.75769,0.56382,0.96123
-31.53,97.35,-999,0.82068,0.61736,1.0399
-28.52,97.35,-999,0.99185,0.84292,1.1503
25.59,97.35,-999,1.2488,1.0312,1.4855
-69.02,99.86,-999,0.87272,0.65582,1.1095
-62.55,99.86,-999,0.966,0.76128,1.1868
-57.32,99.86,-999,0.9765,0.74932,1.2183
-52.75,99.86,-999,0.94555,0.71081,1.1994
-48.63,99.86,-999,0.90287,0.66738,1.1548
-44.82,99.86,-999,0.77903,0.56434,1.0141
-41.25,99.86,-999,0.72641,0.52142,0.95358
-37.87,99.86,-999,0.71432,0.522,0.92172
-34.64,99.86,-999,0.74608,0.55301,0.94885
-31.53,99.86,-999,0.81697,0.61238,1.0377
14.48,99.86,-999,2.0517,1.7843,2.3277
17.19,99.86,-999,1.6704,1.4357,1.9215
-69.02,102.37,-999,0.86391,0.65551,1.0917
-62.55,102.37,-999,0.96213,0.75819,1.1828
-57.32,102.37,-999,0.97128,0.74597,1.2127
-52.75,102.37,-999,0.9499,0.71335,1.2044
-48.63,102.37,-999,0.90134,0.66557,1.1545
-44.82,102.37,-999,0.7765,0.56108,1.0122
-41.25,102.37,-999,0.72394,0.51739,0.95246
-37.87,102.37,-999,0.71019,0.5181,0.9188
-34.64,102.37,-999,0.74267,0.54895,0.94673
-31.53,102.37,-999,0.81871,0.61205,1.0426
17.19,102.37,-999,1.6993,1.4599,1.955
22.74,102.37,-999,1.2893,1.0774,1.5175
-69.02,104.88,-999,0.86283,0.66249,1.0848
-62.55,104.88,-999,0.95858,0.75479,1.1813
-57.32,104.88,-999,0.97498,0.74985,1.2191
-52.75,104.88,-999,1.0597,0.88295,1.253
-48.63,104.88,-999,0.90611,0.66868,1.162
-44.82,104.88,-999,0.79521,0.57477,1.0355
-41.25,104.88,-999,0.72364,0.51684,0.95386
-37.87,104.88,-999,0.70877,0.51712,0.91907
-34.64,104.88,-999,0.74457,0.55079,0.95024
-31.53,104.88,-999,0.83533,0.6295,1.0629
-28.52,104.88,-999,0.93982,0.7118,1.1965
22.74,104.88,-999,1.3157,1.1027,1.545
-69.02,107.39,-999,0.86185,0.66691,1.0784
-62.55,107.39,-999,1.0716,0.92723,1.2285
-57.32,107.39,-999,0.98122,0.75383,1.2296
-52.75,107.39,-999,0.95232,0.71349,1.2096
-48.63,107.39,-999,1.0082,0.82704,1.2044
-44.82,107.39,-999,0.79202,0.5718,1.0295
-41.25,107.39,-999,0.73494,0.52539,0.96814
-37.87,107.39,-999,0.7096,0.5174,0.92232
-34.64,107.39,-999,0.74955,0.55278,0.96113
-31.53,107.39,-999,0.83009,0.62271,1.0534
-28.52,107.39,-999,0.94805,0.71658,1.2058
19.94,107.39,-999,1.4989,1.2786,1.7436
22.74,107.39,-999,1.2955,0.99812,1.6269
-69.02,109.9,-999,0.861,0.66665,1.07
-62.55,109.9,-999,0.96785,0.75823,1.1923
-57.32,109.9,-999,0.97283,0.74817,1.2187
-52.75,109.9,-999,0.94025,0.70235,1.1964
-48.63,109.9,-999,0.95208,0.77514,1.1504
-44.82,109.9,-999,0.7894,0.57244,1.0283
-41.25,109.9,-999,0.72883,0.51922,0.95851
-37.87,109.9,-999,0.7237,0.52454,0.94616
-34.64,109.9,-999,0.73912,0.54517,0.94762
-31.53,109.9,-999,0.83175,0.62316,1.056
-28.52,109.9,-999,0.95544,0.7192,1.2176
17.19,109.9,-999,1.7555,1.3937,2.1346
-69.02,112.41,-999,0.86005,0.66802,1.066
-62.55,112.41,-999,1.0019,0.78585,1.2379
-57.32,112.41,-999,0.98257,0.75396,1.2334
-52.75,112.41,-999,0.94635,0.70665,1.2056
-48.63,112.41,-999,0.86619,0.6353,1.1143
-44.82,112.41,-999,0.78716,0.57076,1.028
-41.25,112.41,-999,0.72338,0.5168,0.9553
-37.87,112.41,-999,0.71666,0.51874,0.93414
-34.64,112.41,-999,0.73876,0.54547,0.94656
-31.53,112.41,-999,0.83743,0.62735,1.0655
-28.52,112.41,-999,0.97582,0.73395,1.2421
-69.02,114.92,-999,0.85896,0.66644,1.0673
-57.32,114.92,-999,0.97125,0.74395,1.2217
-52.75,114.92,-999,0.94336,0.70261,1.2035
-48.63,114.92,-999,0.86227,0.62897,1.1093
-44.82,114.92,-999,0.78531,0.56857,1.0245
-41.25,114.92,-999,0.7265,0.52118,0.95748
-37.87,114.92,-999,0.71251,0.51748,0.92704
-34.64,114.92,-999,0.76438,0.57093,0.97741
-31.53,114.92,-999,0.85216,0.63774,1.0831
-28.52,114.92,-999,0.98295,0.73765,1.252
-25.59,114.92,-999,1.1117,0.84525,1.4045
19.94,114.92,-999,1.4345,1.1658,1.7262
69.02,114.92,-999,0.51198,0.38743,0.66201
-57.32,117.43,-999,0.95982,0.73324,1.2082
-52.75,117.43,-999,0.92198,0.68376,1.1808
-48.63,117.43,-999,0.86195,0.6287,1.1104
-44.82,117.43,-999,0.78307,0.56723,1.0214
-41.25,117.43,-999,0.72423,0.52148,0.95382
-37.87,117.43,-999,0.711,0.51764,0.92524
-34.64,117.43,-999,0.76716,0.57387,0.97994
-31.53,117.43,-999,0.84876,0.6341,1.079
-28.52,117.43,-999,0.99622,0.74608,1.2681
-57.32,119.94,-999,0.94148,0.7159,1.1874
-52.75,119.94,-999,0.92517,0.68474,1.1869
-48.63,119.94,-999,0.86147,0.62936,1.1121
-44.82,119.94,-999,0.77982,0.56519,1.0192
-41.25,119.94,-999,0.72154,0.5214,0.94795
-37.87,119.94,-999,0.71165,0.51985,0.92673
-34.64,119.94,-999,0.77943,0.58373,0.99261
-31.53,119.94,-999,0.8634,0.64723,1.0986
-28.52,119.94,-999,1.0108,0.7522,1.2927
44.82,119.94,-999,0.78943,0.58906,1.0224
69.02,119.94,-999,0.47751,0.31661,0.66637
-57.32,122.45,-999,0.95402,0.72416,1.205
-52.75,122.45,-999,0.93233,0.68974,1.2025
-48.63,122.45,-999,0.86114,0.62649,1.119
-44.82,122.45,-999,0.78418,0.56932,1.0253
-41.25,122.45,-999,0.71666,0.51878,0.93871
-34.64,122.45,-999,0.77573,0.57864,0.9932
-31.53,122.45,-999,0.87286,0.65357,1.1094
-28.52,122.45,-999,0.99267,0.73989,1.2736
17.19,122.45,-999,1.9519,1.5427,2.3904
19.94,122.45,-999,1.6013,1.2653,1.9569
41.25,122.45,-999,1.0224,0.77379,1.2928
44.82,122.45,-999,0.84773,0.63764,1.0889
48.63,122.45,-999,0.92906,0.77176,1.1066
69.02,122.45,-999,0.45878,0.30617,0.6367
-57.32,124.96,-999,1.0263,0.86748,1.2036
-52.75,124.96,-999,1.0353,0.86057,1.2322
-48.63,124.96,-999,0.8612,0.625,1.1229
-44.82,124.96,-999,0.77349,0.56076,1.0144
-31.53,124.96,-999,0.87074,0.6511,1.1175
17.19,124.96,-999,2.0952,1.8365,2.3655
41.25,124.96,-999,1.0832,0.81903,1.3647
44.82,124.96,-999,1.0238,0.87097,1.186
48.63,124.96,-999,0.96101,0.8096,1.128
52.75,124.96,-999,0.93053,0.6957,1.1924
57.32,124.96,-999,0.96529,0.78956,1.1526
69.02,124.96,-999,0.46929,0.31388,0.64894
-52.75,127.47,-999,0.90253,0.65769,1.1733
-44.82,127.47,-999,0.84996,0.68626,1.0245
41.25,127.47,-999,1.1039,0.83238,1.3939
44.82,127.47,-999,1.0784,0.92105,1.2436
48.63,127.47,-999,1.0801,0.90791,1.2691
52.75,127.47,-999,1.0101,0.84316,1.1928
57.32,127.47,-999,0.99202,0.81442,1.1815
62.55,127.47,-999,0.79302,0.64128,0.96265
44.82,129.98,-999,1.1373,0.96354,1.3228
48.63,129.98,-999,1.1289,0.95212,1.3234
44.82,132.49,-999,1.2148,1.0178,1.4199
48.63,132.49,-999,1.1782,0.99747,1.3693
52.75,132.49,-999,1.0812,0.90288,1.2689
31.53,135,-999,1.5973,1.3912,1.8146
44.82,135,-999,1.1251,0.84024,1.4371
52.75,135,-999,1.1173,0.93563,1.3149
57.32,135,-999,1.0704,0.89435,1.2624
62.55,135,-999,0.8949,0.74765,1.0535
44.82,137.51,-999,1.25,1.0627,1.4517
48.63,137.51,-999,1.1036,0.81769,1.4069
52.75,137.51,-999,1.1306,0.94964,1.3228
57.32,137.51,-999,1.08,0.90339,1.2705
62.55,137.51,-999,0.80589,0.58082,1.0494
44.82,140.02,-999,1.3236,1.1048,1.5569
48.63,140.02,-999,1.279,1.0801,1.4913
52.75,140.02,-999,1.225,1.0353,1.4286
57.32,140.02,-999,1.1336,0.95362,1.324
62.55,140.02,-999,0.83889,0.61219,1.0803
44.82,142.53,-999,1.3684,1.138,1.6132
48.63,142.53,-999,1.2231,1.0293,1.4227
52.75,142.53,-999,1.1116,0.82144,1.4308
57.32,142.53,-999,1.1428,0.97521,1.3232
62.55,142.53,-999,0.85796,0.62914,1.1009
44.82,145.04,-999,1.4359,1.2216,1.6602
48.63,145.04,-999,1.2873,1.0876,1.4992
52.75,145.04,-999,1.2328,1.0503,1.4265
57.32,145.04,-999,1.1779,1.0153,1.3501
62.55,145.04,-999,0.9017,0.66751,1.1538
44.82,147.55,-999,1.4103,1.2112,1.6191
48.63,147.55,-999,1.2878,1.0925,1.489
57.32,147.55,-999,1.0968,0.82351,1.3843
62.55,147.55,-999,0.85812,0.63327,1.0987
44.82,150.06,-999,1.3271,1.0039,1.6704
48.63,150.06,-999,1.3071,1.1115,1.506
57.32,150.06,-999,1.0854,0.81717,1.3665
62.55,150.06,-999,0.87,0.6451,1.1131
48.63,152.57,-999,1.3111,1.1175,1.509
57.32,152.57,-999,1.1253,0.84873,1.4189
62.55,152.57,-999,0.87299,0.64487,1.1147
48.63,155.08,-999,1.2848,0.97745,1.6165
57.32,155.08,-999,1.1165,0.84472,1.4001
62.55,155.08,-999,0.88749,0.65775,1.1339
48.63,157.59,-999,1.2507,0.95391,1.566
57.32,157.59,-999,1.1112,0.83826,1.3958
62.55,157.59,-999,0.90557,0.66861,1.1599
69.02,157.59,-999,0.77127,0.6134,0.94411
48.63,160.1,-999,1.2848,0.98132,1.6082
57.32,160.1,-999,1.1476,0.86684,1.4405
62.55,160.1,-999,0.90837,0.67222,1.1616
48.63,162.61,-999,1.4176,1.2356,1.6074
52.75,162.61,-999,1.1165,0.8437,1.4089
57.32,162.61,-999,1.1431,0.86189,1.4356
62.55,162.61,-999,0.91223,0.67473,1.1651
69.02,162.61,-999,0.81645,0.64044,1.0101
48.63,165.12,-999,1.2597,0.95662,1.571
52.75,165.12,-999,1.314,1.1339,1.5012
57.32,165.12,-999,1.2785,1.1002,1.4688
62.55,165.12,-999,0.92134,0.68227,1.1798
48.63,167.63,-999,1.3343,1.1616,1.5107
52.75,167.63,-999,1.1844,0.89608,1.4801
57.32,167.63,-999,1.149,0.85638,1.4467
62.55,167.63,-999,0.93048,0.68584,1.1929
48.63,170.14,-999,1.388,1.2084,1.5844
52.75,170.14,-999,1.2486,0.945,1.5627
57.32,170.14,-999,1.2787,1.0848,1.482
62.55,170.14,-999,0.93512,0.68869,1.2012
52.75,172.65,-999,1.2485,0.94591,1.5638
57.32,172.65,-999,1.074,0.79703,1.3659
62.55,172.65,-999,0.93748,0.68981,1.2051
48.63,175.16,-999,1.3882,1.2082,1.5818
52.75,175.16,-999,1.3854,1.1959,1.5879
57.32,175.16,-999,1.0614,0.78989,1.3453
62.55,175.16,-999,0.96242,0.70501,1.2423
52.75,177.67,-999,1.1845,0.90057,1.4835
57.32,177.67,-999,1.0595,0.7885,1.344
62.55,177.67,-999,0.95454,0.69084,1.242
