-44.82,-178.75,1,0.89898,0.52911,1
-41.25,-178.75,1,0.90652,0.55682,1
-14.48,-178.75,1,0.87548,0.48732,0.99999
69.02,-178.75,0,0.95289,0.7354,1
69.02,-176.24,1,0.95339,0.73269,1
62.55,-173.73,0,0.95361,0.77899,1
69.02,-173.73,1,0.9523,0.7285,1
62.55,-171.22,0,0.94595,0.75284,1
69.02,-171.22,0,0.95262,0.74189,1
62.55,-168.71,0,0.94099,0.7417,0.99999
69.02,-168.71,0,0.95403,0.75793,1
62.55,-166.2,0,0.92726,0.69847,0.99998
69.02,-166.2,0,0.95549,0.77318,1
62.55,-163.69,0,0.92056,0.6842,0.99995
69.02,-163.69,0,0.95686,0.7856,1
62.55,-161.18,0,0.91963,0.69318,0.9999
69.02,-161.18,0,0.95744,0.79679,1
57.32,-158.67,0,0.94514,0.79038,0.99979
62.55,-158.67,0,0.91782,0.6976,0.9998
69.02,-158.67,0,0.95588,0.80018,0.99999
62.55,-156.16,0,0.92418,0.72643,0.9997
69.02,-156.16,0,0.95028,0.79108,0.99997
57.32,-153.65,1,0.94015,0.78132,0.99958
62.55,-153.65,0,0.92113,0.72666,0.99942
69.02,-153.65,0,0.93928,0.76362,0.99992
62.55,-151.14,0,0.93701,0.78413,0.99942
69.02,-151.14,0,0.93139,0.74675,0.99979
62.55,-148.63,0,0.96313,0.85948,0.99976
69.02,-148.63,0,0.92589,0.73509,0.99964
62.55,-146.12,0,0.9359,0.78768,0.99864
69.02,-146.12,0,0.91988,0.71672,0.99952
62.55,-143.61,0,0.95639,0.84444,0.99928
69.02,-143.61,1,0.9307,0.74665,0.99968
62.55,-141.1,1,0.94721,0.82223,0.99866
69.02,-141.1,1,0.92349,0.71859,0.99961
62.55,-138.59,0,0.93825,0.80273,0.99813
69.02,-138.59,0,0.90807,0.68162,0.99921
62.55,-136.08,0,0.93788,0.79444,0.99833
69.02,-136.08,1,0.8985,0.65314,0.999
62.55,-133.57,0,0.93519,0.78209,0.99837
69.02,-133.57,1,0.90477,0.67519,0.99896
62.55,-131.06,0,0.8805,0.66925,0.99282
69.02,-131.06,0,0.93372,0.76549,0.99927
57.32,-128.55,0,0.91776,0.73807,0.99712
62.55,-128.55,0,0.87708,0.66323,0.99232
69.02,-128.55,0,0.94188,0.79524,0.99923
57.32,-126.04,0,0.93336,0.77939,0.9983
62.55,-126.04,0,0.85664,0.61961,0.98961
69.02,-126.04,0,0.94332,0.80606,0.99899
52.75,-123.53,0,0.94403,0.79405,0.99937
57.32,-123.53,1,0.91741,0.7325,0.99803
62.55,-123.53,1,0.81313,0.52709,0.98383
69.02,-123.53,0,0.93596,0.7942,0.99828
52.75,-121.02,1,0.96167,0.84279,0.99982
57.32,-121.02,0,0.91423,0.72577,0.99771
62.55,-121.02,0,0.83218,0.57452,0.98511
69.02,-121.02,0,0.93191,0.79134,0.99759
41.25,-118.51,0,0.88452,0.68395,0.98918
44.82,-118.51,0,0.96578,0.88414,0.99887
48.63,-118.51,0,0.97093,0.88802,0.99972
52.75,-118.51,0,0.95032,0.81227,0.99962
57.32,-118.51,0,0.8899,0.67181,0.99566
62.55,-118.51,0,0.85663,0.62402,0.98862
69.02,-118.51,0,0.93591,0.80595,0.99749
37.87,-116,0,0.73267,0.46846,0.93188
41.25,-116,1,0.90795,0.75248,0.99064
44.82,-116,0,0.96985,0.89702,0.99905
48.63,-116,0,0.9756,0.90738,0.99977
52.75,-116,0,0.94099,0.78029,0.99946
57.32,-116,0,0.83439,0.54878,0.99027
62.55,-116,0,0.78468,0.48447,0.97643
69.02,-116,0,0.94368,0.8299,0.99758
34.64,-113.49,0,0.47368,0.19703,0.75373
37.87,-113.49,1,0.61036,0.33101,0.85851
41.25,-113.49,0,0.86074,0.67572,0.97665
44.82,-113.49,1,0.95782,0.85992,0.99839
48.63,-113.49,1,0.96821,0.88193,0.99959
52.75,-113.49,1,0.92965,0.73846,0.99936
57.32,-113.49,0,0.79541,0.47287,0.98544
62.55,-113.49,0,0.80411,0.53065,0.97768
69.02,-113.49,0,0.95528,0.86035,0.99821
34.64,-110.98,0,0.33255,0.08763,0.63853
37.87,-110.98,1,0.48774,0.22631,0.75321
41.25,-110.98,0,0.79424,0.57823,0.94936
44.82,-110.98,1,0.96291,0.87115,0.99893
48.63,-110.98,0,0.95877,0.85554,0.99909
52.75,-110.98,1,0.90851,0.68355,0.99865
57.32,-110.98,0,0.74846,0.38852,0.97895
62.55,-110.98,0,0.78405,0.48619,0.9747
69.02,-110.98,0,0.96015,0.8748,0.99839
31.53,-108.47,0,0.39241,0.1424,0.67422
34.64,-108.47,0,0.2648,0.067274,0.52827
37.87,-108.47,1,0.37956,0.15664,0.6294
41.25,-108.47,0,0.66364,0.42214,0.87096
44.82,-108.47,1,0.93122,0.79387,0.99562
48.63,-108.47,1,0.94821,0.82504,0.99841
52.75,-108.47,0,0.85982,0.58511,0.99473
57.32,-108.47,0,0.70223,0.31784,0.97006
62.55,-108.47,0,0.82206,0.56478,0.98014
69.02,-108.47,0,0.96114,0.87685,0.99841
28.52,-105.96,0,0.57569,0.26745,0.84669
31.53,-105.96,0,0.29255,0.081804,0.55686
34.64,-105.96,0,0.26325,0.052208,0.54551
37.87,-105.96,0,0.26473,0.096942,0.47556
41.25,-105.96,1,0.59696,0.35036,0.82303
44.82,-105.96,1,0.90271,0.72527,0.99183
48.63,-105.96,0,0.88913,0.68302,0.99272
52.75,-105.96,0,0.81243,0.49512,0.98859
57.32,-105.96,0,0.72293,0.35357,0.97228
62.55,-105.96,0,0.85418,0.63596,0.98412
25.59,-103.45,0,0.6923,0.38686,0.91935
28.52,-103.45,0,0.45828,0.17663,0.74515
31.53,-103.45,0,0.19317,0.035447,0.42885
34.64,-103.45,0,0.1485,0.025339,0.33897
37.87,-103.45,0,0.29912,0.06764,0.59678
41.25,-103.45,0,0.47936,0.2401,0.72626
44.82,-103.45,1,0.82001,0.57468,0.97128
48.63,-103.45,0,0.8232,0.55053,0.9818
52.75,-103.45,0,0.79947,0.48803,0.98361
57.32,-103.45,0,0.79814,0.5048,0.97997
62.55,-103.45,0,0.87977,0.69465,0.98677
19.94,-100.94,0,0.81835,0.54947,0.97752
22.74,-100.94,0,0.76537,0.47297,0.95797
25.59,-100.94,0,0.58617,0.28439,0.85581
28.52,-100.94,0,0.3233,0.097594,0.60201
31.53,-100.94,0,0.14526,0.019789,0.35886
34.64,-100.94,0,0.085619,0.008726,0.22762
37.87,-100.94,0,0.12432,0.026331,0.27781
41.25,-100.94,0,0.35774,0.13217,0.62285
44.82,-100.94,0,0.64049,0.32283,0.89959
48.63,-100.94,0,0.78471,0.49347,0.97132
52.75,-100.94,0,0.84123,0.58974,0.98603
57.32,-100.94,0,0.85895,0.63851,0.9859
62.55,-100.94,0,0.88932,0.71768,0.98793
19.94,-98.43,0,0.81178,0.51301,0.98099
22.74,-98.43,0,0.72993,0.40701,0.95059
25.59,-98.43,0,0.56264,0.27225,0.83096
28.52,-98.43,0,0.36235,0.12885,0.63202
31.53,-98.43,0,0.18965,0.034397,0.42407
34.64,-98.43,0,0.095165,0.010457,0.2499
37.87,-98.43,0,0.11675,0.022813,0.26567
41.25,-98.43,0,0.30849,0.098168,0.57494
44.82,-98.43,0,0.5333,0.20834,0.8404
48.63,-98.43,1,0.80645,0.54284,0.97155
52.75,-98.43,0,0.88165,0.68724,0.98895
57.32,-98.43,0,0.9027,0.74216,0.99096
62.55,-98.43,0,0.89872,0.74066,0.98916
17.19,-95.92,0,0.87691,0.64458,0.99172
19.94,-95.92,0,0.86611,0.57424,0.99468
22.74,-95.92,0,0.74592,0.47566,0.94227
25.59,-95.92,0,0.61201,0.33577,0.85472
28.52,-95.92,0,0.44584,0.18618,0.72018
31.53,-95.92,0,0.23208,0.04682,0.4923
34.64,-95.92,0,0.12464,0.017073,0.30884
37.87,-95.92,0,0.15518,0.032378,0.33989
41.25,-95.92,1,0.33421,0.10872,0.61067
44.82,-95.92,0,0.5126,0.19413,0.82067
48.63,-95.92,0,0.80117,0.54786,0.96561
52.75,-95.92,0,0.89904,0.73016,0.99034
57.32,-95.92,0,0.93117,0.80816,0.99446
62.55,-95.92,0,0.92817,0.80979,0.99309
69.02,-95.92,0,0.97117,0.90766,0.99879
17.19,-93.41,1,0.87849,0.63688,0.99318
19.94,-93.41,1,0.83561,0.56772,0.98469
31.53,-93.41,0,0.32741,0.089863,0.61639
34.64,-93.41,0,0.19622,0.039039,0.42604
37.87,-93.41,0,0.21295,0.050651,0.44353
41.25,-93.41,0,0.35371,0.1159,0.63665
44.82,-93.41,0,0.50382,0.20091,0.80067
48.63,-93.41,0,0.79505,0.54949,0.96002
52.75,-93.41,0,0.91464,0.77098,0.99182
57.32,-93.41,0,0.95507,0.86576,0.99713
62.55,-93.41,0,0.94603,0.85168,0.99552
17.19,-90.9,0,0.85618,0.61323,0.98735
31.53,-90.9,0,0.37607,0.11823,0.66701
34.64,-90.9,0,0.317,0.088274,0.59647
37.87,-90.9,0,0.29117,0.085712,0.55534
41.25,-90.9,0,0.38488,0.14099,0.66078
44.82,-90.9,0,0.48888,0.19359,0.78285
48.63,-90.9,0,0.80752,0.58248,0.95971
52.75,-90.9,0,0.92652,0.80464,0.99281
57.32,-90.9,0,0.96841,0.8983,0.99856
62.55,-90.9,0,0.94997,0.86012,0.99611
14.48,-88.39,0,0.90163,0.70277,0.99421
17.19,-88.39,0,0.85166,0.6137,0.98545
34.64,-88.39,0,0.41432,0.13734,0.72069
37.87,-88.39,0,0.35947,0.12051,0.63984
41.25,-88.39,0,0.40334,0.15503,0.68
44.82,-88.39,0,0.47895,0.18876,0.77293
48.63,-88.39,0,0.80916,0.59258,0.95816
52.75,-88.39,0,0.93764,0.82871,0.99433
57.32,-88.39,0,0.96537,0.89239,0.99816
62.55,-88.39,0,0.9516,0.86535,0.99627
69.02,-88.39,0,0.97604,0.92165,0.99906
14.48,-85.88,0,0.87321,0.66938,0.98609
31.53,-85.88,0,0.47095,0.18108,0.76367
34.64,-85.88,0,0.44606,0.16301,0.74698
37.87,-85.88,0,0.38185,0.13598,0.66557
41.25,-85.88,0,0.39961,0.1487,0.67919
44.82,-85.88,0,0.49778,0.21134,0.78531
48.63,-85.88,0,0.80112,0.58456,0.95421
52.75,-85.88,0,0.93689,0.82849,0.99396
57.32,-85.88,0,0.95522,0.86991,0.99671
62.55,-85.88,0,0.9469,0.85555,0.99573
69.02,-85.88,0,0.97046,0.90664,0.9987
9.16,-83.37,0,0.85295,0.66845,0.96896
11.81,-83.37,1,0.85636,0.65689,0.97709
14.48,-83.37,1,0.88704,0.69825,0.98893
31.53,-83.37,1,0.52639,0.21928,0.81843
34.64,-83.37,0,0.4209,0.15751,0.71139
37.87,-83.37,0,0.37073,0.1278,0.65527
41.25,-83.37,0,0.37869,0.12809,0.66486
44.82,-83.37,0,0.55935,0.27501,0.82689
48.63,-83.37,0,0.77767,0.54769,0.94659
52.75,-83.37,0,0.91945,0.79272,0.99061
57.32,-83.37,0,0.94539,0.85021,0.99517
62.55,-83.37,0,0.93989,0.83952,0.99488
69.02,-83.37,0,0.97447,0.91775,0.99905
31.53,-80.86,0,0.53603,0.24575,0.8143
34.64,-80.86,0,0.45751,0.17628,0.7544
37.87,-80.86,0,0.38162,0.13114,0.67244
41.25,-80.86,0,0.4796,0.19972,0.76489
44.82,-80.86,0,0.65566,0.38203,0.88496
48.63,-80.86,0,0.79208,0.57265,0.95175
52.75,-80.86,0,0.92743,0.80763,0.99258
57.32,-80.86,0,0.95243,0.86565,0.99633
62.55,-80.86,0,0.9573,0.87789,0.99718
69.02,-80.86,0,0.97517,0.9194,0.99915
-6.53,-78.35,0,0.81219,0.53997,0.97622
19.94,-78.35,1,0.8723,0.66622,0.98645
34.64,-78.35,0,0.53826,0.24163,0.82111
37.87,-78.35,0,0.51673,0.22096,0.80859
41.25,-78.35,0,0.56708,0.2689,0.84132
44.82,-78.35,0,0.72991,0.47129,0.92775
48.63,-78.35,0,0.78799,0.56235,0.95117
52.75,-78.35,0,0.94286,0.83932,0.99536
57.32,-78.35,0,0.96481,0.89178,0.99804
62.55,-78.35,0,0.96777,0.90081,0.99838
69.02,-78.35,0,0.97268,0.91206,0.99906
-9.16,-75.84,0,0.75051,0.47318,0.94741
-6.53,-75.84,1,0.7732,0.47029,0.96913
-3.91,-75.84,0,0.82763,0.5719,0.97958
-1.3,-75.84,0,0.86169,0.64881,0.98168
14.48,-75.84,1,0.87884,0.69024,0.98532
34.64,-75.84,0,0.62643,0.31809,0.88865
37.87,-75.84,0,0.68553,0.35413,0.93725
41.25,-75.84,0,0.66691,0.36064,0.91236
44.82,-75.84,0,0.80825,0.57415,0.96509
48.63,-75.84,0,0.81412,0.60334,0.96218
52.75,-75.84,0,0.93725,0.82773,0.99461
57.32,-75.84,0,0.96123,0.88394,0.99775
62.55,-75.84,0,0.96853,0.90121,0.99859
69.02,-75.84,0,0.97117,0.90714,0.99904
-14.48,-73.33,0,0.56554,0.21126,0.8649
-11.81,-73.33,0,0.63618,0.32524,0.88585
-9.16,-73.33,0,0.67042,0.37937,0.90948
-6.53,-73.33,0,0.67247,0.35286,0.92944
-3.91,-73.33,0,0.72316,0.40057,0.95248
-1.3,-73.33,0,0.80227,0.55894,0.96338
1.3,-73.33,0,0.83813,0.61794,0.97459
3.91,-73.33,0,0.82569,0.59726,0.96963
17.19,-73.33,1,0.8829,0.69189,0.98863
19.94,-73.33,0,0.8675,0.66353,0.98489
37.87,-73.33,0,0.72642,0.40065,0.95424
41.25,-73.33,0,0.75535,0.44997,0.96097
44.82,-73.33,0,0.86243,0.64867,0.98517
48.63,-73.33,0,0.83574,0.63594,0.9712
52.75,-73.33,0,0.91175,0.77539,0.99003
57.32,-73.33,0,0.94425,0.84586,0.99581
62.55,-73.33,0,0.95959,0.88007,0.99794
69.02,-73.33,0,0.96831,0.8992,0.99896
-52.75,-70.82,0,0.56693,0.27305,0.8357
-48.63,-70.82,0,0.62556,0.31832,0.88566
-44.82,-70.82,1,0.63653,0.32082,0.89884
-17.19,-70.82,0,0.34985,0.048503,0.72078
-14.48,-70.82,0,0.41425,0.1181,0.73246
-11.81,-70.82,0,0.48187,0.19145,0.77706
-9.16,-70.82,0,0.54704,0.23877,0.85015
-6.53,-70.82,0,0.57296,0.22799,0.88934
-3.91,-70.82,0,0.63476,0.28753,0.91794
-1.3,-70.82,0,0.73118,0.44618,0.93986
1.3,-70.82,1,0.73747,0.45255,0.94431
3.91,-70.82,0,0.77794,0.51014,0.95747
6.53,-70.82,0,0.83139,0.58038,0.97673
9.16,-70.82,0,0.89678,0.68715,0.99272
41.25,-70.82,0,0.81777,0.52603,0.98416
44.82,-70.82,0,0.88002,0.6743,0.99015
48.63,-70.82,0,0.86293,0.68004,0.97989
52.75,-70.82,0,0.87915,0.71499,0.98355
57.32,-70.82,0,0.91392,0.77932,0.9922
62.55,-70.82,0,0.94273,0.83935,0.99673
69.02,-70.82,0,0.9669,0.89471,0.999
-69.02,-68.31,0,0.52103,0.13802,0.88035
-57.32,-68.31,1,0.49585,0.16866,0.83233
-52.75,-68.31,0,0.50764,0.2197,0.79028
-48.63,-68.31,0,0.53214,0.23009,0.82212
-44.82,-68.31,0,0.61874,0.29964,0.89279
-41.25,-68.31,0,0.59879,0.30065,0.87147
-37.87,-68.31,0,0.57636,0.30302,0.83619
-34.64,-68.31,0,0.5866,0.30673,0.83182
-31.53,-68.31,0,0.55088,0.22925,0.83884
-19.94,-68.31,0,0.2201,0.0094857,0.58027
-17.19,-68.31,0,0.2716,0.021296,0.64379
-14.48,-68.31,0,0.29609,0.056789,0.61558
-11.81,-68.31,0,0.37698,0.10446,0.70862
-9.16,-68.31,0,0.51191,0.19291,0.84049
-6.53,-68.31,0,0.68166,0.35139,0.93688
-3.91,-68.31,1,0.72502,0.40948,0.9517
-1.3,-68.31,0,0.76428,0.4973,0.95181
1.3,-68.31,0,0.73722,0.45013,0.94365
3.91,-68.31,0,0.74095,0.44788,0.94943
6.53,-68.31,0,0.81227,0.52496,0.97845
17.19,-68.31,1,0.87725,0.68053,0.98714
37.87,-68.31,1,0.76254,0.43019,0.97334
41.25,-68.31,0,0.80823,0.51159,0.98194
44.82,-68.31,0,0.87689,0.66946,0.98959
48.63,-68.31,0,0.88971,0.72161,0.98736
52.75,-68.31,0,0.83879,0.63607,0.97654
57.32,-68.31,0,0.89187,0.73003,0.98961
62.55,-68.31,0,0.93123,0.81016,0.99615
69.02,-68.31,0,0.96901,0.89911,0.99918
-57.32,-65.8,1,0.49845,0.16945,0.83404
-48.63,-65.8,0,0.56627,0.26727,0.8405
-44.82,-65.8,0,0.53405,0.21959,0.84635
-41.25,-65.8,0,0.50818,0.20592,0.82306
-37.87,-65.8,0,0.48798,0.20838,0.78536
-34.64,-65.8,0,0.46647,0.19926,0.74262
-31.53,-65.8,0,0.43413,0.13999,0.74923
-28.52,-65.8,1,0.36122,0.072712,0.7056
-25.59,-65.8,0,0.27031,0.045279,0.57738
-22.74,-65.8,0,0.22,0.027386,0.50444
-19.94,-65.8,0,0.19414,0.0083912,0.53099
-17.19,-65.8,0,0.22201,0.016178,0.55385
-14.48,-65.8,0,0.24304,0.032878,0.56162
-11.81,-65.8,0,0.39316,0.11103,0.73193
-9.16,-65.8,0,0.64503,0.32992,0.91555
-6.53,-65.8,1,0.82135,0.56076,0.98101
-3.91,-65.8,0,0.85137,0.63605,0.9833
-1.3,-65.8,0,0.86471,0.67369,0.98178
1.3,-65.8,0,0.83753,0.617,0.97475
3.91,-65.8,0,0.84397,0.60373,0.98099
6.53,-65.8,0,0.81898,0.53498,0.9811
9.16,-65.8,0,0.8359,0.59889,0.97802
14.48,-65.8,1,0.86091,0.63632,0.98564
41.25,-65.8,1,0.82633,0.52835,0.98796
44.82,-65.8,0,0.87183,0.6554,0.98901
48.63,-65.8,0,0.92019,0.77312,0.9941
52.75,-65.8,0,0.86611,0.68567,0.9836
57.32,-65.8,0,0.91999,0.78773,0.99419
62.55,-65.8,0,0.95093,0.85493,0.99802
69.02,-65.8,0,0.98197,0.93442,0.99976
-57.32,-63.29,0,0.48288,0.16861,0.80918
-44.82,-63.29,0,0.59514,0.28432,0.87238
-41.25,-63.29,0,0.57759,0.26424,0.86864
-37.87,-63.29,0,0.46035,0.17553,0.77368
-34.64,-63.29,0,0.39163,0.13853,0.68364
-31.53,-63.29,0,0.2869,0.053354,0.60869
-28.52,-63.29,0,0.26284,0.037737,0.59427
-25.59,-63.29,0,0.17738,0.021595,0.43302
-22.74,-63.29,0,0.13818,0.011841,0.36231
-19.94,-63.29,0,0.11647,0.002256,0.37646
-17.19,-63.29,0,0.14128,0.0060477,0.4128
-14.48,-63.29,0,0.20136,0.019147,0.51468
-11.81,-63.29,0,0.49237,0.18627,0.81797
-9.16,-63.29,0,0.7705,0.49648,0.96491
-6.53,-63.29,1,0.89956,0.70951,0.99487
-3.91,-63.29,0,0.92691,0.78552,0.99578
-1.3,-63.29,0,0.91519,0.76704,0.99277
1.3,-63.29,0,0.89791,0.72085,0.99021
3.91,-63.29,0,0.89624,0.65516,0.99631
6.53,-63.29,1,0.80451,0.4962,0.98145
14.48,-63.29,1,0.86225,0.6345,0.98567
44.82,-63.29,0,0.85853,0.63771,0.98526
48.63,-63.29,0,0.92816,0.78931,0.9956
52.75,-63.29,0,0.89455,0.73758,0.98994
57.32,-63.29,0,0.94312,0.83602,0.99713
62.55,-63.29,0,0.96802,0.89605,0.99915
69.02,-63.29,0,0.98176,0.93386,0.99975
-69.02,-60.78,0,0.42755,0.087958,0.81067
-62.55,-60.78,0,0.44856,0.11661,0.80605
-41.25,-60.78,0,0.61912,0.29592,0.89812
-37.87,-60.78,0,0.4906,0.18956,0.80433
-34.64,-60.78,0,0.48152,0.20432,0.75822
-31.53,-60.78,0,0.39729,0.11966,0.70038
-28.52,-60.78,0,0.24204,0.035802,0.54609
-25.59,-60.78,0,0.11292,0.0080407,0.31982
-22.74,-60.78,0,0.081326,0.0039233,0.24948
-19.94,-60.78,0,0.065099,0.00060675,0.24457
-17.19,-60.78,0,0.10308,0.0026033,0.34193
-14.48,-60.78,0,0.23594,0.028027,0.56895
-11.81,-60.78,0,0.56453,0.24523,0.87306
-9.16,-60.78,0,0.8354,0.5899,0.98462
-1.3,-60.78,0,0.92074,0.77689,0.99444
1.3,-60.78,0,0.85096,0.62989,0.98293
3.91,-60.78,0,0.83228,0.5816,0.98214
6.53,-60.78,0,0.84572,0.58085,0.98749
48.63,-60.78,0,0.92495,0.78314,0.99511
52.75,-60.78,0,0.9182,0.78141,0.99391
57.32,-60.78,0,0.95688,0.86597,0.99844
62.55,-60.78,0,0.98041,0.92863,0.99975
69.02,-60.78,0,0.98267,0.93505,0.99981
-37.87,-58.27,1,0.58651,0.26788,0.87369
-34.64,-58.27,0,0.56138,0.27318,0.82394
-31.53,-58.27,0,0.47426,0.17359,0.77054
-28.52,-58.27,0,0.3237,0.076229,0.62503
-25.59,-58.27,0,0.17115,0.023667,0.41297
-22.74,-58.27,0,0.08263,0.0037688,0.25872
-19.94,-58.27,0,0.051779,0.00038769,0.20408
-17.19,-58.27,0,0.080127,0.0010296,0.29682
-14.48,-58.27,0,0.27786,0.042694,0.62922
-11.81,-58.27,0,0.60039,0.27154,0.90308
-9.16,-58.27,0,0.85214,0.60834,0.99083
-1.3,-58.27,0,0.91087,0.74354,0.99489
1.3,-58.27,0,0.87174,0.65697,0.9893
3.91,-58.27,0,0.89294,0.68888,0.9936
52.75,-58.27,0,0.93764,0.8205,0.99662
57.32,-58.27,0,0.96805,0.89148,0.99926
-41.25,-55.76,0,0.66128,0.31499,0.93344
-28.52,-55.76,0,0.41721,0.13288,0.71504
-25.59,-55.76,0,0.22897,0.045431,0.48874
-22.74,-55.76,0,0.11311,0.0083903,0.32113
-19.94,-55.76,0,0.076843,0.0016582,0.26533
-17.19,-55.76,0,0.094639,0.0018392,0.33157
-14.48,-55.76,0,0.29771,0.048198,0.66443
-11.81,-55.76,0,0.6064,0.26366,0.92098
-9.16,-55.76,0,0.84527,0.57978,0.99371
-6.53,-55.76,0,0.93205,0.76748,0.99933
-3.91,-55.76,0,0.94943,0.82875,0.99931
-1.3,-55.76,0,0.91863,0.74973,0.99727
1.3,-55.76,1,0.92069,0.76036,0.9968
6.53,-55.76,1,0.88012,0.64738,0.99317
52.75,-55.76,0,0.95197,0.8494,0.99824
-41.25,-53.25,1,0.65856,0.31748,0.93093
-34.64,-53.25,0,0.54608,0.27014,0.80464
-31.53,-53.25,0,0.46202,0.19294,0.72946
-28.52,-53.25,0,0.37944,0.1267,0.65486
-25.59,-53.25,0,0.25591,0.06298,0.51353
-22.74,-53.25,0,0.14179,0.016115,0.36179
-19.94,-53.25,0,0.090007,0.0026167,0.2989
-17.19,-53.25,0,0.099317,0.0019235,0.35051
-14.48,-53.25,0,0.28357,0.038287,0.67059
-11.81,-53.25,0,0.57645,0.2132,0.92418
-9.16,-53.25,0,0.8171,0.50099,0.99414
-6.53,-53.25,1,0.92847,0.73831,0.99973
-3.91,-53.25,0,0.95514,0.83716,0.99969
-1.3,-53.25,1,0.94204,0.79651,0.99913
1.3,-53.25,0,0.91227,0.73603,0.99625
48.63,-53.25,0,0.92837,0.79381,0.99599
-31.53,-50.74,0,0.48786,0.22211,0.74519
-28.52,-50.74,0,0.3508,0.12596,0.60269
-25.59,-50.74,0,0.22253,0.052439,0.46511
-22.74,-50.74,0,0.14185,0.016305,0.3633
-19.94,-50.74,0,0.118,0.0065205,0.34995
-17.19,-50.74,0,0.12926,0.0046544,0.42033
-14.48,-50.74,0,0.27151,0.029353,0.68322
-11.81,-50.74,0,0.55983,0.17937,0.932
-9.16,-50.74,0,0.8203,0.48333,0.99648
-6.53,-50.74,0,0.92997,0.73777,0.9998
-3.91,-50.74,0,0.95766,0.83837,0.99982
-1.3,-50.74,0,0.94143,0.79826,0.99915
1.3,-50.74,0,0.93653,0.79635,0.99805
-31.53,-48.23,0,0.51598,0.25408,0.76318
-28.52,-48.23,0,0.42343,0.18422,0.66804
-25.59,-48.23,0,0.33423,0.1207,0.58201
-22.74,-48.23,0,0.2217,0.045898,0.47805
-19.94,-48.23,0,0.1893,0.024516,0.46211
-17.19,-48.23,0,0.17739,0.012199,0.50693
-14.48,-48.23,0,0.32309,0.046313,0.74207
-11.81,-48.23,0,0.63024,0.24495,0.96004
-9.16,-48.23,0,0.86683,0.56769,0.99894
-6.53,-48.23,0,0.94543,0.77583,0.99993
69.02,-48.23,0,0.9836,0.9347,0.99992
-25.59,-45.72,0,0.47044,0.21571,0.72476
-22.74,-45.72,0,0.33205,0.10632,0.60563
-19.94,-45.72,0,0.27392,0.060367,0.56846
-17.19,-45.72,0,0.26486,0.039117,0.62019
-14.48,-45.72,0,0.36587,0.064549,0.78471
-11.81,-45.72,0,0.65096,0.25856,0.96882
-9.16,-45.72,1,0.86934,0.5517,0.99946
-6.53,-45.72,1,0.94574,0.76954,0.99997
-3.91,-45.72,0,0.96002,0.84229,0.99989
62.55,-45.72,0,0.97754,0.91251,0.9999
69.02,-45.72,0,0.98481,0.9387,0.99995
-22.74,-43.21,0,0.44427,0.18055,0.72571
-19.94,-43.21,0,0.36943,0.11771,0.67337
-17.19,-43.21,0,0.36374,0.093755,0.71617
-14.48,-43.21,0,0.49672,0.15537,0.87265
-11.81,-43.21,0,0.68143,0.29817,0.97587
-9.16,-43.21,0,0.8592,0.54586,0.99897
-6.53,-43.21,0,0.94308,0.77006,0.99993
62.55,-43.21,0,0.97665,0.90487,0.99995
69.02,-43.21,0,0.98558,0.93968,0.99997
-22.74,-40.7,1,0.52596,0.23775,0.80228
-19.94,-40.7,0,0.49908,0.21542,0.79088
-17.19,-40.7,0,0.51144,0.21131,0.82514
-14.48,-40.7,0,0.62573,0.29304,0.92696
-11.81,-40.7,0,0.70506,0.33287,0.97872
-9.16,-40.7,0,0.85373,0.5469,0.99837
-6.53,-40.7,0,0.93419,0.74941,0.99982
62.55,-40.7,0,0.98007,0.90653,0.99999
69.02,-40.7,0,0.98592,0.93489,0.99999
-22.74,-38.19,0,0.56692,0.28718,0.82788
-19.94,-38.19,0,0.61346,0.32973,0.86492
-17.19,-38.19,0,0.67053,0.38244,0.91485
-14.48,-38.19,0,0.76979,0.48311,0.97129
-11.81,-38.19,0,0.80926,0.51065,0.99059
-9.16,-38.19,0,0.86823,0.59191,0.99817
-6.53,-38.19,0,0.93523,0.76268,0.99972
62.55,-38.19,0,0.98354,0.92485,0.99999
69.02,-38.19,0,0.98258,0.91754,0.99999
-11.81,-35.68,0,0.86464,0.6241,0.99468
-9.16,-35.68,0,0.89905,0.67716,0.99858
69.02,-35.68,0,0.97828,0.89565,0.99999
-9.16,-33.17,0,0.91949,0.73688,0.99875
69.02,-33.17,0,0.98054,0.90361,1
69.02,-30.66,0,0.98479,0.92333,1
69.02,-28.15,0,0.98778,0.93948,1
69.02,-25.64,0,0.98717,0.94067,1
69.02,-23.13,0,0.98773,0.94244,1
69.02,-20.62,0,0.98576,0.93558,0.99999
19.94,-18.11,0,0.92254,0.80678,0.9908
9.16,-15.6,0,0.97015,0.87861,0.99994
11.81,-15.6,1,0.96964,0.87929,0.99992
14.48,-15.6,0,0.95613,0.852,0.99925
17.19,-15.6,0,0.93357,0.81469,0.99605
19.94,-15.6,0,0.87923,0.72315,0.98135
22.74,-15.6,0,0.89663,0.76385,0.98149
6.53,-13.09,0,0.97253,0.88348,0.99998
9.16,-13.09,0,0.95527,0.82648,0.99991
11.81,-13.09,0,0.9536,0.83117,0.99978
14.48,-13.09,0,0.93711,0.80408,0.99866
17.19,-13.09,0,0.89322,0.72833,0.99139
19.94,-13.09,0,0.81639,0.6038,0.96642
22.74,-13.09,0,0.81935,0.63214,0.95655
25.59,-13.09,0,0.87184,0.71148,0.97332
3.91,-10.58,0,0.97076,0.87701,0.99998
6.53,-10.58,0,0.95921,0.82964,0.99998
9.16,-10.58,0,0.91616,0.70012,0.99972
11.81,-10.58,0,0.91524,0.71705,0.99926
14.48,-10.58,0,0.88143,0.66802,0.99587
17.19,-10.58,0,0.80155,0.54322,0.97757
19.94,-10.58,0,0.71183,0.42698,0.93785
22.74,-10.58,0,0.77266,0.55221,0.94122
25.59,-10.58,0,0.84963,0.6741,0.96661
28.52,-10.58,0,0.86932,0.68581,0.97805
37.87,-10.58,0,0.5582,0.3209,0.78193
41.25,-10.58,0,0.7364,0.5226,0.90582
52.75,-10.58,0,0.96403,0.84398,0.99999
3.91,-8.07,0,0.97111,0.87514,0.99999
6.53,-8.07,1,0.95019,0.79227,0.99998
9.16,-8.07,0,0.87869,0.59511,0.9995
11.81,-8.07,0,0.8358,0.52255,0.99736
14.48,-8.07,0,0.79444,0.48467,0.98904
17.19,-8.07,0,0.69258,0.35948,0.95769
19.94,-8.07,0,0.60838,0.2804,0.90743
22.74,-8.07,0,0.6923,0.42659,0.912
25.59,-8.07,0,0.75383,0.52025,0.93073
28.52,-8.07,0,0.82605,0.60058,0.96872
31.53,-8.07,1,0.80005,0.57988,0.95134
37.87,-8.07,1,0.48533,0.24287,0.72974
41.25,-8.07,0,0.76536,0.52684,0.94097
57.32,-8.07,1,0.96778,0.82599,1
3.91,-5.56,0,0.9705,0.87069,0.99999
6.53,-5.56,0,0.94427,0.77541,0.99997
9.16,-5.56,0,0.87059,0.57325,0.99942
11.81,-5.56,0,0.72316,0.30733,0.99206
14.48,-5.56,0,0.66072,0.26668,0.97243
17.19,-5.56,0,0.55691,0.18093,0.92181
19.94,-5.56,0,0.51012,0.16622,0.8697
22.74,-5.56,0,0.57274,0.26276,0.86356
25.59,-5.56,0,0.62863,0.33393,0.879
28.52,-5.56,1,0.7464,0.47819,0.94308
31.53,-5.56,1,0.80223,0.5792,0.95634
34.64,-5.56,0,0.63681,0.39702,0.84437
37.87,-5.56,0,0.44417,0.20294,0.69954
41.25,-5.56,0,0.69266,0.46248,0.88214
52.75,-5.56,0,0.97259,0.87582,1
3.91,-3.05,0,0.96833,0.862,0.99999
6.53,-3.05,0,0.94028,0.76374,0.99996
9.16,-3.05,0,0.87227,0.58385,0.99941
11.81,-3.05,0,0.72997,0.32736,0.99162
14.48,-3.05,0,0.53884,0.12846,0.94784
17.19,-3.05,0,0.42861,0.072479,0.87303
19.94,-3.05,0,0.40067,0.076258,0.81558
22.74,-3.05,0,0.43937,0.12428,0.80142
25.59,-3.05,0,0.53938,0.22773,0.83843
28.52,-3.05,1,0.73193,0.46562,0.93175
31.53,-3.05,0,0.80876,0.59818,0.95518
34.64,-3.05,1,0.63962,0.41325,0.8389
37.87,-3.05,1,0.50466,0.26005,0.74967
41.25,-3.05,1,0.72819,0.47311,0.92532
44.82,-3.05,0,0.8791,0.70685,0.98612
3.91,-0.54,0,0.9696,0.86421,0.99999
6.53,-0.54,0,0.94818,0.79026,0.99997
9.16,-0.54,0,0.88545,0.62615,0.99948
11.81,-0.54,0,0.74278,0.36167,0.99124
14.48,-0.54,0,0.54798,0.14812,0.94406
17.19,-0.54,0,0.35824,0.039254,0.8339
19.94,-0.54,0,0.31142,0.032384,0.75579
22.74,-0.54,0,0.3906,0.092755,0.76393
25.59,-0.54,0,0.52619,0.2234,0.8212
28.52,-0.54,0,0.66307,0.38569,0.89221
31.53,-0.54,0,0.74941,0.52912,0.9204
34.64,-0.54,1,0.64647,0.44022,0.83132
37.87,-0.54,1,0.55701,0.31775,0.78608
41.25,-0.54,0,0.72232,0.48159,0.91193
44.82,-0.54,0,0.86275,0.67497,0.98407
48.63,-0.54,0,0.95912,0.84396,0.99988
57.32,-0.54,1,0.97293,0.85282,1
6.53,1.97,0,0.94768,0.78757,0.99997
9.16,1.97,0,0.87543,0.60817,0.99925
11.81,1.97,0,0.72552,0.34589,0.98854
14.48,1.97,0,0.51804,0.13071,0.92855
17.19,1.97,0,0.32679,0.031042,0.80216
19.94,1.97,0,0.32414,0.045069,0.74585
22.74,1.97,0,0.44017,0.14437,0.77787
25.59,1.97,0,0.57057,0.29144,0.83221
28.52,1.97,0,0.70621,0.46395,0.90196
31.53,1.97,1,0.78034,0.58902,0.92691
34.64,1.97,0,0.7462,0.56483,0.8913
37.87,1.97,0,0.62564,0.39827,0.83012
41.25,1.97,0,0.74821,0.52403,0.92122
44.82,1.97,0,0.88943,0.71898,0.99012
48.63,1.97,1,0.95804,0.835,0.99991
3.91,4.48,0,0.96367,0.83841,1
6.53,4.48,0,0.92557,0.71909,0.99993
9.16,4.48,0,0.85507,0.56338,0.99884
11.81,4.48,0,0.6736,0.2811,0.9815
14.48,4.48,0,0.47147,0.10366,0.90574
17.19,4.48,0,0.28181,0.019947,0.75469
19.94,4.48,0,0.31992,0.050889,0.72786
22.74,4.48,0,0.45524,0.1656,0.7822
25.59,4.48,0,0.55979,0.29024,0.81768
28.52,4.48,0,0.7193,0.48242,0.90694
34.64,4.48,0,0.7699,0.59735,0.90561
37.87,4.48,0,0.71622,0.50877,0.8884
41.25,4.48,1,0.81643,0.62641,0.95203
44.82,4.48,0,0.95262,0.82304,0.99959
48.63,4.48,1,0.9644,0.85602,0.99995
57.32,4.48,0,0.9769,0.88396,1
1.3,6.99,1,0.9627,0.83605,0.99999
3.91,6.99,1,0.95321,0.79596,0.99999
6.53,6.99,0,0.89748,0.64041,0.99984
9.16,6.99,0,0.80037,0.45761,0.99706
11.81,6.99,0,0.61117,0.21335,0.96841
14.48,6.99,0,0.39931,0.062098,0.863
17.19,6.99,0,0.25984,0.017936,0.71609
19.94,6.99,0,0.30781,0.053001,0.6933
22.74,6.99,0,0.44907,0.17117,0.76617
25.59,6.99,0,0.56448,0.30009,0.81445
28.52,6.99,0,0.70675,0.47599,0.89475
44.82,6.99,1,0.96395,0.87245,0.99945
48.63,6.99,1,0.95841,0.83378,0.99994
52.75,6.99,1,0.98211,0.91558,1
62.55,6.99,0,0.98171,0.91295,1
-19.94,9.5,0,0.7283,0.49023,0.91226
-6.53,9.5,0,0.88124,0.69373,0.99215
-3.91,9.5,0,0.9139,0.7366,0.99835
-1.3,9.5,1,0.92281,0.72876,0.99974
1.3,9.5,0,0.9484,0.78986,0.99997
3.91,9.5,0,0.94349,0.76458,0.99998
6.53,9.5,1,0.88916,0.61438,0.9998
9.16,9.5,0,0.74751,0.375,0.99368
11.81,9.5,0,0.52754,0.13777,0.94261
14.48,9.5,0,0.32459,0.033014,0.803
17.19,9.5,0,0.23978,0.017193,0.66804
19.94,9.5,0,0.27641,0.044626,0.6462
22.74,9.5,0,0.40036,0.14086,0.71197
25.59,9.5,0,0.55079,0.28823,0.80369
28.52,9.5,0,0.75286,0.53553,0.92074
31.53,9.5,1,0.82673,0.6408,0.95495
37.87,9.5,1,0.87355,0.70102,0.98009
41.25,9.5,0,0.92617,0.8026,0.99283
44.82,9.5,1,0.96304,0.86642,0.99946
48.63,9.5,1,0.96239,0.84766,0.99995
57.32,9.5,0,0.97962,0.90131,1
62.55,9.5,0,0.97658,0.89378,1
-22.74,12.01,0,0.72458,0.4772,0.91538
-19.94,12.01,0,0.69715,0.45109,0.89482
-17.19,12.01,0,0.72084,0.48968,0.90666
-14.48,12.01,0,0.78526,0.57249,0.94175
-11.81,12.01,0,0.79938,0.58849,0.95405
-9.16,12.01,0,0.83544,0.62864,0.97536
-6.53,12.01,0,0.84834,0.63461,0.98583
-3.91,12.01,0,0.82906,0.57003,0.99138
-1.3,12.01,0,0.84683,0.56352,0.9977
1.3,12.01,0,0.88238,0.61552,0.99947
3.91,12.01,0,0.89131,0.62013,0.99972
6.53,12.01,0,0.80248,0.44611,0.99817
9.16,12.01,0,0.65091,0.24552,0.98255
11.81,12.01,0,0.44102,0.082163,0.90196
14.48,12.01,0,0.25647,0.015932,0.7265
17.19,12.01,0,0.23925,0.02286,0.6374
19.94,12.01,0,0.28802,0.062066,0.63101
22.74,12.01,0,0.38074,0.13751,0.67667
25.59,12.01,1,0.51763,0.24439,0.78296
28.52,12.01,0,0.71006,0.47544,0.90058
37.87,12.01,1,0.92091,0.777,0.994
41.25,12.01,1,0.95493,0.85451,0.99824
44.82,12.01,1,0.97239,0.8966,0.99976
48.63,12.01,1,0.97276,0.88639,0.99997
62.55,12.01,0,0.97634,0.89448,0.99999
-28.52,14.52,0,0.66438,0.35217,0.91306
-25.59,14.52,0,0.65928,0.37307,0.89449
-22.74,14.52,0,0.6518,0.38399,0.87644
-19.94,14.52,0,0.57411,0.30538,0.82325
-17.19,14.52,0,0.57773,0.31805,0.82364
-14.48,14.52,0,0.68191,0.43462,0.89107
-11.81,14.52,0,0.73032,0.49112,0.92333
-9.16,14.52,0,0.70935,0.44638,0.92826
-6.53,14.52,0,0.72492,0.44151,0.95384
-3.91,14.52,0,0.72264,0.40079,0.97267
-1.3,14.52,0,0.70404,0.3265,0.9846
1.3,14.52,0,0.75848,0.38777,0.99462
3.91,14.52,0,0.77697,0.40628,0.99681
6.53,14.52,0,0.68605,0.272,0.99035
9.16,14.52,0,0.52361,0.12567,0.95249
11.81,14.52,0,0.34032,0.035979,0.82777
14.48,14.52,0,0.20491,0.0079267,0.64844
17.19,14.52,0,0.23572,0.028963,0.60562
19.94,14.52,0,0.31177,0.085079,0.62806
22.74,14.52,0,0.3887,0.15163,0.66454
25.59,14.52,0,0.54823,0.28444,0.79959
28.52,14.52,0,0.70755,0.47229,0.89622
31.53,14.52,1,0.82503,0.62187,0.96038
34.64,14.52,1,0.90442,0.75195,0.98837
37.87,14.52,1,0.95189,0.84658,0.99827
41.25,14.52,1,0.97204,0.89627,0.99962
44.82,14.52,1,0.96408,0.86673,0.99972
48.63,14.52,1,0.97122,0.88483,0.99995
52.75,14.52,0,0.98418,0.93209,0.99999
62.55,14.52,0,0.98102,0.91378,0.99999
-34.64,17.03,0,0.62597,0.29189,0.90827
-31.53,17.03,1,0.61847,0.27735,0.904
-28.52,17.03,0,0.56494,0.2425,0.86007
-25.59,17.03,0,0.52179,0.23233,0.80574
-22.74,17.03,0,0.5227,0.24715,0.79323
-19.94,17.03,0,0.45154,0.17544,0.74442
-17.19,17.03,0,0.4425,0.17484,0.73792
-14.48,17.03,0,0.53591,0.2644,0.80266
-11.81,17.03,0,0.57702,0.29997,0.84045
-9.16,17.03,0,0.54972,0.24737,0.84815
-6.53,17.03,0,0.55425,0.22757,0.88426
-3.91,17.03,0,0.57108,0.21249,0.92679
-1.3,17.03,0,0.5582,0.16564,0.95141
1.3,17.03,0,0.58846,0.17171,0.9716
3.91,17.03,0,0.59804,0.17613,0.97671
6.53,17.03,0,0.52303,0.11499,0.95835
9.16,17.03,0,0.39564,0.051555,0.89317
11.81,17.03,0,0.24256,0.011077,0.73367
14.48,17.03,0,0.18975,0.0086132,0.59783
17.19,17.03,0,0.21534,0.02754,0.55176
19.94,17.03,0,0.30263,0.087454,0.59916
22.74,17.03,0,0.36537,0.13778,0.63174
25.59,17.03,1,0.52259,0.2494,0.78382
34.64,17.03,1,0.9206,0.78165,0.99263
37.87,17.03,1,0.97045,0.89717,0.99943
41.25,17.03,1,0.98845,0.94941,0.99997
44.82,17.03,1,0.96592,0.86561,0.99981
48.63,17.03,1,0.96635,0.87054,0.99991
52.75,17.03,0,0.98359,0.93199,0.99997
69.02,17.03,0,0.98478,0.93482,0.99998
-37.87,19.54,1,0.61063,0.27837,0.89662
-34.64,19.54,1,0.59676,0.25622,0.89623
-31.53,19.54,0,0.51284,0.18724,0.83704
-28.52,19.54,0,0.45205,0.15068,0.78089
-25.59,19.54,0,0.38796,0.11847,0.7138
-22.74,19.54,0,0.38437,0.12365,0.6953
-19.94,19.54,0,0.33912,0.088349,0.6634
-17.19,19.54,0,0.31009,0.069034,0.64028
-14.48,19.54,0,0.38013,0.11709,0.69757
-11.81,19.54,0,0.41139,0.13235,0.73261
-9.16,19.54,0,0.39384,0.1043,0.74697
-6.53,19.54,0,0.38084,0.080096,0.77973
-3.91,19.54,0,0.40441,0.077187,0.83454
-1.3,19.54,0,0.40485,0.061059,0.87615
1.3,19.54,0,0.41049,0.050678,0.90518
3.91,19.54,0,0.43156,0.058831,0.92258
6.53,19.54,0,0.38163,0.038971,0.89576
9.16,19.54,0,0.26983,0.012838,0.79059
11.81,19.54,0,0.18067,0.0037979,0.63769
14.48,19.54,0,0.1696,0.0079704,0.53985
17.19,19.54,0,0.19339,0.025296,0.49888
19.94,19.54,0,0.23005,0.053863,0.49848
22.74,19.54,0,0.30604,0.094898,0.5693
25.59,19.54,0,0.46979,0.20536,0.73585
37.87,19.54,1,0.98355,0.93485,0.99987
41.25,19.54,1,0.98909,0.95246,0.99998
44.82,19.54,1,0.98415,0.93313,0.99997
48.63,19.54,0,0.96634,0.87284,0.99985
52.75,19.54,0,0.97864,0.91702,0.99993
62.55,19.54,0,0.97773,0.9054,0.99997
69.02,19.54,0,0.98048,0.91919,0.99996
-34.64,22.05,0,0.60384,0.27053,0.89378
-31.53,22.05,0,0.46294,0.15308,0.79741
-28.52,22.05,0,0.35595,0.08444,0.7057
-25.59,22.05,0,0.29071,0.055582,0.63086
-22.74,22.05,0,0.2673,0.045808,0.6006
-19.94,22.05,0,0.24107,0.033268,0.57872
-17.19,22.05,0,0.21576,0.022777,0.55591
-14.48,22.05,0,0.25638,0.038547,0.59296
-11.81,22.05,0,0.27112,0.040965,0.61912
-9.16,22.05,0,0.26042,0.031033,0.63104
-6.53,22.05,0,0.24476,0.019968,0.65099
-3.91,22.05,0,0.25771,0.018148,0.70469
-1.3,22.05,0,0.26559,0.014198,0.75037
1.3,22.05,0,0.26069,0.0093086,0.78781
3.91,22.05,0,0.27909,0.011513,0.8155
6.53,22.05,0,0.25605,0.0089551,0.78933
9.16,22.05,0,0.19189,0.0036856,0.67278
11.81,22.05,0,0.1905,0.0072794,0.6132
14.48,22.05,0,0.14805,0.0068051,0.47843
17.19,22.05,0,0.15804,0.017657,0.42744
19.94,22.05,0,0.18975,0.037834,0.43531
22.74,22.05,0,0.25054,0.063486,0.50437
25.59,22.05,0,0.40068,0.14826,0.67357
28.52,22.05,0,0.51476,0.26696,0.75193
34.64,22.05,1,0.93302,0.80344,0.99538
37.87,22.05,1,0.98526,0.94368,0.99987
41.25,22.05,1,0.99045,0.95861,0.99999
44.82,22.05,1,0.9904,0.95694,0.99999
48.63,22.05,0,0.97802,0.91362,0.99989
52.75,22.05,0,0.96731,0.88263,0.99979
57.32,22.05,0,0.97599,0.905,0.99993
62.55,22.05,0,0.96664,0.86842,0.9999
69.02,22.05,0,0.98048,0.9208,0.99994
-34.64,24.56,0,0.60678,0.28067,0.88898
-31.53,24.56,0,0.50873,0.19582,0.82261
-28.52,24.56,0,0.42468,0.13738,0.75109
-25.59,24.56,0,0.39016,0.12377,0.711
-22.74,24.56,0,0.3446,0.09563,0.65818
-19.94,24.56,0,0.32678,0.084807,0.64132
-17.19,24.56,0,0.29219,0.061482,0.61443
-14.48,24.56,0,0.24261,0.033334,0.57428
-11.81,24.56,0,0.18155,0.010682,0.52201
-9.16,24.56,0,0.17307,0.0074805,0.52692
-6.53,24.56,0,0.17383,0.0060436,0.55
-3.91,24.56,0,0.17898,0.0050255,0.5871
-1.3,24.56,0,0.18633,0.0042923,0.63279
1.3,24.56,0,0.19404,0.0035664,0.67253
3.91,24.56,0,0.19214,0.0027874,0.69012
6.53,24.56,0,0.20581,0.0050437,0.69514
9.16,24.56,0,0.21048,0.0097228,0.65214
11.81,24.56,0,0.20398,0.015853,0.5838
14.48,24.56,0,0.16355,0.014198,0.46276
17.19,24.56,0,0.12009,0.0097545,0.35073
19.94,24.56,0,0.13745,0.019136,0.35181
22.74,24.56,0,0.18697,0.034004,0.42354
25.59,24.56,0,0.30314,0.083441,0.57283
28.52,24.56,0,0.51192,0.25703,0.75228
31.53,24.56,1,0.73811,0.48723,0.92393
34.64,24.56,1,0.92843,0.78912,0.99514
37.87,24.56,1,0.98749,0.94963,0.99993
41.25,24.56,1,0.99017,0.95758,0.99998
44.82,24.56,1,0.98666,0.94223,0.99997
48.63,24.56,1,0.97845,0.91706,0.99988
52.75,24.56,0,0.94233,0.80934,0.99928
57.32,24.56,0,0.97723,0.91168,0.9999
62.55,24.56,0,0.96444,0.86275,0.99983
69.02,24.56,0,0.98004,0.92071,0.99992
-34.64,27.07,0,0.61623,0.29607,0.89098
-31.53,27.07,0,0.62803,0.30333,0.89799
-28.52,27.07,0,0.54041,0.23786,0.82828
-25.59,27.07,0,0.50594,0.22342,0.78862
-22.74,27.07,0,0.45914,0.19168,0.7442
-19.94,27.07,0,0.44839,0.18922,0.7259
-17.19,27.07,0,0.38844,0.13544,0.68137
-14.48,27.07,0,0.30639,0.070537,0.62089
-11.81,27.07,0,0.23389,0.02854,0.5687
-9.16,27.07,0,0.24034,0.027934,0.58836
-6.53,27.07,0,0.2222,0.01929,0.58658
-3.91,27.07,0,0.23521,0.019657,0.63366
-1.3,27.07,0,0.21985,0.013379,0.63451
1.3,27.07,0,0.22328,0.012109,0.65856
3.91,27.07,0,0.21052,0.0081848,0.66239
6.53,27.07,0,0.20994,0.009515,0.647
9.16,27.07,0,0.2361,0.022421,0.63765
11.81,27.07,0,0.23668,0.035006,0.57817
14.48,27.07,0,0.19149,0.031353,0.46605
17.19,27.07,0,0.12653,0.014919,0.34128
19.94,27.07,0,0.095633,0.008407,0.27452
22.74,27.07,0,0.12522,0.012983,0.33127
25.59,27.07,0,0.21694,0.039539,0.47341
28.52,27.07,0,0.44127,0.19243,0.68975
34.64,27.07,1,0.91496,0.75667,0.99377
37.87,27.07,1,0.98154,0.92199,0.99993
48.63,27.07,0,0.96811,0.88526,0.99963
52.75,27.07,0,0.91365,0.732,0.99816
62.55,27.07,0,0.96865,0.88077,0.99979
-31.53,29.58,0,0.644,0.33548,0.89774
-28.52,29.58,0,0.65099,0.35351,0.89433
-25.59,29.58,0,0.61202,0.33174,0.85787
-22.74,29.58,0,0.5762,0.30967,0.82279
-19.94,29.58,0,0.58126,0.32252,0.81925
-17.19,29.58,0,0.48021,0.22501,0.74317
-14.48,29.58,0,0.35505,0.10817,0.65382
-11.81,29.58,0,0.32339,0.078409,0.64193
-9.16,29.58,0,0.31782,0.068797,0.65142
-6.53,29.58,0,0.28848,0.047954,0.6383
-3.91,29.58,0,0.27228,0.037433,0.63844
-1.3,29.58,0,0.26951,0.036218,0.65584
1.3,29.58,0,0.26996,0.034289,0.66146
3.91,29.58,0,0.24716,0.024794,0.65506
6.53,29.58,0,0.21931,0.017175,0.61686
9.16,29.58,0,0.25995,0.038468,0.6236
11.81,29.58,0,0.27113,0.060019,0.58047
14.48,29.58,0,0.24307,0.064065,0.49781
17.19,29.58,0,0.17138,0.036896,0.38412
19.94,29.58,0,0.11003,0.013126,0.28961
22.74,29.58,0,0.1212,0.01036,0.32935
25.59,29.58,0,0.21203,0.029757,0.49231
34.64,29.58,1,0.8905,0.70612,0.99011
37.87,29.58,1,0.97436,0.89731,0.99988
44.82,29.58,0,0.9814,0.92583,0.9999
48.63,29.58,0,0.96513,0.8789,0.9994
52.75,29.58,0,0.89959,0.70289,0.99678
57.32,29.58,0,0.96774,0.88666,0.99956
62.55,29.58,0,0.97255,0.89681,0.99977
-25.59,32.09,0,0.65329,0.36823,0.88549
-22.74,32.09,0,0.66734,0.40002,0.88324
-19.94,32.09,0,0.67436,0.42595,0.87834
-17.19,32.09,0,0.55902,0.30449,0.79977
-14.48,32.09,0,0.40965,0.15541,0.69512
-11.81,32.09,0,0.42329,0.15449,0.71746
-9.16,32.09,0,0.42223,0.14022,0.73817
-6.53,32.09,0,0.37412,0.095363,0.71338
-3.91,32.09,0,0.32445,0.062257,0.67699
-1.3,32.09,0,0.32791,0.070878,0.67712
1.3,32.09,0,0.33983,0.085197,0.68902
3.91,32.09,0,0.29764,0.058814,0.65872
6.53,32.09,0,0.25079,0.035446,0.61452
9.16,32.09,0,0.28224,0.055958,0.61876
11.81,32.09,0,0.31334,0.08932,0.60761
14.48,32.09,0,0.30863,0.10983,0.55638
17.19,32.09,0,0.2351,0.070511,0.46084
19.94,32.09,0,0.15196,0.025177,0.35879
22.74,32.09,0,0.10831,0.0064007,0.32032
25.59,32.09,0,0.15778,0.016045,0.40042
28.52,32.09,0,0.303,0.09491,0.54964
31.53,32.09,0,0.54777,0.27054,0.80451
34.64,32.09,1,0.85227,0.6401,0.98151
37.87,32.09,1,0.97378,0.88686,0.99994
41.25,32.09,0,0.98041,0.92381,0.99988
44.82,32.09,1,0.97837,0.9157,0.99984
48.63,32.09,0,0.95664,0.8574,0.99885
52.75,32.09,0,0.86845,0.63161,0.99365
57.32,32.09,0,0.94295,0.81996,0.99841
62.55,32.09,0,0.96819,0.88563,0.99957
-69.02,34.6,0,0.27465,0.0019983,0.80679
-17.19,34.6,0,0.60356,0.35288,0.82814
-14.48,34.6,0,0.52942,0.2666,0.78446
-11.81,34.6,0,0.52464,0.24139,0.79882
-9.16,34.6,0,0.52123,0.21016,0.81921
-6.53,34.6,0,0.48106,0.16325,0.80993
-3.91,34.6,0,0.39223,0.090625,0.75666
-1.3,34.6,0,0.40345,0.11875,0.73551
1.3,34.6,0,0.40949,0.14647,0.71641
3.91,34.6,0,0.36514,0.1172,0.68351
6.53,34.6,0,0.34888,0.10181,0.67521
9.16,34.6,0,0.33367,0.087168,0.65494
11.81,34.6,0,0.33833,0.10172,0.6292
14.48,34.6,0,0.36278,0.14363,0.61564
17.19,34.6,0,0.30866,0.09889,0.56348
19.94,34.6,0,0.17554,0.030511,0.39991
22.74,34.6,0,0.13701,0.0097723,0.37493
25.59,34.6,0,0.098685,0.0078334,0.27609
28.52,34.6,0,0.19895,0.044996,0.41342
31.53,34.6,0,0.48976,0.21911,0.76045
37.87,34.6,1,0.94746,0.81694,0.99924
48.63,34.6,0,0.93732,0.81049,0.99722
52.75,34.6,0,0.86481,0.63909,0.99169
57.32,34.6,0,0.9028,0.72069,0.99554
62.55,34.6,0,0.9662,0.88291,0.99937
-25.59,37.11,0,0.66785,0.38262,0.89366
-17.19,37.11,0,0.63367,0.38457,0.8487
-14.48,37.11,0,0.6577,0.39243,0.87444
-11.81,37.11,0,0.6125,0.31991,0.86315
-9.16,37.11,0,0.57246,0.24094,0.86733
-6.53,37.11,0,0.5466,0.20524,0.86186
-3.91,37.11,0,0.47044,0.13417,0.82207
-1.3,37.11,0,0.44773,0.14298,0.77804
1.3,37.11,0,0.50352,0.23622,0.77518
3.91,37.11,0,0.43992,0.19002,0.721
6.53,37.11,0,0.43372,0.17643,0.72277
9.16,37.11,1,0.43253,0.15298,0.73821
11.81,37.11,1,0.29113,0.069407,0.59179
14.48,37.11,0,0.29053,0.096391,0.53295
17.19,37.11,1,0.22861,0.058129,0.46164
19.94,37.11,0,0.16408,0.025607,0.3848
22.74,37.11,0,0.12691,0.010485,0.34099
25.59,37.11,0,0.073076,0.0051251,0.2115
28.52,37.11,0,0.10517,0.014766,0.25934
31.53,37.11,0,0.28297,0.08431,0.53611
34.64,37.11,0,0.70836,0.44569,0.91877
37.87,37.11,1,0.91511,0.73198,0.9975
41.25,37.11,1,0.95284,0.83708,0.99934
44.82,37.11,0,0.95046,0.84112,0.99839
48.63,37.11,0,0.94489,0.8369,0.9972
52.75,37.11,0,0.88274,0.68463,0.99152
57.32,37.11,0,0.86866,0.64747,0.99184
62.55,37.11,0,0.96429,0.8793,0.99914
-9.16,39.62,1,0.5648,0.22177,0.87243
-3.91,39.62,1,0.51108,0.15613,0.85979
1.3,39.62,0,0.56268,0.29474,0.81364
3.91,39.62,0,0.44606,0.20431,0.70984
6.53,39.62,0,0.49844,0.24383,0.7564
9.16,39.62,0,0.51441,0.22907,0.79383
11.81,39.62,0,0.35149,0.10332,0.65437
14.48,39.62,0,0.22278,0.05712,0.45477
17.19,39.62,0,0.14579,0.027078,0.33538
19.94,39.62,0,0.086416,0.0086536,0.23456
22.74,39.62,0,0.06377,0.0036626,0.1951
25.59,39.62,0,0.043018,0.0021719,0.13689
28.52,39.62,0,0.053251,0.0039842,0.15631
31.53,39.62,0,0.17338,0.029461,0.39461
34.64,39.62,0,0.62174,0.33801,0.86791
37.87,39.62,1,0.88696,0.6743,0.99395
41.25,39.62,0,0.94893,0.8128,0.99924
44.82,39.62,0,0.92615,0.78812,0.99559
48.63,39.62,0,0.93139,0.80717,0.99526
52.75,39.62,0,0.8972,0.71976,0.99227
57.32,39.62,0,0.84579,0.60546,0.9882
62.55,39.62,0,0.95723,0.86157,0.99859
-69.02,42.13,0,0.2926,0.003632,0.79658
1.3,42.13,0,0.55508,0.29219,0.80448
3.91,42.13,0,0.46168,0.22125,0.71652
6.53,42.13,0,0.52935,0.26964,0.77529
11.81,42.13,0,0.42063,0.15426,0.7096
14.48,42.13,0,0.18708,0.042304,0.40064
17.19,42.13,0,0.073352,0.0067789,0.20749
19.94,42.13,0,0.042077,0.0018932,0.13771
22.74,42.13,0,0.030057,0.00088509,0.1078
25.59,42.13,0,0.031618,0.0013605,0.10526
28.52,42.13,0,0.064647,0.0056994,0.17683
31.53,42.13,0,0.19224,0.034942,0.42299
37.87,42.13,0,0.80641,0.54711,0.97424
41.25,42.13,1,0.89238,0.69529,0.99429
52.75,42.13,0,0.89548,0.7166,0.99188
57.32,42.13,0,0.81561,0.55053,0.98232
62.55,42.13,0,0.93536,0.80777,0.99671
-69.02,44.64,0,0.3069,0.0038904,0.80633
-25.59,44.64,0,0.68937,0.43164,0.89482
-22.74,44.64,0,0.66268,0.41478,0.8733
-19.94,44.64,0,0.68124,0.42921,0.88737
1.3,44.64,0,0.61062,0.34412,0.84297
3.91,44.64,0,0.54076,0.29562,0.77222
6.53,44.64,0,0.48265,0.22866,0.73583
9.16,44.64,0,0.52983,0.2398,0.80214
11.81,44.64,0,0.44183,0.17436,0.72118
14.48,44.64,0,0.20477,0.051235,0.42177
17.19,44.64,0,0.066322,0.0053465,0.19344
19.94,44.64,0,0.023791,0.0004422,0.090574
22.74,44.64,0,0.024041,0.00056363,0.087774
25.59,44.64,0,0.039072,0.0024364,0.11998
28.52,44.64,0,0.092291,0.011898,0.23177
31.53,44.64,0,0.23105,0.045817,0.48534
34.64,44.64,0,0.54524,0.22438,0.8381
37.87,44.64,0,0.68471,0.39089,0.91893
41.25,44.64,0,0.86403,0.65593,0.98591
57.32,44.64,0,0.80073,0.52809,0.97744
62.55,44.64,0,0.90455,0.73841,0.99317
-69.02,47.15,0,0.29941,0.0033714,0.7971
-19.94,47.15,0,0.7492,0.50831,0.9286
-17.19,47.15,0,0.69268,0.44596,0.8897
-14.48,47.15,0,0.65762,0.39552,0.87207
6.53,47.15,0,0.60132,0.33563,0.83405
9.16,47.15,0,0.52261,0.23588,0.7963
11.81,47.15,0,0.43408,0.17581,0.70856
14.48,47.15,0,0.2377,0.067108,0.46627
17.19,47.15,0,0.091953,0.010946,0.23994
19.94,47.15,0,0.029864,0.00085755,0.10506
22.74,47.15,0,0.032893,0.0010813,0.11241
25.59,47.15,0,0.059992,0.0056299,0.1659
28.52,47.15,0,0.12577,0.01944,0.29785
34.64,47.15,0,0.35821,0.091807,0.66917
37.87,47.15,0,0.59138,0.28937,0.86115
52.75,47.15,0,0.82258,0.55541,0.98231
57.32,47.15,0,0.77393,0.48714,0.96964
62.55,47.15,0,0.89675,0.72369,0.99118
-69.02,49.66,0,0.26715,0.0025715,0.745
6.53,49.66,0,0.60558,0.33297,0.84338
14.48,49.66,0,0.31575,0.10571,0.56753
17.19,49.66,0,0.11396,0.015514,0.28189
19.94,49.66,0,0.043883,0.001925,0.14212
22.74,49.66,0,0.057603,0.0038002,0.17139
25.59,49.66,0,0.098364,0.012118,0.2502
31.53,49.66,0,0.24797,0.052378,0.51643
34.64,49.66,0,0.2695,0.046319,0.56905
52.75,49.66,1,0.76432,0.43331,0.97433
57.32,49.66,0,0.72576,0.41249,0.95483
62.55,49.66,0,0.89651,0.72861,0.99002
-69.02,52.17,0,0.27131,0.0024781,0.75027
11.81,52.17,0,0.46342,0.19814,0.73386
14.48,52.17,0,0.31652,0.10597,0.56983
17.19,52.17,0,0.14509,0.022275,0.34034
19.94,52.17,0,0.065017,0.0038781,0.19444
22.74,52.17,0,0.093309,0.009228,0.24891
31.53,52.17,0,0.18412,0.034177,0.40822
34.64,52.17,0,0.23807,0.037667,0.52571
37.87,52.17,0,0.47588,0.17763,0.7705
41.25,52.17,0,0.62507,0.3334,0.86643
44.82,52.17,0,0.67012,0.39521,0.8929
48.63,52.17,0,0.69152,0.39834,0.92239
52.75,52.17,1,0.68284,0.32155,0.95166
57.32,52.17,0,0.67373,0.34397,0.93467
62.55,52.17,0,0.91707,0.77563,0.99223
69.02,52.17,0,0.96666,0.89281,0.9987
-69.02,54.68,0,0.2656,0.001961,0.74646
14.48,54.68,0,0.37165,0.13388,0.63823
17.19,54.68,0,0.2366,0.055055,0.47793
19.94,54.68,0,0.10884,0.012282,0.2775
22.74,54.68,0,0.14226,0.018746,0.34628
28.52,54.68,0,0.19809,0.035512,0.44489
31.53,54.68,0,0.13375,0.021266,0.31657
34.64,54.68,0,0.1976,0.032611,0.44276
37.87,54.68,0,0.42206,0.14638,0.70685
41.25,54.68,0,0.53543,0.23189,0.81351
44.82,54.68,0,0.63097,0.33346,0.87744
48.63,54.68,0,0.59987,0.28341,0.87804
52.75,54.68,0,0.60526,0.2567,0.91084
57.32,54.68,0,0.71292,0.41286,0.94107
62.55,54.68,0,0.94004,0.82482,0.99572
-69.02,57.19,0,0.26842,0.0018049,0.74889
19.94,57.19,0,0.19194,0.036244,0.41712
25.59,57.19,0,0.15644,0.020475,0.37928
28.52,57.19,0,0.16835,0.029523,0.38519
31.53,57.19,0,0.10538,0.01464,0.26227
34.64,57.19,0,0.13503,0.018996,0.32753
37.87,57.19,0,0.22708,0.0474,0.47524
41.25,57.19,0,0.40201,0.12852,0.69694
48.63,57.19,1,0.53815,0.20551,0.85091
52.75,57.19,0,0.52735,0.19706,0.85588
57.32,57.19,0,0.73898,0.46118,0.94316
62.55,57.19,0,0.93043,0.80307,0.99386
69.02,57.19,0,0.96103,0.87935,0.99808
-69.02,59.7,0,0.2601,0.001644,0.73188
-17.19,59.7,0,0.74241,0.52092,0.91442
28.52,59.7,0,0.15052,0.026417,0.34748
31.53,59.7,0,0.077287,0.0078177,0.20951
34.64,59.7,0,0.10294,0.01109,0.26974
37.87,59.7,0,0.13946,0.018223,0.3417
41.25,59.7,0,0.28605,0.061535,0.57504
44.82,59.7,0,0.43724,0.13877,0.7463
48.63,59.7,0,0.5689,0.21984,0.87545
52.75,59.7,0,0.50774,0.19231,0.82491
57.32,59.7,0,0.77114,0.51585,0.95075
62.55,59.7,0,0.92343,0.78909,0.99251
69.02,59.7,0,0.95856,0.87302,0.99776
-69.02,62.21,0,0.2425,0.0010935,0.70284
22.74,62.21,0,0.21348,0.041199,0.45695
25.59,62.21,0,0.18874,0.032563,0.42095
28.52,62.21,0,0.12052,0.018909,0.29091
31.53,62.21,1,0.072374,0.0062442,0.2057
34.64,62.21,0,0.11778,0.0064184,0.33632
37.87,62.21,0,0.082504,0.0053776,0.23708
41.25,62.21,0,0.20362,0.027354,0.46866
44.82,62.21,0,0.30214,0.058145,0.61237
48.63,62.21,0,0.46484,0.14818,0.78641
52.75,62.21,0,0.46764,0.16898,0.78437
57.32,62.21,0,0.79656,0.55297,0.95839
-69.02,64.72,0,0.22608,0.0007142,0.67183
22.74,64.72,0,0.31109,0.072325,0.60685
25.59,64.72,0,0.19027,0.034419,0.42241
28.52,64.72,0,0.10166,0.014276,0.25583
31.53,64.72,0,0.055727,0.0031018,0.17622
34.64,64.72,0,0.13897,0.0048845,0.41708
37.87,64.72,0,0.060117,0.0027645,0.18582
41.25,64.72,0,0.12525,0.0071102,0.34585
44.82,64.72,0,0.20416,0.021374,0.48063
48.63,64.72,0,0.35915,0.087935,0.67886
52.75,64.72,0,0.4147,0.13671,0.73111
57.32,64.72,0,0.79718,0.55338,0.9583
62.55,64.72,0,0.91377,0.76619,0.99031
69.02,64.72,0,0.95782,0.86849,0.99762
-69.02,67.23,0,0.1856,0.00030362,0.60398
17.19,67.23,0,0.47698,0.23955,0.70955
22.74,67.23,0,0.29206,0.079953,0.55546
25.59,67.23,0,0.19002,0.032445,0.42784
28.52,67.23,0,0.10053,0.012622,0.26237
31.53,67.23,0,0.047084,0.0020016,0.15839
34.64,67.23,0,0.14334,0.0028717,0.45828
37.87,67.23,0,0.13344,0.005759,0.38581
41.25,67.23,0,0.098342,0.0036344,0.2873
44.82,67.23,0,0.12632,0.0053072,0.35583
48.63,67.23,0,0.25986,0.043422,0.55865
52.75,67.23,0,0.40443,0.13149,0.71647
57.32,67.23,0,0.80046,0.55721,0.95931
62.55,67.23,0,0.91094,0.75746,0.99008
11.81,69.74,0,0.69718,0.42209,0.92012
14.48,69.74,0,0.63466,0.38435,0.8536
19.94,69.74,0,0.46779,0.206,0.73085
22.74,69.74,0,0.29688,0.088856,0.55015
25.59,69.74,0,0.17024,0.026522,0.39752
28.52,69.74,0,0.099225,0.010258,0.27079
31.53,69.74,0,0.044473,0.0014156,0.15656
34.64,69.74,0,0.18821,0.0017245,0.61728
37.87,69.74,0,0.20792,0.0020061,0.65672
41.25,69.74,0,0.05694,0.00092896,0.19325
44.82,69.74,0,0.082724,0.001252,0.27417
48.63,69.74,0,0.19293,0.02144,0.46319
52.75,69.74,0,0.38776,0.12088,0.69436
57.32,69.74,0,0.79591,0.54954,0.95805
3.91,72.25,0,0.84169,0.6095,0.98555
6.53,72.25,1,0.83196,0.53009,0.99244
9.16,72.25,0,0.73405,0.42081,0.96285
11.81,72.25,1,0.60034,0.29864,0.88333
14.48,72.25,0,0.54184,0.29038,0.79036
17.19,72.25,0,0.50302,0.26989,0.73111
19.94,72.25,0,0.37902,0.15806,0.62415
22.74,72.25,0,0.27656,0.078095,0.52962
25.59,72.25,0,0.17588,0.028802,0.40938
28.52,72.25,0,0.095289,0.0077369,0.27491
31.53,72.25,0,0.12263,0.0093583,0.34802
34.64,72.25,0,0.16087,0.0013057,0.55447
37.87,72.25,0,0.15309,0.00089943,0.5404
41.25,72.25,0,0.033439,0.00020827,0.12931
44.82,72.25,0,0.059091,0.00033184,0.22086
48.63,72.25,0,0.12441,0.006698,0.35122
52.75,72.25,0,0.34618,0.089619,0.65518
57.32,72.25,0,0.74494,0.47755,0.93465
62.55,72.25,0,0.90876,0.74597,0.99053
-69.02,74.76,0,0.15792,4.193e-05,0.58337
6.53,74.76,1,0.84654,0.55586,0.99464
9.16,74.76,0,0.79682,0.51413,0.9799
11.81,74.76,0,0.73627,0.47483,0.94084
14.48,74.76,0,0.57397,0.32359,0.81727
17.19,74.76,0,0.45572,0.20893,0.71662
19.94,74.76,0,0.36576,0.14085,0.62659
22.74,74.76,0,0.32285,0.10092,0.59648
25.59,74.76,0,0.23552,0.049291,0.50942
28.52,74.76,0,0.12305,0.010992,0.34346
31.53,74.76,0,0.35808,0.013346,0.85478
34.64,74.76,0,0.21212,0.003185,0.65151
37.87,74.76,0,0.031096,0.00031811,0.12325
41.25,74.76,0,0.021344,5.2101e-05,0.091219
44.82,74.76,0,0.038535,4.1415e-05,0.16656
48.63,74.76,0,0.085997,0.0024047,0.27676
52.75,74.76,0,0.30531,0.064479,0.61969
57.32,74.76,0,0.71959,0.4445,0.92191
62.55,74.76,0,0.9164,0.75723,0.99287
-69.02,77.27,0,0.16917,2.4628e-05,0.61843
6.53,77.27,1,0.86763,0.60931,0.99585
9.16,77.27,1,0.83926,0.58322,0.98822
11.81,77.27,0,0.7905,0.55901,0.95947
14.48,77.27,0,0.70791,0.47085,0.90389
17.19,77.27,0,0.54168,0.2926,0.78289
19.94,77.27,0,0.56083,0.31243,0.79425
22.74,77.27,0,0.53375,0.2638,0.79526
25.59,77.27,1,0.40454,0.13819,0.71281
28.52,77.27,0,0.25078,0.054367,0.53964
31.53,77.27,0,0.4954,0.042384,0.94381
34.64,77.27,0,0.29356,0.0084627,0.77311
37.87,77.27,0,0.018654,0.00014544,0.075924
41.25,77.27,0,0.009945,3.0584e-06,0.048058
44.82,77.27,0,0.022732,5.1312e-06,0.10885
48.63,77.27,0,0.072703,0.0014109,0.24666
52.75,77.27,0,0.29599,0.063913,0.59845
57.32,77.27,0,0.74517,0.47468,0.93676
62.55,77.27,0,0.89405,0.70888,0.98912
-69.02,79.78,0,0.1809,2.8741e-05,0.64665
14.48,79.78,0,0.79611,0.59313,0.94558
17.19,79.78,0,0.69155,0.45837,0.88488
19.94,79.78,0,0.72842,0.49252,0.90987
22.74,79.78,0,0.7088,0.43525,0.91654
25.59,79.78,1,0.55117,0.24874,0.83836
28.52,79.78,0,0.46138,0.18723,0.7609
31.53,79.78,0,0.62386,0.10164,0.98249
34.64,79.78,0,0.37721,0.018537,0.85861
37.87,79.78,0,0.025625,0.00030509,0.098227
41.25,79.78,0,0.0071244,6.5675e-07,0.034898
44.82,79.78,0,0.021829,9.5747e-06,0.10178
48.63,79.78,0,0.075729,0.0016822,0.24883
52.75,79.78,0,0.3191,0.078428,0.619
57.32,79.78,0,0.74808,0.47287,0.93943
62.55,79.78,0,0.87607,0.6727,0.9864
69.02,79.78,0,0.94997,0.84308,0.99714
-69.02,82.29,0,0.20199,9.1894e-05,0.67449
19.94,82.29,0,0.80928,0.59706,0.95443
22.74,82.29,0,0.78143,0.53733,0.95066
25.59,82.29,0,0.7425,0.46981,0.94234
28.52,82.29,0,0.86477,0.4161,0.99985
31.53,82.29,0,0.72476,0.19068,0.9951
34.64,82.29,0,0.45154,0.034004,0.91142
37.87,82.29,0,0.038739,0.00072941,0.1375
41.25,82.29,0,0.0076412,5.6677e-07,0.037212
44.82,82.29,0,0.014723,3.7648e-06,0.070106
48.63,82.29,0,0.069143,0.0012847,0.23726
52.75,82.29,0,0.33451,0.090171,0.63127
57.32,82.29,0,0.73657,0.46202,0.93371
62.55,82.29,0,0.896,0.70328,0.99181
69.02,82.29,0,0.9541,0.85267,0.9977
-69.02,84.8,0,0.20897,0.00016481,0.6757
25.59,84.8,0,0.87264,0.66969,0.98618
28.52,84.8,0,0.91077,0.64202,0.99947
31.53,84.8,0,0.79766,0.29676,0.9986
34.64,84.8,0,0.52167,0.054924,0.94624
37.87,84.8,0,0.11822,0.0024653,0.38357
41.25,84.8,0,0.0082769,9.016e-07,0.039465
44.82,84.8,0,0.011631,1.5656e-06,0.058058
48.63,84.8,0,0.073179,0.0017358,0.23972
52.75,84.8,0,0.42437,0.13452,0.73478
57.32,84.8,0,0.70309,0.42619,0.91732
62.55,84.8,0,0.91749,0.74675,0.9948
69.02,84.8,0,0.94777,0.83696,0.99707
-69.02,87.31,0,0.21814,0.00029725,0.68527
17.19,87.31,0,0.86206,0.67173,0.97736
22.74,87.31,0,0.91363,0.75336,0.99375
28.52,87.31,1,0.94248,0.77136,0.9996
31.53,87.31,0,0.84534,0.39371,0.99949
34.64,87.31,0,0.56982,0.077865,0.96286
37.87,87.31,0,0.18576,0.0025897,0.58097
41.25,87.31,0,0.0082496,8.8663e-07,0.040695
44.82,87.31,0,0.011816,3.6848e-06,0.058052
48.63,87.31,0,0.16374,0.0068169,0.4677
52.75,87.31,0,0.42132,0.1312,0.73773
57.32,87.31,0,0.70973,0.43095,0.92186
62.55,87.31,0,0.91215,0.73854,0.99371
69.02,87.31,0,0.9393,0.81781,0.99622
-69.02,89.82,0,0.22876,0.0004894,0.69339
17.19,89.82,1,0.88939,0.70518,0.98778
19.94,89.82,0,0.91484,0.75625,0.99367
22.74,89.82,1,0.94305,0.81145,0.99803
25.59,89.82,0,0.94556,0.81501,0.99849
28.52,89.82,0,0.89047,0.65007,0.99721
31.53,89.82,0,0.87062,0.47528,0.99961
34.64,89.82,0,0.60309,0.099063,0.97186
37.87,89.82,0,0.17938,0.0038997,0.54458
41.25,89.82,0,0.010531,4.89e-06,0.050468
44.82,89.82,0,0.012401,6.9085e-06,0.059922
48.63,89.82,0,0.10412,0.0047456,0.30812
52.75,89.82,0,0.38846,0.12353,0.6949
57.32,89.82,0,0.72364,0.44883,0.92966
62.55,89.82,0,0.89536,0.7065,0.99022
69.02,89.82,0,0.937,0.8053,0.9967
-69.02,92.33,0,0.24785,0.00085657,0.71838
19.94,92.33,0,0.93015,0.78679,0.99642
22.74,92.33,1,0.95299,0.83941,0.99897
25.59,92.33,0,0.96188,0.86393,0.99942
28.52,92.33,0,0.91447,0.69522,0.99912
31.53,92.33,0,0.88027,0.58884,0.99832
34.64,92.33,0,0.62416,0.12832,0.97454
37.87,92.33,0,0.10377,0.0035117,0.312
41.25,92.33,0,0.012778,9.9428e-06,0.05943
44.82,92.33,0,0.015682,1.9615e-05,0.072518
48.63,92.33,0,0.10368,0.0049614,0.3077
52.75,92.33,0,0.34891,0.10291,0.65157
57.32,92.33,0,0.70512,0.41655,0.92626
62.55,92.33,0,0.88388,0.68838,0.98767
69.02,92.33,0,0.91869,0.76622,0.99384
-69.02,94.84,0,0.26611,0.0013968,0.73561
6.53,94.84,0,0.96414,0.87507,0.99945
17.19,94.84,0,0.92684,0.77831,0.99564
19.94,94.84,0,0.95897,0.84807,0.99924
22.74,94.84,0,0.96104,0.85997,0.99942
25.59,94.84,0,0.93677,0.77523,0.99933
28.52,94.84,1,0.96325,0.84925,0.99991
31.53,94.84,0,0.90398,0.60687,0.99975
34.64,94.84,0,0.63408,0.15126,0.97318
37.87,94.84,0,0.068481,0.0013677,0.22563
41.25,94.84,0,0.017876,1.8694e-05,0.079498
44.82,94.84,0,0.027665,0.00012722,0.11276
48.63,94.84,0,0.13996,0.007928,0.40089
52.75,94.84,0,0.43066,0.14183,0.7513
57.32,94.84,0,0.69062,0.39274,0.92527
62.55,94.84,0,0.85835,0.63578,0.9821
69.02,94.84,0,0.91481,0.75774,0.99326
-69.02,97.35,0,0.27326,0.0020268,0.73459
3.91,97.35,0,0.97991,0.91692,0.99996
11.81,97.35,0,0.91117,0.72479,0.99564
14.48,97.35,0,0.91421,0.73517,0.99481
17.19,97.35,0,0.93081,0.78511,0.99641
19.94,97.35,1,0.94458,0.80833,0.99891
22.74,97.35,0,0.95896,0.84287,0.99964
25.59,97.35,1,0.97025,0.87977,0.99992
28.52,97.35,1,0.97308,0.87181,0.99999
31.53,97.35,0,0.78891,0.45819,0.98937
34.64,97.35,0,0.33527,0.053488,0.71964
37.87,97.35,0,0.076257,0.0011531,0.26039
41.25,97.35,0,0.040055,0.00016687,0.15696
44.82,97.35,0,0.05632,0.00096046,0.19248
48.63,97.35,0,0.18134,0.012163,0.49152
52.75,97.35,0,0.44453,0.14219,0.77639
57.32,97.35,0,0.68001,0.36873,0.9261
62.55,97.35,0,0.82253,0.57088,0.97422
69.02,97.35,0,0.89918,0.7197,0.99158
-69.02,99.86,0,0.28384,0.0029373,0.73919
1.3,99.86,0,0.98066,0.9149,0.99999
6.53,99.86,1,0.96798,0.87142,0.99988
9.16,99.86,1,0.94537,0.80907,0.99908
11.81,99.86,1,0.91924,0.73787,0.99695
14.48,99.86,1,0.91006,0.71669,0.99558
17.19,99.86,0,0.93206,0.78727,0.99705
19.94,99.86,0,0.9401,0.79143,0.99893
22.74,99.86,1,0.96287,0.85067,0.99986
25.59,99.86,0,0.98604,0.93784,0.99999
28.52,99.86,1,0.96855,0.86681,0.99998
31.53,99.86,1,0.88917,0.62035,0.99906
34.64,99.86,0,0.47917,0.13584,0.8408
37.87,99.86,0,0.1506,0.0054763,0.42605
41.25,99.86,0,0.078807,0.00077157,0.27625
44.82,99.86,0,0.13001,0.0079064,0.3509
48.63,99.86,0,0.20828,0.026952,0.49939
52.75,99.86,0,0.42026,0.12474,0.76038
57.32,99.86,0,0.6577,0.32245,0.9271
62.55,99.86,0,0.78835,0.51193,0.96755
69.02,99.86,0,0.89957,0.7195,0.99158
-69.02,102.37,0,0.28985,0.0037061,0.74044
3.91,102.37,1,0.98333,0.92481,0.99999
6.53,102.37,1,0.97124,0.87832,0.99995
9.16,102.37,1,0.95198,0.82801,0.99942
17.19,102.37,0,0.91871,0.75194,0.99675
19.94,102.37,0,0.96486,0.86295,0.9997
22.74,102.37,1,0.98177,0.91724,0.99998
25.59,102.37,1,0.99205,0.96331,1
28.52,102.37,1,0.98264,0.92296,0.99999
31.53,102.37,0,0.84402,0.51973,0.9975
34.64,102.37,0,0.67855,0.33448,0.94245
37.87,102.37,0,0.29997,0.030414,0.66281
41.25,102.37,0,0.16751,0.0057905,0.47037
44.82,102.37,0,0.23529,0.031433,0.52051
48.63,102.37,0,0.29255,0.061987,0.60402
52.75,102.37,0,0.37408,0.088382,0.73432
57.32,102.37,0,0.65735,0.30845,0.93657
62.55,102.37,0,0.74139,0.42991,0.95855
69.02,102.37,0,0.88874,0.69456,0.99034
-69.02,104.88,0,0.30949,0.0056968,0.7578
-1.3,104.88,1,0.98679,0.93184,1
1.3,104.88,1,0.98949,0.94807,1
6.53,104.88,1,0.97531,0.89362,0.99998
9.16,104.88,1,0.96071,0.85362,0.99965
14.48,104.88,0,0.92725,0.76685,0.99735
17.19,104.88,0,0.95967,0.854,0.99927
22.74,104.88,1,0.98226,0.91849,0.99999
25.59,104.88,1,0.98856,0.94651,1
28.52,104.88,0,0.98107,0.91882,0.99999
31.53,104.88,0,0.9267,0.73702,0.99952
34.64,104.88,0,0.75765,0.42806,0.97331
37.87,104.88,0,0.47699,0.11749,0.82741
41.25,104.88,0,0.3389,0.045001,0.70287
44.82,104.88,0,0.33314,0.067759,0.6459
48.63,104.88,0,0.41659,0.13344,0.73326
52.75,104.88,0,0.35388,0.062369,0.74549
57.32,104.88,0,0.61985,0.23327,0.93862
62.55,104.88,0,0.71598,0.38433,0.9551
69.02,104.88,0,0.89064,0.69587,0.99094
-69.02,107.39,0,0.32243,0.0075588,0.76733
6.53,107.39,1,0.97922,0.9066,0.99999
14.48,107.39,1,0.94853,0.82077,0.99881
19.94,107.39,1,0.97062,0.87542,0.99989
22.74,107.39,1,0.98297,0.92197,0.99999
25.59,107.39,1,0.99063,0.95475,1
28.52,107.39,1,0.98446,0.92942,1
31.53,107.39,1,0.9704,0.87843,0.99994
34.64,107.39,0,0.87666,0.64635,0.99349
37.87,107.39,0,0.65244,0.28088,0.92947
41.25,107.39,0,0.53845,0.15751,0.87178
44.82,107.39,0,0.50466,0.17503,0.81428
48.63,107.39,0,0.51768,0.21371,0.82009
52.75,107.39,0,0.47269,0.13642,0.84042
57.32,107.39,1,0.65599,0.25471,0.96247
62.55,107.39,0,0.77627,0.47948,0.9702
69.02,107.39,0,0.89238,0.69559,0.99192
-69.02,109.9,0,0.34959,0.010911,0.79627
-34.64,109.9,0,0.76298,0.48688,0.95395
-31.53,109.9,0,0.7857,0.53809,0.9558
-6.53,109.9,0,0.98159,0.90834,1
-3.91,109.9,1,0.9865,0.92841,1
11.81,109.9,1,0.96359,0.86797,0.99941
22.74,109.9,1,0.98509,0.93089,1
25.59,109.9,1,0.99047,0.9535,1
28.52,109.9,0,0.98832,0.94523,1
34.64,109.9,0,0.91259,0.71579,0.99794
37.87,109.9,0,0.81496,0.51189,0.98412
41.25,109.9,0,0.73995,0.36467,0.96966
44.82,109.9,0,0.66471,0.32994,0.92068
48.63,109.9,0,0.62767,0.31878,0.89826
52.75,109.9,0,0.55589,0.19778,0.89689
57.32,109.9,1,0.71702,0.3285,0.97733
62.55,109.9,0,0.8179,0.54999,0.97887
69.02,109.9,0,0.89497,0.69517,0.99295
-69.02,112.41,0,0.36041,0.014549,0.79673
-41.25,112.41,0,0.73019,0.46033,0.93288
-37.87,112.41,0,0.72457,0.45124,0.93285
-34.64,112.41,1,0.71971,0.42187,0.94228
-31.53,112.41,0,0.71496,0.43445,0.92969
-28.52,112.41,0,0.82454,0.60755,0.96629
-6.53,112.41,0,0.98768,0.93579,1
-3.91,112.41,1,0.98811,0.93527,1
1.3,112.41,0,0.99244,0.96014,1
3.91,112.41,1,0.9867,0.9335,1
6.53,112.41,1,0.9838,0.92318,1
25.59,112.41,0,0.99319,0.96718,1
28.52,112.41,0,0.98707,0.9358,1
37.87,112.41,0,0.86637,0.60019,0.99416
41.25,112.41,0,0.86043,0.56727,0.99392
44.82,112.41,0,0.78962,0.49824,0.97343
48.63,112.41,0,0.70723,0.40647,0.94269
52.75,112.41,0,0.61927,0.25278,0.93126
57.32,112.41,0,0.78891,0.44642,0.98754
62.55,112.41,0,0.84129,0.58835,0.98439
69.02,112.41,0,0.90896,0.72224,0.99519
-69.02,114.92,0,0.37923,0.018549,0.81333
-37.87,114.92,0,0.67185,0.37684,0.9111
-34.64,114.92,0,0.62898,0.31239,0.90032
-31.53,114.92,0,0.69354,0.39868,0.92548
-28.52,114.92,0,0.81668,0.59518,0.96448
-1.3,114.92,1,0.9935,0.96419,1
1.3,114.92,0,0.99375,0.96692,1
3.91,114.92,1,0.99198,0.95666,1
6.53,114.92,1,0.98976,0.94508,1
25.59,114.92,0,0.99179,0.96054,1
28.52,114.92,1,0.98662,0.93254,1
31.53,114.92,0,0.98204,0.91798,0.99999
37.87,114.92,0,0.90978,0.69921,0.99805
44.82,114.92,0,0.86515,0.62709,0.9922
48.63,114.92,0,0.77667,0.49866,0.97229
52.75,114.92,0,0.72377,0.38436,0.96858
57.32,114.92,0,0.81148,0.49462,0.98956
62.55,114.92,0,0.87604,0.66062,0.98938
69.02,114.92,0,0.92629,0.75943,0.99719
-69.02,117.43,0,0.39894,0.023215,0.83002
-37.87,117.43,0,0.68793,0.39786,0.92075
-34.64,117.43,0,0.55004,0.2204,0.86478
-31.53,117.43,0,0.65637,0.34678,0.91137
-28.52,117.43,0,0.8023,0.573,0.96031
-1.3,117.43,1,0.99375,0.96584,1
1.3,117.43,1,0.99573,0.97769,1
3.91,117.43,1,0.99347,0.96551,1
6.53,117.43,1,0.98693,0.9328,1
28.52,117.43,1,0.98838,0.94048,1
31.53,117.43,0,0.98483,0.92837,1
34.64,117.43,1,0.96626,0.85746,0.99994
41.25,117.43,1,0.90832,0.69573,0.99846
44.82,117.43,0,0.89108,0.68313,0.99564
48.63,117.43,0,0.86421,0.6458,0.99178
52.75,117.43,0,0.79939,0.5023,0.98543
57.32,117.43,0,0.81802,0.50935,0.98977
62.55,117.43,0,0.89845,0.70867,0.99254
69.02,117.43,0,0.93909,0.78731,0.9984
-69.02,119.94,0,0.4207,0.029019,0.85121
-37.87,119.94,0,0.72497,0.44348,0.93864
-34.64,119.94,0,0.59922,0.2785,0.88822
-31.53,119.94,1,0.60947,0.28076,0.89717
-28.52,119.94,0,0.73574,0.46652,0.9387
-25.59,119.94,0,0.85556,0.65747,0.97744
6.53,119.94,1,0.98886,0.94266,1
17.19,119.94,1,0.98236,0.92396,0.99996
25.59,119.94,0,0.9943,0.97172,1
28.52,119.94,1,0.9869,0.93185,1
34.64,119.94,1,0.97295,0.87952,0.99998
41.25,119.94,0,0.9358,0.77239,0.99945
44.82,119.94,0,0.9319,0.7748,0.99896
48.63,119.94,0,0.88639,0.67807,0.99641
52.75,119.94,0,0.88571,0.67105,0.99619
57.32,119.94,0,0.86283,0.59774,0.99457
62.55,119.94,0,0.91828,0.75579,0.99451
69.02,119.94,0,0.94273,0.79295,0.99895
-69.02,122.45,0,0.44462,0.035413,0.87428
-37.87,122.45,0,0.77411,0.51012,0.95835
-34.64,122.45,0,0.64272,0.33233,0.90635
-31.53,122.45,0,0.5421,0.20814,0.86333
-28.52,122.45,0,0.67862,0.38535,0.91755
-25.59,122.45,0,0.79522,0.55423,0.96174
-22.74,122.45,0,0.88764,0.70416,0.98875
-1.3,122.45,1,0.99575,0.97685,1
9.16,122.45,1,0.98615,0.9315,1
14.48,122.45,0,0.98387,0.93122,0.99997
19.94,122.45,0,0.99125,0.96056,0.99999
28.52,122.45,1,0.98784,0.93733,1
37.87,122.45,1,0.96503,0.84837,0.99997
44.82,122.45,0,0.94727,0.81041,0.99966
48.63,122.45,0,0.90319,0.69697,0.99866
52.75,122.45,0,0.91986,0.74847,0.99867
57.32,122.45,0,0.91054,0.70624,0.99798
62.55,122.45,0,0.92997,0.78157,0.99563
69.02,122.45,0,0.93397,0.7638,0.99885
-69.02,124.96,0,0.46294,0.042653,0.88589
-37.87,124.96,0,0.81042,0.56367,0.97101
-34.64,124.96,0,0.7033,0.41056,0.93037
-31.53,124.96,0,0.52846,0.19639,0.85479
-28.52,124.96,0,0.6235,0.30999,0.89831
-25.59,124.96,0,0.7979,0.55554,0.96437
-6.53,124.96,0,0.98895,0.9431,1
-3.91,124.96,0,0.99393,0.96712,1
41.25,124.96,0,0.9742,0.89007,0.99998
44.82,124.96,0,0.95753,0.83583,0.9999
48.63,124.96,0,0.95024,0.81654,0.99982
52.75,124.96,0,0.94024,0.79372,0.99956
57.32,124.96,1,0.93351,0.76062,0.99923
62.55,124.96,0,0.93471,0.79761,0.99588
69.02,124.96,0,0.94112,0.76413,0.99955
-69.02,127.47,0,0.47304,0.048038,0.89064
-37.87,127.47,0,0.83856,0.60803,0.97949
-34.64,127.47,0,0.7344,0.45455,0.94266
-31.53,127.47,0,0.57539,0.24316,0.87984
-28.52,127.47,0,0.62421,0.30587,0.90048
-25.59,127.47,0,0.77434,0.51203,0.95879
-22.74,127.47,0,0.8634,0.65158,0.98584
-11.81,127.47,0,0.96876,0.86811,0.99998
-9.16,127.47,0,0.98148,0.91465,1
37.87,127.47,1,0.97863,0.89523,1
41.25,127.47,1,0.97789,0.90232,0.99999
44.82,127.47,1,0.97935,0.90887,0.99999
48.63,127.47,0,0.9746,0.89251,0.99998
52.75,127.47,0,0.95659,0.83533,0.99987
57.32,127.47,1,0.96058,0.84478,0.99976
62.55,127.47,0,0.92985,0.78765,0.99508
69.02,127.47,0,0.90914,0.67594,0.99886
-69.02,129.98,0,0.48251,0.050724,0.8988
-37.87,129.98,0,0.822,0.57522,0.97753
-34.64,129.98,0,0.69617,0.39828,0.92945
-31.53,129.98,0,0.59785,0.27377,0.88642
-28.52,129.98,0,0.65056,0.33605,0.91404
-25.59,129.98,0,0.78197,0.51795,0.96279
-22.74,129.98,0,0.87208,0.66302,0.98783
-19.94,129.98,0,0.90801,0.72031,0.99632
-11.81,129.98,1,0.96894,0.86543,0.99998
-9.16,129.98,0,0.98751,0.93832,1
-1.3,129.98,1,0.99644,0.98159,1
3.91,129.98,1,0.99499,0.97386,1
6.53,129.98,1,0.99087,0.95117,1
9.16,129.98,1,0.98822,0.93665,1
34.64,129.98,1,0.98767,0.9392,1
37.87,129.98,1,0.98261,0.90997,1
44.82,129.98,1,0.98381,0.92459,1
48.63,129.98,1,0.98184,0.91628,1
52.75,129.98,1,0.976,0.89838,0.99998
57.32,129.98,0,0.97479,0.89737,0.9999
62.55,129.98,0,0.91668,0.76013,0.99297
69.02,129.98,1,0.84861,0.51371,0.99763
-69.02,132.49,0,0.46469,0.048959,0.88503
-41.25,132.49,0,0.86227,0.63059,0.9904
-37.87,132.49,0,0.80824,0.54445,0.97735
-34.64,132.49,0,0.76683,0.49774,0.9544
-31.53,132.49,0,0.66087,0.36144,0.90779
-28.52,132.49,0,0.69223,0.38501,0.93319
-25.59,132.49,0,0.82642,0.58645,0.97581
-11.81,132.49,0,0.97648,0.89062,0.99999
3.91,132.49,1,0.9948,0.97316,1
6.53,132.49,1,0.99085,0.95221,1
37.87,132.49,1,0.98591,0.92682,1
44.82,132.49,0,0.98553,0.92949,1
48.63,132.49,1,0.9844,0.92437,1
52.75,132.49,0,0.9863,0.93716,1
57.32,132.49,0,0.97884,0.91397,0.99991
62.55,132.49,0,0.89521,0.71706,0.98973
69.02,132.49,0,0.83447,0.49571,0.99658
-69.02,135,0,0.48815,0.058428,0.8992
-41.25,135,0,0.87943,0.65378,0.99416
-37.87,135,0,0.86684,0.64378,0.99003
-34.64,135,0,0.84581,0.6215,0.97822
-31.53,135,0,0.71629,0.43876,0.92984
-28.52,135,1,0.74308,0.44104,0.95535
-25.59,135,0,0.85637,0.63442,0.98346
-19.94,135,1,0.90518,0.69973,0.997
-11.81,135,0,0.98061,0.89995,1
37.87,135,1,0.9886,0.9412,1
48.63,135,0,0.98849,0.94286,1
52.75,135,0,0.98609,0.93503,1
62.55,135,0,0.91363,0.76053,0.9922
69.02,135,1,0.84508,0.51523,0.99749
-69.02,137.51,0,0.52449,0.080211,0.91512
-37.87,137.51,1,0.90102,0.70425,0.99544
-34.64,137.51,0,0.88107,0.69467,0.98523
-31.53,137.51,0,0.73556,0.46696,0.93694
-28.52,137.51,0,0.7635,0.47044,0.96245
-11.81,137.51,0,0.96879,0.86204,0.99999
6.53,137.51,1,0.99192,0.9591,1
37.87,137.51,0,0.99168,0.95704,1
41.25,137.51,1,0.98993,0.94822,1
48.63,137.51,1,0.98853,0.94086,1
52.75,137.51,1,0.98759,0.94024,1
62.55,137.51,0,0.94248,0.82092,0.99669
69.02,137.51,0,0.89514,0.64245,0.99859
-69.02,140.02,0,0.54012,0.098843,0.91407
-44.82,140.02,0,0.86632,0.62435,0.99367
-41.25,140.02,0,0.89518,0.66916,0.99766
-37.87,140.02,0,0.87983,0.66681,0.99291
-34.64,140.02,0,0.85043,0.6487,0.97544
-31.53,140.02,0,0.7352,0.46555,0.93737
-28.52,140.02,1,0.73188,0.41569,0.95579
-25.59,140.02,0,0.84322,0.60707,0.98245
-22.74,140.02,0,0.87906,0.6639,0.99064
-14.48,140.02,0,0.94551,0.78696,0.99988
-11.81,140.02,0,0.96965,0.86325,0.99999
41.25,140.02,1,0.99169,0.9563,1
44.82,140.02,1,0.98888,0.94277,1
48.63,140.02,1,0.98846,0.93925,1
62.55,140.02,0,0.94399,0.82419,0.99697
69.02,140.02,0,0.88298,0.63472,0.99721
-69.02,142.53,0,0.55098,0.11359,0.91421
-41.25,142.53,1,0.86404,0.5802,0.9974
-37.87,142.53,0,0.83453,0.57967,0.98666
-34.64,142.53,0,0.79157,0.54835,0.95889
-31.53,142.53,0,0.71325,0.43106,0.93082
-28.52,142.53,0,0.77813,0.49258,0.96692
-25.59,142.53,0,0.88137,0.67102,0.99023
44.82,142.53,1,0.98937,0.94516,1
48.63,142.53,1,0.98841,0.93917,1
52.75,142.53,1,0.98416,0.92629,1
57.32,142.53,1,0.96642,0.86996,0.99976
62.55,142.53,0,0.936,0.80362,0.99625
69.02,142.53,0,0.92066,0.71082,0.99898
-69.02,145.04,0,0.5484,0.11835,0.91078
-48.63,145.04,0,0.85047,0.60036,0.99031
-44.82,145.04,0,0.90109,0.69107,0.9973
-41.25,145.04,1,0.85005,0.54358,0.99722
-37.87,145.04,0,0.78497,0.48439,0.97968
-34.64,145.04,0,0.75329,0.4802,0.95062
-31.53,145.04,0,0.81088,0.58456,0.96302
-28.52,145.04,0,0.82256,0.5652,0.97791
-11.81,145.04,1,0.9603,0.82299,0.99999
9.16,145.04,1,0.99232,0.9607,1
48.63,145.04,1,0.98856,0.94052,1
62.55,145.04,0,0.91508,0.75261,0.99432
69.02,145.04,0,0.87242,0.62448,0.99516
-69.02,147.55,0,0.5459,0.12136,0.90784
-41.25,147.55,0,0.91298,0.70492,0.99893
-37.87,147.55,0,0.87566,0.66612,0.99149
-34.64,147.55,0,0.84749,0.64705,0.97415
-31.53,147.55,0,0.86768,0.68142,0.97891
-28.52,147.55,1,0.86444,0.63296,0.98805
-14.48,147.55,1,0.94253,0.76175,0.99994
62.55,147.55,0,0.91668,0.74611,0.99563
69.02,147.55,0,0.86212,0.60166,0.9939
-69.02,150.06,0,0.57001,0.14032,0.92036
-41.25,150.06,1,0.92985,0.75572,0.99923
-37.87,150.06,0,0.93607,0.79891,0.99776
-34.64,150.06,0,0.91563,0.77673,0.99063
62.55,150.06,0,0.90737,0.70697,0.99598
69.02,150.06,0,0.87399,0.62472,0.99529
-69.02,152.57,0,0.59863,0.15954,0.93551
-34.64,152.57,1,0.92764,0.79858,0.9929
-28.52,152.57,0,0.88453,0.67691,0.99017
62.55,152.57,1,0.8782,0.62405,0.9948
69.02,152.57,0,0.86422,0.60049,0.99472
-69.02,155.08,0,0.63999,0.19278,0.95423
57.32,155.08,0,0.93836,0.78341,0.99886
62.55,155.08,1,0.85777,0.58001,0.99322
69.02,155.08,1,0.85651,0.57651,0.9946
-1.3,157.59,1,0.98711,0.93089,1
57.32,157.59,1,0.90861,0.69627,0.99781
69.02,157.59,0,0.8592,0.59236,0.99372
57.32,160.1,0,0.92984,0.75635,0.99849
69.02,160.1,0,0.84313,0.56397,0.99127
-1.3,162.61,1,0.98365,0.91082,1
62.55,162.61,0,0.85829,0.58099,0.99322
69.02,162.61,0,0.86705,0.61964,0.99327
62.55,165.12,0,0.8486,0.55538,0.99278
69.02,165.12,0,0.87695,0.63528,0.9939
69.02,167.63,0,0.85632,0.59884,0.99125
-9.16,170.14,1,0.96217,0.80689,1
62.55,170.14,0,0.88631,0.65114,0.99476
69.02,170.14,0,0.89398,0.67151,0.99533
69.02,172.65,0,0.88678,0.66642,0.9943
-44.82,175.16,1,0.90266,0.62653,0.99992
-41.25,175.16,0,0.91365,0.676,0.99986
-37.87,175.16,1,0.92909,0.73903,0.99978
69.02,175.16,0,0.88861,0.66836,0.9945
-48.63,177.67,0,0.88868,0.6074,0.99955
-44.82,177.67,1,0.90119,0.61286,0.99993
-41.25,177.67,1,0.91601,0.67245,0.99992
69.02,177.67,0,0.92123,0.74381,0.99711
