-44.82,-178.75,0,0.040692,2.5409e-42,0.27896
-41.25,-178.75,0,0.029614,4.0662e-45,0.19512
-14.48,-178.75,0,0.024743,2.7868e-33,0.15999
69.02,-178.75,0,0.012715,2.6593e-46,0.072245
69.02,-176.24,0,0.014332,1.5324e-49,0.0839
62.55,-173.73,0,0.025842,3.0749e-25,0.16692
69.02,-173.73,0,0.017126,1.7289e-47,0.10471
62.55,-171.22,0,0.029691,9.7111e-24,0.1909
69.02,-171.22,0,0.020109,7.8623e-40,0.12819
62.55,-168.71,0,0.034536,7.7078e-22,0.21726
69.02,-168.71,0,0.022503,9.1531e-34,0.146
62.55,-166.2,0,0.043787,6.0674e-20,0.27561
69.02,-166.2,0,0.02509,1.8514e-28,0.16147
62.55,-163.69,0,0.052093,1.0647e-17,0.31895
69.02,-163.69,0,0.028039,1.6828e-23,0.17651
62.55,-161.18,0,0.059134,2.1203e-15,0.34597
69.02,-161.18,0,0.032661,2.2268e-19,0.20633
57.32,-158.67,0,0.054118,3.8517e-11,0.2923
62.55,-158.67,0,0.068519,3.5591e-13,0.37896
69.02,-158.67,0,0.038456,6.6754e-16,0.23273
62.55,-156.16,0,0.0623,1.01e-10,0.32414
69.02,-156.16,0,0.043631,1.0694e-12,0.24039
57.32,-153.65,0,0.079121,2.7088e-09,0.38902
62.55,-153.65,0,0.07841,6.0632e-09,0.37566
69.02,-153.65,0,0.056823,4.8079e-10,0.28824
62.55,-151.14,0,0.079117,6.2422e-07,0.33598
69.02,-151.14,0,0.075512,1.2409e-07,0.3394
62.55,-148.63,0,0.064928,9.5245e-06,0.30489
69.02,-148.63,0,0.10747,1.5037e-05,0.41506
62.55,-146.12,0,0.1474,0.00022454,0.50539
69.02,-146.12,0,0.17179,0.00065448,0.56109
62.55,-143.61,0,0.11034,0.00067542,0.39996
69.02,-143.61,0,0.20582,0.011613,0.55305
62.55,-141.1,0,0.15399,0.0040072,0.4834
69.02,-141.1,1,0.28346,0.032613,0.6567
62.55,-138.59,0,0.15565,0.0053089,0.47067
69.02,-138.59,0,0.34466,0.057335,0.7088
62.55,-136.08,0,0.16358,0.001626,0.5636
69.02,-136.08,0,0.42149,0.075621,0.80224
62.55,-133.57,0,0.17765,0.00067843,0.64358
69.02,-133.57,0,0.39911,0.063841,0.79281
62.55,-131.06,1,0.22438,0.014239,0.58375
69.02,-131.06,0,0.24933,0.023561,0.62372
57.32,-128.55,0,0.1144,5.7253e-05,0.48641
62.55,-128.55,0,0.17127,0.0052194,0.50693
69.02,-128.55,0,0.21159,0.0089153,0.59957
57.32,-126.04,0,0.06465,1.754e-05,0.30223
62.55,-126.04,0,0.15043,0.0023737,0.48072
69.02,-126.04,0,0.14827,0.0035824,0.4723
52.75,-123.53,0,0.068193,2.821e-07,0.36388
57.32,-123.53,0,0.052159,4.3087e-06,0.25403
62.55,-123.53,0,0.1556,0.0010253,0.54342
69.02,-123.53,0,0.098009,0.0019619,0.32894
52.75,-121.02,0,0.026347,4.4715e-09,0.1562
57.32,-121.02,0,0.035614,8.8376e-07,0.18574
62.55,-121.02,0,0.097188,0.00026067,0.38766
69.02,-121.02,0,0.065593,0.00068846,0.24306
41.25,-118.51,0,0.37475,0.0048007,0.90942
44.82,-118.51,0,0.15229,0.00031303,0.5596
48.63,-118.51,0,0.084269,5.7346e-07,0.43882
52.75,-118.51,0,0.021595,1.309e-08,0.12759
57.32,-118.51,0,0.029529,4.1121e-07,0.15902
62.55,-118.51,0,0.055728,3.7149e-05,0.25454
69.02,-118.51,0,0.044209,0.00018228,0.18408
37.87,-116,0,0.27988,0.016845,0.74004
41.25,-116,0,0.2765,0.016236,0.70451
44.82,-116,0,0.10716,0.00034351,0.41229
48.63,-116,0,0.044093,3.8695e-07,0.23306
52.75,-116,0,0.015341,2.1117e-09,0.08862
57.32,-116,0,0.043693,5.3132e-08,0.23917
62.55,-116,0,0.099428,5.4319e-06,0.47611
69.02,-116,0,0.025849,4.014e-05,0.11936
34.64,-113.49,0,0.10394,0.00040759,0.40433
37.87,-113.49,0,0.29899,0.039787,0.68047
41.25,-113.49,0,0.23719,0.02548,0.5694
44.82,-113.49,0,0.11941,0.00030222,0.43715
48.63,-113.49,0,0.028296,9.8121e-08,0.14779
52.75,-113.49,0,0.010228,6.9479e-11,0.055758
57.32,-113.49,0,0.046208,2.8216e-09,0.26627
62.55,-113.49,0,0.051344,9.2383e-07,0.26051
69.02,-113.49,0,0.017418,4.656e-06,0.087176
34.64,-110.98,0,0.15265,0.00018542,0.58259
37.87,-110.98,1,0.27453,0.039302,0.61373
41.25,-110.98,1,0.20385,0.022279,0.499
44.82,-110.98,0,0.056038,2.0694e-05,0.25407
48.63,-110.98,0,0.015359,2.5684e-08,0.080341
52.75,-110.98,0,0.0087028,8.9664e-12,0.047307
57.32,-110.98,0,0.052041,7.8448e-11,0.32141
62.55,-110.98,0,0.057504,6.6885e-08,0.3129
69.02,-110.98,0,0.015517,6.5029e-07,0.081255
31.53,-108.47,0,0.017102,1.5117e-10,0.097526
34.64,-108.47,0,0.060591,4.6373e-05,0.26428
37.87,-108.47,0,0.19169,0.018823,0.48451
41.25,-108.47,0,0.16486,0.003726,0.49101
44.82,-108.47,0,0.043693,1.02e-05,0.19987
48.63,-108.47,0,0.008467,1.764e-09,0.046095
52.75,-108.47,0,0.014596,2.2179e-12,0.08358
57.32,-108.47,0,0.056879,1.4054e-12,0.36959
62.55,-108.47,0,0.033588,2.1073e-08,0.18733
69.02,-108.47,0,0.013219,7.7452e-08,0.070085
28.52,-105.96,0,0.0051381,6.7943e-22,0.017316
31.53,-105.96,0,0.006443,8.2282e-13,0.034858
34.64,-105.96,0,0.032487,4.4259e-08,0.18915
37.87,-105.96,0,0.10461,0.0014874,0.34657
41.25,-105.96,0,0.078198,0.00018341,0.30441
44.82,-105.96,0,0.025132,1.4737e-07,0.1334
48.63,-105.96,0,0.016144,7.3505e-11,0.096785
52.75,-105.96,0,0.018788,1.5979e-13,0.10761
57.32,-105.96,0,0.042841,4.202e-13,0.26593
62.55,-105.96,0,0.017836,4.3699e-09,0.095849
25.59,-103.45,0,0.0032671,1.2114e-31,0.007518
28.52,-103.45,0,0.0021633,6.643e-23,0.0073152
31.53,-103.45,0,0.0053478,3.948e-15,0.025764
34.64,-103.45,0,0.013627,4.1268e-09,0.08029
37.87,-103.45,0,0.056274,2.811e-08,0.34197
41.25,-103.45,0,0.043321,1.2934e-06,0.21296
44.82,-103.45,0,0.018719,2.3913e-09,0.10769
48.63,-103.45,0,0.01841,9.0308e-13,0.11122
52.75,-103.45,0,0.014635,2.1637e-14,0.078358
57.32,-103.45,0,0.015864,8.7783e-13,0.089487
62.55,-103.45,0,0.0085939,1.1553e-09,0.044103
19.94,-100.94,0,0.002917,2.6384e-48,0.0070855
22.74,-100.94,0,0.0025453,5.7969e-42,0.0052132
25.59,-100.94,0,0.0015187,8.2316e-33,0.0034964
28.52,-100.94,0,0.0018551,5.9844e-24,0.0047589
31.53,-100.94,0,0.0041122,1.0449e-17,0.014987
34.64,-100.94,0,0.010235,2.6714e-12,0.056397
37.87,-100.94,0,0.02652,3.6781e-09,0.15069
41.25,-100.94,0,0.028739,6.9104e-10,0.16663
44.82,-100.94,0,0.028736,1.561e-12,0.17434
48.63,-100.94,0,0.01254,1.579e-14,0.069295
52.75,-100.94,0,0.0064831,1.6797e-14,0.032846
57.32,-100.94,0,0.0053509,1.6535e-12,0.027556
62.55,-100.94,0,0.0054722,1.6259e-10,0.027541
19.94,-98.43,0,0.0027689,7.3122e-53,0.0058053
22.74,-98.43,0,0.0019471,3.488e-45,0.0031898
25.59,-98.43,0,0.0012201,1.5018e-34,0.0026035
28.52,-98.43,0,0.0014929,1.2561e-25,0.0048284
31.53,-98.43,0,0.0019385,5.8376e-20,0.0084346
34.64,-98.43,0,0.0039065,1.2448e-15,0.021763
37.87,-98.43,0,0.013205,2.3773e-12,0.081331
41.25,-98.43,0,0.019636,7.223e-13,0.12098
44.82,-98.43,0,0.025354,2.6236e-15,0.1569
48.63,-98.43,0,0.0051177,6.74e-16,0.027309
52.75,-98.43,0,0.0026457,2.1064e-14,0.012726
57.32,-98.43,0,0.0026307,5.4504e-13,0.011266
62.55,-98.43,0,0.0038829,1.5855e-11,0.018588
17.19,-95.92,0,0.0034642,1.5415e-60,0.0076274
19.94,-95.92,0,0.0044675,1.4621e-61,0.0063551
22.74,-95.92,0,0.0036205,2.3e-45,0.010907
25.59,-95.92,0,0.0024248,5.1375e-36,0.0072308
28.52,-95.92,0,0.0022147,4.8138e-28,0.0065266
31.53,-95.92,0,0.0017505,3.2873e-23,0.005933
34.64,-95.92,0,0.0029964,7.4369e-19,0.014925
37.87,-95.92,0,0.0070966,1.6968e-16,0.042141
41.25,-95.92,0,0.010532,2.3771e-16,0.063259
44.82,-95.92,0,0.013092,1.3242e-17,0.073345
48.63,-95.92,0,0.0031998,1.3601e-16,0.015171
52.75,-95.92,0,0.0023877,4.683e-15,0.0096135
57.32,-95.92,0,0.0023111,5.1554e-14,0.0090032
62.55,-95.92,0,0.0022562,1.5246e-12,0.0093954
69.02,-95.92,0,0.0036226,6.1043e-13,0.017116
17.19,-93.41,0,0.0038234,7.18e-65,0.008617
19.94,-93.41,0,0.007553,4.7409e-59,0.023335
31.53,-93.41,0,0.0023403,3.2045e-26,0.0057588
34.64,-93.41,0,0.0023988,6.4835e-22,0.0096019
37.87,-93.41,0,0.0055238,4.2787e-21,0.026364
41.25,-93.41,0,0.0071613,6.901e-20,0.038865
44.82,-93.41,0,0.0056291,2.9253e-19,0.029673
48.63,-93.41,0,0.0020679,9.7049e-18,0.0088052
52.75,-93.41,0,0.00195,2.0463e-16,0.0064786
57.32,-93.41,0,0.0022541,1.3363e-15,0.0078316
62.55,-93.41,0,0.0017667,9.2758e-14,0.0069551
17.19,-90.9,0,0.0049854,1.7525e-64,0.011418
31.53,-90.9,0,0.0018916,1.5849e-29,0.0038923
34.64,-90.9,0,0.0030986,1.2769e-26,0.0086622
37.87,-90.9,0,0.0041472,1.1998e-24,0.015727
41.25,-90.9,0,0.0035961,1.929e-22,0.016305
44.82,-90.9,0,0.0029971,1.8771e-21,0.013518
48.63,-90.9,0,0.0010359,3.6195e-19,0.0039023
52.75,-90.9,0,0.001249,2.9835e-18,0.003791
57.32,-90.9,0,0.0031386,1.1669e-17,0.010902
62.55,-90.9,0,0.0019532,6.2169e-15,0.0074814
14.48,-88.39,0,0.0017788,1.8738e-74,0.0018013
17.19,-88.39,0,0.0037032,5.0583e-66,0.0072902
34.64,-88.39,0,0.0036722,7.0934e-31,0.0086728
37.87,-88.39,0,0.002638,3.5393e-28,0.0075536
41.25,-88.39,0,0.0016901,4.8269e-25,0.0057286
44.82,-88.39,0,0.0014803,1.6186e-23,0.0053992
48.63,-88.39,0,0.00062088,6.3559e-21,0.0019287
52.75,-88.39,0,0.0011761,2.9064e-20,0.0033241
57.32,-88.39,0,0.0020439,8.8374e-19,0.0065568
62.55,-88.39,0,0.0014015,2.6957e-16,0.0050467
69.02,-88.39,0,0.0015047,2.0496e-16,0.0053423
14.48,-85.88,0,0.0016875,4.6958e-72,0.0017718
31.53,-85.88,0,0.00093073,7.7994e-37,0.0013034
34.64,-85.88,0,0.0019471,3.4963e-34,0.0033403
37.87,-85.88,0,0.0014452,4.9875e-31,0.0030932
41.25,-85.88,0,0.00089151,7.2082e-28,0.0023453
44.82,-85.88,0,0.00062156,1.1417e-25,0.0016251
48.63,-85.88,0,0.00038331,6.316e-23,0.00087762
52.75,-85.88,0,0.00093723,4.7583e-22,0.0025089
57.32,-85.88,0,0.0010489,1.3511e-19,0.0028913
62.55,-85.88,0,0.00086587,1.144e-17,0.0025538
69.02,-85.88,0,0.0011106,1.5115e-17,0.0032961
9.16,-83.37,0,0.00087882,1.945e-70,0.00031228
11.81,-83.37,0,0.0011486,4.0767e-74,0.00072089
14.48,-83.37,0,0.0016158,2.5316e-76,0.0017984
31.53,-83.37,0,0.00085978,2.343e-41,0.00088055
34.64,-83.37,0,0.00050957,2.7048e-36,0.00064632
37.87,-83.37,0,0.0005532,1.9484e-33,0.00078008
41.25,-83.37,0,0.00049948,1.3176e-30,0.00087975
44.82,-83.37,0,0.00049138,1.6105e-27,0.00091302
48.63,-83.37,0,0.00032058,1.8464e-24,0.00052963
52.75,-83.37,0,0.0006703,2.3926e-23,0.0014397
57.32,-83.37,0,0.00068016,7.0885e-21,0.0017019
62.55,-83.37,0,0.00067125,3.9799e-19,0.0016169
69.02,-83.37,0,0.00094435,9.2666e-19,0.0025983
31.53,-80.86,0,0.00037768,2.6227e-42,0.00030518
34.64,-80.86,0,0.00017304,2.9283e-40,0.0001359
37.87,-80.86,0,0.00025536,1.5827e-36,0.00019409
41.25,-80.86,0,0.00031358,7.2524e-34,0.0002924
44.82,-80.86,0,0.00030744,3.3163e-30,0.00034593
48.63,-80.86,0,0.00025601,1.8779e-26,0.00029376
52.75,-80.86,0,0.00063949,2.52e-25,0.001192
57.32,-80.86,0,0.00061001,1.3611e-22,0.0013869
62.55,-80.86,0,0.00063323,2.6568e-20,0.0015799
69.02,-80.86,0,0.00081155,4.0323e-20,0.0019232
-6.53,-78.35,0,0.0013956,6.1485e-76,0.00062154
19.94,-78.35,0,0.0023924,3.0424e-70,0.003421
34.64,-78.35,0,0.00024959,2.1209e-43,0.000145
37.87,-78.35,0,0.00032523,2.0066e-41,0.00017485
41.25,-78.35,0,0.00034291,7.7404e-38,0.00021635
44.82,-78.35,0,0.00034818,7.0423e-34,0.0003235
48.63,-78.35,0,0.00023314,1.8899e-28,0.00020245
52.75,-78.35,0,0.00053965,6.2475e-28,0.0010021
57.32,-78.35,0,0.00069605,9.6335e-25,0.0014897
62.55,-78.35,0,0.00065078,5.4814e-22,0.0015262
69.02,-78.35,0,0.00063951,2.2099e-21,0.0012942
-9.16,-75.84,0,0.00044704,2.4127e-69,0.00011228
-6.53,-75.84,0,0.0013098,9.3386e-82,0.00054307
-3.91,-75.84,0,0.0014774,1.4384e-85,0.00055192
-1.3,-75.84,0,0.00098878,1.5361e-83,0.00029594
14.48,-75.84,0,0.001512,4.5456e-81,0.0024786
34.64,-75.84,0,0.00038498,8.715e-48,0.00018068
37.87,-75.84,0,0.00060133,7.0385e-50,0.00025008
41.25,-75.84,0,0.0003517,1.6393e-43,0.00015282
44.82,-75.84,0,0.00039982,2.8314e-39,0.00029782
48.63,-75.84,0,0.0001881,1.5033e-31,0.0001274
52.75,-75.84,0,0.0003795,1.322e-29,0.00054953
57.32,-75.84,0,0.000501,5.407e-26,0.00093374
62.55,-75.84,0,0.0005563,1.7919e-23,0.0010949
69.02,-75.84,0,0.00055719,9.9781e-23,0.00093648
-14.48,-73.33,0,0.00053081,3.2939e-62,0.00010113
-11.81,-73.33,0,0.00016316,2.9373e-62,3.6536e-05
-9.16,-73.33,0,0.00027861,9.5831e-69,0.00011277
-6.53,-73.33,0,0.0013118,1.4597e-81,0.00086794
-3.91,-73.33,0,0.0022551,2.0541e-89,0.001523
-1.3,-73.33,0,0.000902,5.1485e-85,0.0003881
1.3,-73.33,0,0.00076599,4.4747e-85,0.00022583
3.91,-73.33,0,0.00061354,8.7979e-86,0.00015035
17.19,-73.33,0,0.0021006,1.9606e-84,0.0045106
19.94,-73.33,0,0.0012553,1.6657e-74,0.002008
37.87,-73.33,0,0.0010371,6.9658e-53,0.0003646
41.25,-73.33,0,0.00045651,1.4922e-49,0.00015493
44.82,-73.33,0,0.00062894,5.8115e-44,0.00046307
48.63,-73.33,0,0.00016801,1.8604e-34,9.2626e-05
52.75,-73.33,0,0.000249,2.1406e-30,0.00024149
57.32,-73.33,0,0.00029845,7.7583e-27,0.00043267
62.55,-73.33,0,0.00039198,1.5256e-24,0.0006314
69.02,-73.33,0,0.00044956,4.0397e-24,0.00062163
-52.75,-70.82,0,0.29558,0.051371,0.63722
-48.63,-70.82,1,0.2435,0.014094,0.63897
-44.82,-70.82,0,0.13643,0.0013566,0.45419
-17.19,-70.82,0,0.0013595,1.1856e-65,0.00065337
-14.48,-70.82,0,0.00015993,2.212e-60,8.4982e-05
-11.81,-70.82,0,0.00014131,4.6948e-60,6.7554e-05
-9.16,-70.82,0,0.00055981,3.0502e-69,0.00024038
-6.53,-70.82,0,0.002582,6.0362e-81,0.0015426
-3.91,-70.82,0,0.0030179,1.1555e-87,0.0021852
-1.3,-70.82,0,0.00089517,7.9513e-85,0.00044703
1.3,-70.82,0,0.00092228,1.3011e-85,0.00041149
3.91,-70.82,0,0.0005417,3.5861e-84,0.00019454
6.53,-70.82,0,0.001237,1.0498e-85,0.00024972
9.16,-70.82,0,0.0014584,3.91e-90,0.00015331
41.25,-70.82,0,0.00081642,1.1354e-55,0.00020407
44.82,-70.82,0,0.00064606,1.656e-47,0.00034635
48.63,-70.82,0,0.00014111,1.592e-37,5.8677e-05
52.75,-70.82,0,0.0001512,1.2029e-31,8.1989e-05
57.32,-70.82,0,0.0002641,8.9838e-29,0.00021582
62.55,-70.82,0,0.00033347,2.1146e-26,0.00038006
69.02,-70.82,0,0.00039012,1.8561e-25,0.00047182
-69.02,-68.31,0,0.51095,0.028797,0.98976
-57.32,-68.31,0,0.50722,0.12533,0.87416
-52.75,-68.31,0,0.32751,0.05641,0.68715
-48.63,-68.31,0,0.24242,0.010971,0.67293
-44.82,-68.31,0,0.11196,0.00046074,0.42156
-41.25,-68.31,0,0.034475,5.7813e-07,0.17152
-37.87,-68.31,0,0.011182,1.3978e-12,0.060554
-34.64,-68.31,0,0.0068191,2.4221e-23,0.032859
-31.53,-68.31,0,0.0071494,2.3796e-40,0.025746
-19.94,-68.31,0,0.0060213,1.4619e-64,0.010882
-17.19,-68.31,0,0.0015541,1.6946e-68,0.00087787
-14.48,-68.31,0,0.00020315,3.6155e-59,0.00013176
-11.81,-68.31,0,0.00037574,2.2003e-61,0.00011291
-9.16,-68.31,0,0.00083768,1.9671e-69,0.00025857
-6.53,-68.31,0,0.0011242,1.5146e-80,0.00059431
-3.91,-68.31,0,0.0016499,2.5731e-87,0.0010419
-1.3,-68.31,0,0.00068371,3.6779e-84,0.00025719
1.3,-68.31,0,0.00066117,1.0776e-83,0.00026463
3.91,-68.31,0,0.00062692,3.5692e-83,0.00038454
6.53,-68.31,0,0.0019436,2.9547e-89,0.00066177
17.19,-68.31,0,0.0018494,9.4374e-84,0.0023085
37.87,-68.31,0,0.00065376,3.415e-62,7.92e-05
41.25,-68.31,0,0.00059306,1.6726e-58,9.9445e-05
44.82,-68.31,0,0.0004719,2.1402e-49,0.00019269
48.63,-68.31,0,0.00014513,5.0273e-40,5.7836e-05
52.75,-68.31,0,0.00010361,7.8028e-33,3.3636e-05
57.32,-68.31,0,0.00020618,1.6296e-30,0.00011293
62.55,-68.31,0,0.00026959,4.1676e-28,0.00023046
69.02,-68.31,0,0.00035047,8.7893e-27,0.00036844
-57.32,-65.8,0,0.50662,0.12742,0.87444
-48.63,-65.8,0,0.22694,0.013144,0.60286
-44.82,-65.8,0,0.13015,0.00030015,0.51101
-41.25,-65.8,0,0.053746,7.1487e-07,0.26136
-37.87,-65.8,0,0.015136,1.0336e-12,0.086364
-34.64,-65.8,0,0.0061189,1.0958e-22,0.032903
-31.53,-65.8,0,0.0059485,2.4553e-40,0.019476
-28.52,-65.8,0,0.0054319,2.0141e-58,0.012249
-25.59,-65.8,0,0.0020455,2.9724e-63,0.0030878
-22.74,-65.8,0,0.0015495,1.8152e-63,0.0015245
-19.94,-65.8,0,0.0036861,6.9159e-69,0.0030356
-17.19,-65.8,0,0.00079746,7.967e-67,0.00041154
-14.48,-65.8,0,0.00037707,1.2978e-61,0.00018703
-11.81,-65.8,0,0.0003392,1.4221e-62,9.8572e-05
-9.16,-65.8,0,0.00030108,3.8486e-67,9.3053e-05
-6.53,-65.8,0,0.0006303,3.9491e-79,0.0002658
-3.91,-65.8,0,0.00066229,2.6308e-83,0.00024312
-1.3,-65.8,0,0.00061046,1.1366e-81,0.00014598
1.3,-65.8,0,0.00063659,9.9649e-84,0.00019588
3.91,-65.8,0,0.001065,2.9672e-86,0.0005373
6.53,-65.8,0,0.0024253,4.0986e-88,0.001363
9.16,-65.8,0,0.0013966,4.244e-83,0.00052025
14.48,-65.8,0,0.0030815,5.0494e-84,0.0016852
41.25,-65.8,0,0.00066397,2.5917e-63,7.517e-05
44.82,-65.8,0,0.00022445,2.9453e-51,3.5927e-05
48.63,-65.8,0,0.00017288,1.5474e-43,7.4581e-05
52.75,-65.8,0,6.6436e-05,8.3153e-35,2.1634e-05
57.32,-65.8,0,0.00018885,8.1383e-32,0.00011113
62.55,-65.8,0,0.00025603,4.493e-29,0.00023348
69.02,-65.8,0,0.00023388,2.2619e-29,0.00026002
-57.32,-63.29,0,0.50489,0.14905,0.8542
-44.82,-63.29,0,0.12776,0.00083203,0.43373
-41.25,-63.29,0,0.052962,2.3282e-06,0.24306
-37.87,-63.29,0,0.021219,2.8964e-12,0.11664
-34.64,-63.29,0,0.0074421,4.4076e-23,0.039905
-31.53,-63.29,0,0.010384,1.6951e-37,0.044759
-28.52,-63.29,0,0.0047541,2.4011e-56,0.010045
-25.59,-63.29,0,0.0017505,1.1504e-61,0.0019373
-22.74,-63.29,0,0.0011387,2.0533e-63,0.0011758
-19.94,-63.29,0,0.0034972,5.9455e-70,0.0032552
-17.19,-63.29,0,0.00089977,6.9621e-65,0.00074265
-14.48,-63.29,0,0.00076683,2.4832e-64,0.00026068
-11.81,-63.29,0,0.00015054,3.2812e-63,4.6283e-05
-9.16,-63.29,0,0.00022624,1.0069e-65,3.2588e-05
-6.53,-63.29,0,0.0005714,1.1793e-75,0.00014031
-3.91,-63.29,0,0.00056025,5.7655e-79,0.00014752
-1.3,-63.29,0,0.00034801,2.8406e-80,8.3335e-05
1.3,-63.29,0,0.00047368,4.8016e-86,9.2245e-05
3.91,-63.29,0,0.0014233,9.9025e-95,0.00016855
6.53,-63.29,0,0.0028559,3.1518e-87,0.0015168
14.48,-63.29,0,0.0027825,4.6774e-83,0.001254
44.82,-63.29,0,0.00017948,1.5581e-51,2.2813e-05
48.63,-63.29,0,0.00018456,1.6844e-45,7.084e-05
52.75,-63.29,0,5.7441e-05,3.5203e-37,1.9985e-05
57.32,-63.29,0,0.00017033,6.5888e-33,0.00012601
62.55,-63.29,0,0.00022813,6.2902e-31,0.0002182
69.02,-63.29,0,0.00028418,7.4726e-30,0.00027303
-69.02,-60.78,1,0.67483,0.19225,0.99257
-62.55,-60.78,1,0.6163,0.21356,0.94824
-41.25,-60.78,0,0.062539,3.7985e-06,0.28323
-37.87,-60.78,0,0.024902,1.571e-11,0.13656
-34.64,-60.78,0,0.0071108,1.1461e-21,0.037132
-31.53,-60.78,0,0.0058095,8.3189e-37,0.022556
-28.52,-60.78,0,0.0056743,9.535e-49,0.012718
-25.59,-60.78,0,0.0038712,2.8081e-55,0.0046395
-22.74,-60.78,0,0.001332,7.3962e-61,0.0012719
-19.94,-60.78,0,0.0039587,1.3163e-66,0.0049682
-17.19,-60.78,0,0.0018155,1.1412e-64,0.0011872
-14.48,-60.78,0,0.00052741,1.7651e-65,0.00017553
-11.81,-60.78,0,0.00012827,3.1762e-65,2.8278e-05
-9.16,-60.78,0,0.00026738,6.621e-67,3.3707e-05
-1.3,-60.78,0,0.00045681,8.8348e-78,0.00010186
1.3,-60.78,0,0.00033815,3.1311e-82,6.8086e-05
3.91,-60.78,0,0.00051692,1.4777e-87,0.00013598
6.53,-60.78,0,0.0019464,2.8306e-86,0.00066348
48.63,-60.78,0,0.00016687,2.5192e-46,5.4538e-05
52.75,-60.78,0,6.9462e-05,5.0274e-39,2.6875e-05
57.32,-60.78,0,0.00018351,5.7964e-35,0.00012487
62.55,-60.78,0,0.00024313,1.1798e-34,0.00020018
69.02,-60.78,0,0.00044481,3.4702e-31,0.00033859
-37.87,-58.27,0,0.023867,4.4242e-11,0.13146
-34.64,-58.27,0,0.0089752,3.8601e-21,0.044769
-31.53,-58.27,0,0.0066968,4.8348e-35,0.024922
-28.52,-58.27,0,0.0039867,7.0603e-47,0.0077615
-25.59,-58.27,0,0.0024863,7.9599e-53,0.0022958
-22.74,-58.27,0,0.0022313,4.0612e-58,0.0024978
-19.94,-58.27,0,0.0049182,3.4056e-64,0.0073065
-17.19,-58.27,0,0.0046647,3.9568e-67,0.0027592
-14.48,-58.27,0,0.00027528,1.1203e-66,7.5163e-05
-11.81,-58.27,0,0.00012869,4.2565e-68,2.2101e-05
-9.16,-58.27,0,0.00032319,1.257e-68,3.6273e-05
-1.3,-58.27,0,0.00043878,5.411e-77,7.4905e-05
1.3,-58.27,0,0.00059658,4.3193e-81,0.00014338
3.91,-58.27,0,0.00061066,2.8718e-89,0.00010037
52.75,-58.27,0,9.5619e-05,3.7454e-41,3.7795e-05
57.32,-58.27,0,0.0002597,1.4898e-37,0.00014849
-41.25,-55.76,0,0.089202,4.4784e-06,0.39471
-28.52,-55.76,0,0.0033604,1.0945e-45,0.005976
-25.59,-55.76,0,0.0019536,1.0721e-51,0.0016546
-22.74,-55.76,0,0.0018378,5.0944e-57,0.0014064
-19.94,-55.76,0,0.0019509,8.8556e-63,0.0018596
-17.19,-55.76,0,0.0036574,3.3271e-67,0.0015799
-14.48,-55.76,0,0.0002948,8.0314e-68,6.7608e-05
-11.81,-55.76,0,0.00017297,2.2475e-70,2.3561e-05
-9.16,-55.76,0,0.00036909,2.2472e-71,4.2745e-05
-6.53,-55.76,0,0.00086612,1.924e-72,0.00011612
-3.91,-55.76,0,0.0006363,3.5945e-73,9.1742e-05
-1.3,-55.76,0,0.00043301,3.4805e-76,6.539e-05
1.3,-55.76,0,0.00096484,1.4393e-82,0.0001484
6.53,-55.76,0,0.0020483,2.1072e-85,0.00053718
52.75,-55.76,0,0.00016127,2.0515e-43,6.2385e-05
-41.25,-53.25,0,0.083198,2.9054e-06,0.37498
-34.64,-53.25,0,0.0058822,2.3499e-20,0.028008
-31.53,-53.25,0,0.0030504,3.9829e-32,0.0090786
-28.52,-53.25,0,0.0021225,7.8328e-43,0.0030265
-25.59,-53.25,0,0.0012456,2.8039e-50,0.00091491
-22.74,-53.25,0,0.00076761,2.4957e-57,0.00046519
-19.94,-53.25,0,0.0021218,1.3072e-61,0.0021526
-17.19,-53.25,0,0.0047855,2.2513e-68,0.0018316
-14.48,-53.25,0,0.00060021,4.4956e-69,0.00011287
-11.81,-53.25,0,0.00033027,3.6499e-71,3.5787e-05
-9.16,-53.25,0,0.00049222,5.2547e-74,6.2845e-05
-6.53,-53.25,0,0.0014231,3.1494e-76,0.00030941
-3.91,-53.25,0,0.00086192,7.0639e-74,0.00011483
-1.3,-53.25,0,0.00067742,4.7387e-77,6.1129e-05
1.3,-53.25,0,0.00045512,1.1807e-79,4.139e-05
48.63,-53.25,0,9.7161e-05,3.0216e-50,1.4904e-05
-31.53,-50.74,0,0.0026655,4.2135e-31,0.0074965
-28.52,-50.74,0,0.00084306,8.128e-42,0.0012019
-25.59,-50.74,0,0.00077105,5.4843e-50,0.00043183
-22.74,-50.74,0,0.00061804,4.4948e-57,0.0003733
-19.94,-50.74,0,0.00079013,1.8706e-62,0.00054198
-17.19,-50.74,0,0.0026735,2.1724e-67,0.0007886
-14.48,-50.74,0,0.0012453,1.6547e-70,0.00026743
-11.81,-50.74,0,0.00061778,3.3543e-72,5.8536e-05
-9.16,-50.74,0,0.00085774,3.8785e-76,0.00015239
-6.53,-50.74,0,0.0016191,1.5865e-77,0.00037041
-3.91,-50.74,0,0.00099161,2.7531e-74,0.0001469
-1.3,-50.74,0,0.00054867,1.7844e-75,3.3495e-05
1.3,-50.74,0,0.00041714,5.7414e-79,2.3835e-05
-31.53,-48.23,0,0.0023205,4.614e-30,0.0062547
-28.52,-48.23,0,0.00036561,2.2627e-43,0.00062289
-25.59,-48.23,0,0.00021243,5.0603e-50,0.00022512
-22.74,-48.23,0,0.00033202,1.515e-56,0.00014146
-19.94,-48.23,0,0.00022757,9.6408e-62,9.9e-05
-17.19,-48.23,0,0.0012744,1.111e-65,0.00039259
-14.48,-48.23,0,0.00093739,1.1673e-69,0.00019031
-11.81,-48.23,0,0.00057849,4.1971e-72,5.6747e-05
-9.16,-48.23,0,0.0011551,1.6517e-78,0.00026014
-6.53,-48.23,0,0.0020389,3.5313e-79,0.00048154
69.02,-48.23,0,0.00040354,1.6376e-38,0.00014593
-25.59,-45.72,0,0.00022017,8.4885e-50,0.00021837
-22.74,-45.72,0,0.00012312,3.7201e-57,6.9433e-05
-19.94,-45.72,0,9.8536e-05,1.3703e-62,3.0344e-05
-17.19,-45.72,0,0.00028054,1.0896e-66,6.14e-05
-14.48,-45.72,0,0.00067325,2.1173e-69,9.3226e-05
-11.81,-45.72,0,0.00063865,1.1856e-72,6.0087e-05
-9.16,-45.72,0,0.0022748,6.369e-80,0.00069141
-6.53,-45.72,0,0.0032193,5.6371e-81,0.00090007
-3.91,-45.72,0,0.00089022,2.5858e-74,0.00012566
62.55,-45.72,0,0.0002349,2.6801e-43,7.2591e-05
69.02,-45.72,0,0.00035999,4.504e-40,0.00010988
-22.74,-43.21,0,9.7999e-05,4.272e-58,5.5481e-05
-19.94,-43.21,0,6.1185e-05,7.5795e-63,1.359e-05
-17.19,-43.21,0,0.00013902,1.738e-65,1.9132e-05
-14.48,-43.21,0,0.00023878,2.5604e-69,1.6108e-05
-11.81,-43.21,0,0.00049098,4.5889e-73,2.5612e-05
-9.16,-43.21,0,0.001347,2.3369e-77,0.00024213
-6.53,-43.21,0,0.001709,3.6017e-78,0.00040183
62.55,-43.21,0,0.00013885,1.1706e-46,2.6892e-05
69.02,-43.21,0,0.00024253,3.275e-42,6.4218e-05
-22.74,-40.7,0,0.00012971,5.9825e-59,4.4893e-05
-19.94,-40.7,0,4.9638e-05,2.4748e-63,9.1515e-06
-17.19,-40.7,0,5.9762e-05,6.8062e-65,7.241e-06
-14.48,-40.7,0,0.00012298,7.7757e-68,7.7338e-06
-11.81,-40.7,0,0.00044093,6.1804e-72,2.1787e-05
-9.16,-40.7,0,0.0008772,1.8239e-75,0.0001014
-6.53,-40.7,0,0.0010013,2.0267e-75,0.00015963
62.55,-40.7,0,0.00028186,2.0997e-52,2.7359e-05
69.02,-40.7,0,0.00026824,2.7328e-47,3.1592e-05
-22.74,-38.19,0,0.00025599,9.3051e-55,7.5457e-05
-19.94,-38.19,0,7.6755e-05,3.3044e-61,1.2823e-05
-17.19,-38.19,0,4.8562e-05,7.7527e-65,6.114e-06
-14.48,-38.19,0,7.1025e-05,3.9376e-68,4.941e-06
-11.81,-38.19,0,0.00018464,5.9435e-72,5.2439e-06
-9.16,-38.19,0,0.0004662,5.2917e-74,2.1284e-05
-6.53,-38.19,0,0.00050269,2.3766e-74,2.7226e-05
62.55,-38.19,0,0.00028411,6.573e-52,3.1436e-05
69.02,-38.19,0,0.00028985,7.5201e-50,2.0106e-05
-11.81,-35.68,0,0.00016711,7.0511e-70,5.5592e-06
-9.16,-35.68,0,0.0002663,7.1446e-73,7.1334e-06
69.02,-35.68,0,0.00036334,1.1595e-52,1.9227e-05
-9.16,-33.17,0,0.00026341,9.7818e-71,7.5965e-06
69.02,-33.17,0,0.00050003,1.9903e-55,1.8711e-05
69.02,-30.66,0,0.00063607,1.407e-57,2.2435e-05
69.02,-28.15,0,0.00056373,9.0725e-58,2.1493e-05
69.02,-25.64,0,0.00029601,3.5745e-53,2.3449e-05
69.02,-23.13,0,0.00031765,7.6535e-55,1.9907e-05
69.02,-20.62,0,0.0003766,1.104e-54,2.9123e-05
19.94,-18.11,0,7.0158e-06,2.1486e-79,1.2841e-07
9.16,-15.6,0,0.00036941,2.0887e-86,1.4544e-05
11.81,-15.6,0,0.00042618,7.162e-87,1.0096e-05
14.48,-15.6,0,4.7433e-05,2.2099e-82,9.8032e-07
17.19,-15.6,0,9.6689e-06,2.4944e-80,2.2458e-07
19.94,-15.6,0,9.9366e-06,3.2601e-80,1.1888e-07
22.74,-15.6,0,1.0332e-05,1.2347e-86,9.1553e-08
6.53,-13.09,0,0.00045141,3.9555e-89,2.6898e-05
9.16,-13.09,0,0.00030969,3.4688e-90,1.2369e-05
11.81,-13.09,0,0.00020439,3.3456e-87,6.6123e-06
14.48,-13.09,0,3.4742e-05,1.4026e-83,7.91e-07
17.19,-13.09,0,2.2773e-05,4.4685e-82,1.3726e-07
19.94,-13.09,0,2.8595e-05,1.4061e-81,1.3557e-07
22.74,-13.09,0,1.8082e-05,8.113e-88,1.7193e-07
25.59,-13.09,0,5.746e-05,1.6974e-94,8.3579e-07
3.91,-10.58,0,0.00040892,6.8715e-88,2.8126e-05
6.53,-10.58,0,0.00061586,3.6513e-93,3.3229e-05
9.16,-10.58,0,0.0004821,5.8431e-90,2.1785e-05
11.81,-10.58,0,0.00017395,9.9804e-88,5.2232e-06
14.48,-10.58,0,5.1411e-05,1.655e-83,1.0882e-06
17.19,-10.58,0,7.386e-05,1.4e-81,2.9219e-07
19.94,-10.58,0,0.00011428,4.9633e-84,3.338e-07
22.74,-10.58,0,3.7403e-05,5.3212e-90,2.8744e-07
25.59,-10.58,0,6.6259e-05,9.0403e-99,1.329e-06
28.52,-10.58,0,0.00032054,5.7982e-110,1.0854e-05
37.87,-10.58,0,0.00017968,6.0476e-87,2.6048e-07
41.25,-10.58,0,0.00011706,4.6588e-75,1.6176e-07
52.75,-10.58,0,0.00040284,3.7826e-69,7.6856e-06
3.91,-8.07,0,0.00054021,3.5174e-89,4.2447e-05
6.53,-8.07,0,0.0011982,3.782e-95,0.00012886
9.16,-8.07,0,0.00074138,7.1574e-90,3.8988e-05
11.81,-8.07,0,0.00036138,7.2214e-86,1.0876e-05
14.48,-8.07,0,0.00018682,1.5992e-83,1.6725e-06
17.19,-8.07,0,0.00023169,8.6453e-83,7.2338e-07
19.94,-8.07,0,0.00030803,1.5562e-86,5.939e-07
22.74,-8.07,0,9.9182e-05,2.6331e-92,5.6335e-07
25.59,-8.07,0,0.00010437,3.9833e-101,5.0716e-06
28.52,-8.07,0,0.00091358,7.9379e-115,0.00010047
31.53,-8.07,0,0.00031012,3.1061e-115,4.2747e-06
37.87,-8.07,0,0.00018944,7.5459e-92,6.9197e-07
41.25,-8.07,0,0.0001217,1.5793e-79,5.0145e-07
57.32,-8.07,0,0.0039926,6.0451e-86,0.00078872
3.91,-5.56,0,0.00065497,6.2744e-91,5.7184e-05
6.53,-5.56,0,0.00086602,7.7574e-95,9.2888e-05
9.16,-5.56,0,0.0006764,3.0401e-90,3.8693e-05
11.81,-5.56,0,0.0010164,1.2198e-88,2.8396e-05
14.48,-5.56,0,0.00060918,1.035e-85,6.3286e-06
17.19,-5.56,0,0.0006566,7.5689e-86,2.2164e-06
19.94,-5.56,0,0.00064005,2.6556e-89,1.4298e-06
22.74,-5.56,0,0.00035977,1.6435e-94,1.4691e-06
25.59,-5.56,0,0.00036929,1.4627e-103,9.3862e-06
28.52,-5.56,0,0.0012156,4.1999e-117,0.00037143
31.53,-5.56,0,0.0003345,4.863e-120,4.6697e-06
34.64,-5.56,0,0.00018135,1.3008e-104,3.7053e-07
37.87,-5.56,0,0.0001693,1.6018e-95,1.5773e-06
41.25,-5.56,0,0.00029929,8.4061e-80,9.4315e-07
52.75,-5.56,0,0.00048058,1.1531e-70,9.118e-06
3.91,-3.05,0,0.00074787,1.646e-93,6.974e-05
6.53,-3.05,0,0.00073393,1.3188e-94,8.4686e-05
9.16,-3.05,0,0.00051144,3.1987e-90,3.114e-05
11.81,-3.05,0,0.00072074,1.172e-87,1.5368e-05
14.48,-3.05,0,0.001365,4.8891e-89,1.6146e-05
17.19,-3.05,0,0.0015793,1.1517e-89,8.0486e-06
19.94,-3.05,0,0.0013549,1.3815e-91,3.8724e-06
22.74,-3.05,0,0.001147,1.2568e-96,5.0905e-06
25.59,-3.05,0,0.0009374,2.7176e-105,1.866e-05
28.52,-3.05,0,0.0010174,1.4959e-117,0.0003422
31.53,-3.05,0,9.0752e-05,4.5117e-120,1.916e-06
34.64,-3.05,0,0.00010721,1.9753e-106,2.2103e-07
37.87,-3.05,0,0.00031861,3.9747e-97,4.1988e-06
41.25,-3.05,0,0.00028944,1.8083e-82,3.5444e-06
44.82,-3.05,0,0.00028522,4.913e-67,1.118e-06
3.91,-0.54,0,0.00091243,7.4716e-96,8.4168e-05
6.53,-0.54,0,0.00055674,2.6091e-95,4.9221e-05
9.16,-0.54,0,0.00033374,1.1365e-90,1.6955e-05
11.81,-0.54,0,0.0003918,2.8749e-86,1.1335e-05
14.48,-0.54,0,0.00096323,7.9306e-88,8.8789e-06
17.19,-0.54,0,0.002259,8.0962e-92,1.4757e-05
19.94,-0.54,0,0.0023181,3.0977e-94,1.4634e-05
22.74,-0.54,0,0.0015019,1.2404e-97,8.7416e-06
25.59,-0.54,0,0.00092013,1.3363e-105,2.2541e-05
28.52,-0.54,0,0.0006581,2.0501e-115,0.00013232
31.53,-0.54,0,4.9562e-05,1.0949e-116,6.6276e-07
34.64,-0.54,0,4.9039e-05,4.4086e-106,6.474e-08
37.87,-0.54,0,0.00029639,1.4722e-99,3.5687e-06
41.25,-0.54,0,0.00037969,1.1866e-83,2.7688e-06
44.82,-0.54,0,0.00018673,3.814e-69,6.4028e-07
48.63,-0.54,0,0.0003275,5.9412e-68,1.0181e-05
57.32,-0.54,0,0.0031763,9.3546e-86,0.00036046
6.53,1.97,0,0.00052831,1.3457e-96,4.538e-05
9.16,1.97,0,0.00029584,4.9454e-90,1.2886e-05
11.81,1.97,0,0.00033652,8.0185e-86,7.958e-06
14.48,1.97,0,0.00084326,2.0032e-87,7.5626e-06
17.19,1.97,0,0.0022432,7.7427e-92,2.002e-05
19.94,1.97,0,0.0017177,5.3862e-94,6.7219e-06
22.74,1.97,0,0.00072592,4.1417e-100,3.5597e-06
25.59,1.97,0,0.00053696,1.3882e-106,2.1057e-05
28.52,1.97,0,0.00062044,1.0133e-113,4.9981e-05
31.53,1.97,0,4.948e-05,1.1472e-118,3.1733e-07
34.64,1.97,0,5.5757e-06,1.6336e-107,1.1976e-08
37.87,1.97,0,0.00022149,5.66e-103,3.84e-06
41.25,1.97,0,0.00099218,5.5559e-86,1.425e-05
44.82,1.97,0,0.00029986,5.6113e-71,1.2773e-06
48.63,1.97,0,0.00046275,1.2504e-70,2.2444e-05
3.91,4.48,0,0.0011831,9.6563e-101,0.00014496
6.53,4.48,0,0.00061567,3.2999e-96,5.9535e-05
9.16,4.48,0,0.00044854,3.6653e-91,7.8109e-06
11.81,4.48,0,0.00045936,8.0355e-87,6.2907e-06
14.48,4.48,0,0.0010146,9.3971e-88,6.467e-06
17.19,4.48,0,0.0025578,8.7511e-92,2.879e-05
19.94,4.48,0,0.0013889,2.6623e-94,4.6227e-06
22.74,4.48,0,0.00053841,4.9677e-102,3.8776e-06
25.59,4.48,0,0.00056106,9.7872e-107,3.0088e-05
28.52,4.48,0,0.0010046,1.3498e-115,3.6406e-05
34.64,4.48,0,3.4441e-06,7.5645e-108,1.3211e-08
37.87,4.48,0,0.00016878,4.4372e-105,4.9971e-06
41.25,4.48,0,0.00081466,1.8265e-85,2.2124e-05
44.82,4.48,0,0.00041784,2.9743e-79,1.6924e-07
48.63,4.48,0,0.00064929,4.7571e-73,4.1993e-05
57.32,4.48,0,0.0010942,1.4248e-77,5.363e-05
1.3,6.99,0,0.0014673,3.8095e-100,0.00020858
3.91,6.99,0,0.0014088,1.5516e-102,0.00019109
6.53,6.99,0,0.00076313,1.2945e-95,7.1563e-05
9.16,6.99,0,0.0005404,9.0178e-90,9.059e-06
11.81,6.99,0,0.00063821,2.3866e-87,6.7736e-06
14.48,6.99,0,0.0013541,7.7677e-88,8.8236e-06
17.19,6.99,0,0.002626,1.3223e-92,1.6903e-05
19.94,6.99,0,0.001026,1.5128e-92,5.777e-06
22.74,6.99,0,0.00039055,2.7669e-101,4.0048e-06
25.59,6.99,0,0.00047579,1.7717e-107,3.9153e-05
28.52,6.99,0,0.00071579,4.4863e-116,2.099e-05
44.82,6.99,0,0.00060801,6.827e-77,6.0094e-07
48.63,6.99,0,0.0008623,1.4102e-74,6.9631e-05
52.75,6.99,0,0.00075861,2.0275e-73,2.1531e-05
62.55,6.99,0,0.00042338,3.2104e-72,9.0396e-06
-19.94,9.5,0,0.00021228,3.1081e-70,3.209e-05
-6.53,9.5,0,0.00014194,6.5996e-76,6.425e-06
-3.91,9.5,0,0.00021153,5.7583e-86,7.903e-06
-1.3,9.5,0,0.00062505,5.8578e-94,3.0207e-05
1.3,9.5,0,0.00088687,1.3155e-100,3.1488e-05
3.91,9.5,0,0.0010268,8.0333e-104,3.6844e-05
6.53,9.5,0,0.0009551,2.0274e-98,3.8205e-05
9.16,9.5,0,0.00057929,5.8461e-90,8.5482e-06
11.81,9.5,0,0.00078143,1.8866e-86,1.0117e-05
14.48,9.5,0,0.0017623,5.8788e-87,1.6757e-05
17.19,9.5,0,0.0020468,1.5336e-89,2.339e-05
19.94,9.5,0,0.00091093,1.0692e-90,8.1577e-06
22.74,9.5,0,0.00039051,1.5121e-99,6.2787e-06
25.59,9.5,0,0.00050068,1.4984e-108,5.7703e-05
28.52,9.5,0,0.0008972,7.7866e-119,1.2043e-05
31.53,9.5,0,9.1867e-05,5.1241e-118,8.3284e-07
37.87,9.5,0,0.00016394,4.7693e-109,8.6103e-06
41.25,9.5,0,0.00063643,2.554e-86,1.9003e-05
44.82,9.5,0,0.0011318,6.6116e-81,1.2211e-05
48.63,9.5,0,0.00076398,8.5097e-77,6.1078e-05
57.32,9.5,0,0.00049355,4.9632e-75,1.3549e-05
62.55,9.5,0,0.00029997,2.4171e-72,5.4628e-06
-22.74,12.01,0,0.00030109,4.7782e-72,7.2924e-05
-19.94,12.01,0,0.00021628,3.3542e-72,2.0399e-05
-17.19,12.01,0,0.00014835,1.1716e-70,7.9478e-06
-14.48,12.01,0,0.00011583,9.8616e-70,7.2258e-06
-11.81,12.01,0,0.00011525,1.2039e-69,6.0248e-06
-9.16,12.01,0,0.00010231,6.8702e-73,3.1226e-06
-6.53,12.01,0,0.00012226,3.36e-78,3.3205e-06
-3.91,12.01,0,0.00021309,2.4723e-85,5.2938e-06
-1.3,12.01,0,0.00071716,6.9573e-92,1.5166e-05
1.3,12.01,0,0.00091232,1.4419e-96,1.8978e-05
3.91,12.01,0,0.0010329,8.9839e-101,1.2844e-05
6.53,12.01,0,0.00094146,1.6166e-94,2.5326e-05
9.16,12.01,0,0.00071478,5.0671e-88,1.3102e-05
11.81,12.01,0,0.001045,5.4549e-86,1.9718e-05
14.48,12.01,0,0.0022896,5.394e-87,5.0731e-05
17.19,12.01,0,0.0012524,4.2027e-86,2.0324e-05
19.94,12.01,0,0.00045152,1.3161e-87,6.1477e-06
22.74,12.01,0,0.00035309,1.1637e-96,6.1162e-06
25.59,12.01,0,0.00064482,4.8305e-110,0.00010711
28.52,12.01,0,0.0008705,3.81e-115,2.3909e-05
37.87,12.01,0,0.00020428,1.1522e-111,1.1825e-05
41.25,12.01,0,0.00084737,4.5421e-91,5.1291e-05
44.82,12.01,0,0.00089962,2.0017e-85,4.5891e-06
48.63,12.01,0,0.00055561,2.6133e-79,3.9751e-05
62.55,12.01,0,0.00030091,6.4042e-72,4.8634e-06
-28.52,14.52,0,0.0009474,1.5577e-77,0.0013182
-25.59,14.52,0,0.0004882,5.552e-74,0.00025508
-22.74,14.52,0,0.00033639,7.1764e-73,6.0927e-05
-19.94,14.52,0,0.00030549,2.462e-71,4.2272e-05
-17.19,14.52,0,0.00020337,4.0396e-70,1.5146e-05
-14.48,14.52,0,0.00013744,2.7786e-70,4.8369e-06
-11.81,14.52,0,0.00011586,1.6555e-70,4.0897e-06
-9.16,14.52,0,0.00011859,5.1831e-75,4.8732e-06
-6.53,14.52,0,0.00013863,6.9998e-80,5.7805e-06
-3.91,14.52,0,0.00044609,2.2341e-84,1.0492e-05
-1.3,14.52,0,0.0020973,4.6981e-90,2.2087e-05
1.3,14.52,0,0.0020229,6.6062e-95,1.6298e-05
3.91,14.52,0,0.0016248,1.8736e-97,1.1159e-05
6.53,14.52,0,0.00154,6.1618e-94,1.7346e-05
9.16,14.52,0,0.0012874,5.2903e-88,2.672e-05
11.81,14.52,0,0.0017284,9.2432e-87,5.6332e-05
14.48,14.52,0,0.0028196,1.0631e-86,0.00013163
17.19,14.52,0,0.00075415,1.3949e-82,1.4219e-05
19.94,14.52,0,0.00020108,2.0414e-87,2.5714e-06
22.74,14.52,0,0.00024173,4.0595e-95,5.5191e-06
25.59,14.52,0,0.00035219,3.474e-111,6.3042e-05
28.52,14.52,0,0.00046357,1.9056e-112,1.5541e-05
31.53,14.52,0,8.074e-05,1.662e-118,1.8342e-06
34.64,14.52,0,1.9219e-05,3.3682e-122,6.15e-07
37.87,14.52,0,0.00022742,1.1283e-115,1.8141e-05
41.25,14.52,0,0.00090193,6.9836e-98,7.8789e-05
44.82,14.52,0,0.0011691,3.3279e-89,2.1207e-05
48.63,14.52,0,0.00053703,3.204e-81,2.6804e-05
52.75,14.52,0,0.00022637,5.6718e-75,8.9881e-06
62.55,14.52,0,0.0003328,1.3707e-71,4.9182e-06
-34.64,17.03,0,0.0080034,7.512e-67,0.038665
-31.53,17.03,0,0.0028332,1.2403e-77,0.00855
-28.52,17.03,0,0.0013894,5.6667e-78,0.00197
-25.59,17.03,0,0.00074263,4.4742e-72,0.00048263
-22.74,17.03,0,0.00048808,2.2585e-71,0.00013588
-19.94,17.03,0,0.00067664,6.8028e-73,9.7981e-05
-17.19,17.03,0,0.0004168,2.1611e-71,3.1971e-05
-14.48,17.03,0,0.00019863,2.5708e-71,1.2478e-05
-11.81,17.03,0,0.00016363,2.8403e-73,1.0421e-05
-9.16,17.03,0,0.00019992,4.7699e-77,1.68e-05
-6.53,17.03,0,0.00054404,1.1121e-80,2.1113e-05
-3.91,17.03,0,0.001722,8.3778e-85,2.1143e-05
-1.3,17.03,0,0.0039446,2.0208e-92,5.0711e-05
1.3,17.03,0,0.0043111,1.2449e-96,2.8165e-05
3.91,17.03,0,0.0038394,4.3539e-96,2.5266e-05
6.53,17.03,0,0.0034549,1.584e-93,3.8274e-05
9.16,17.03,0,0.0027818,1.2554e-89,5.9728e-05
11.81,17.03,0,0.003293,6.2501e-90,0.00022823
14.48,17.03,0,0.002263,1.7999e-84,0.00010628
17.19,17.03,0,0.00057021,1.0331e-79,1.7757e-05
19.94,17.03,0,0.0001624,1.7511e-85,2.3516e-06
22.74,17.03,0,0.00021259,1.3941e-94,4.6778e-06
25.59,17.03,0,0.00033419,2.9717e-106,7.7202e-05
34.64,17.03,0,2.1557e-05,1.0829e-122,1.2081e-06
37.87,17.03,0,0.00023114,6.6428e-120,1.7697e-05
41.25,17.03,0,0.00043097,2.039e-108,8.3004e-06
44.82,17.03,0,0.0013074,4.2257e-92,5.2821e-05
48.63,17.03,0,0.00038259,7.1001e-83,2.7343e-05
52.75,17.03,0,0.00017243,3.3183e-75,8.411e-06
69.02,17.03,0,0.00023184,1.7349e-66,2.1535e-06
-37.87,19.54,0,0.021918,1.2626e-54,0.13842
-34.64,19.54,0,0.008137,1.3945e-68,0.040952
-31.53,19.54,0,0.0042251,2.9028e-73,0.011775
-28.52,19.54,0,0.0029188,3.3019e-74,0.0038105
-25.59,19.54,0,0.0024787,1.5236e-72,0.0012526
-22.74,19.54,0,0.0015594,9.4625e-72,0.00042798
-19.94,19.54,0,0.0019758,3.6287e-73,0.00026884
-17.19,19.54,0,0.0019851,7.3369e-73,0.00017462
-14.48,19.54,0,0.00062963,5.218e-73,4.87e-05
-11.81,19.54,0,0.00045538,9.272e-76,4.0243e-05
-9.16,19.54,0,0.0011446,6.2138e-80,5.34e-05
-6.53,19.54,0,0.0030741,5.466e-84,7.6133e-05
-3.91,19.54,0,0.0044267,7.4765e-90,8.5766e-05
-1.3,19.54,0,0.0058793,1.8549e-96,0.00014702
1.3,19.54,0,0.0066435,1.3228e-100,0.00013392
3.91,19.54,0,0.0061576,2.5986e-99,4.8974e-05
6.53,19.54,0,0.0058537,3.3271e-96,7.3636e-05
9.16,19.54,0,0.0060818,8.9173e-95,0.00031775
11.81,19.54,0,0.0056141,2.0212e-93,0.00030307
14.48,19.54,0,0.0020331,3.0112e-82,9.8898e-05
17.19,19.54,0,0.00049221,3.2477e-77,1.7354e-05
19.94,19.54,0,0.00021919,4.5778e-81,8.1866e-06
22.74,19.54,0,0.00026709,1.7171e-92,7.2649e-06
25.59,19.54,0,0.00024913,7.3475e-102,3.0905e-05
37.87,19.54,0,0.00013927,1.9978e-124,1.3752e-06
41.25,19.54,0,0.000428,4.3855e-109,1.6288e-05
44.82,19.54,0,0.00079129,1.7869e-93,2.4393e-05
48.63,19.54,0,0.00027999,2.888e-83,1.8609e-05
52.75,19.54,0,0.00013261,1.4427e-76,6.2842e-06
62.55,19.54,0,0.00023395,2.7611e-72,2.4353e-06
69.02,19.54,0,0.00019413,1.9418e-67,1.9702e-06
-34.64,22.05,0,0.0068102,8.6192e-66,0.032683
-31.53,22.05,0,0.0052953,3.4526e-70,0.014907
-28.52,22.05,0,0.0063669,5.9548e-73,0.0068946
-25.59,22.05,0,0.0071715,5.5852e-74,0.0031585
-22.74,22.05,0,0.0063109,1.8864e-73,0.0013248
-19.94,22.05,0,0.0062937,7.5367e-75,0.00085196
-17.19,22.05,0,0.0064879,6.9257e-78,0.00082304
-14.48,22.05,0,0.0032465,7.5368e-77,0.00029894
-11.81,22.05,0,0.0030087,1.1786e-79,0.00018755
-9.16,22.05,0,0.0046828,5.6326e-85,0.00020802
-6.53,22.05,0,0.006948,4.4387e-90,0.00034282
-3.91,22.05,0,0.0075398,6.7151e-95,0.00041842
-1.3,22.05,0,0.0080356,8.1627e-101,0.00050915
1.3,22.05,0,0.0091115,1.9928e-105,0.00052355
3.91,22.05,0,0.0088873,3.52e-104,0.00028737
6.53,22.05,0,0.0091043,1.5376e-101,0.00033605
9.16,22.05,0,0.0092215,4.6591e-97,0.00068081
11.81,22.05,0,0.0037112,5.7265e-88,9.8206e-05
14.48,22.05,0,0.0020212,2.3181e-80,9.3631e-05
17.19,22.05,0,0.00055719,6.0367e-75,2.7393e-05
19.94,22.05,0,0.00025335,2.0384e-79,1.2353e-05
22.74,22.05,0,0.00029723,5.511e-91,1.1402e-05
25.59,22.05,0,0.00021994,1.9699e-99,1.7487e-05
28.52,22.05,0,0.00013309,5.4801e-105,5.6526e-06
34.64,22.05,0,3.2663e-05,1.1867e-126,2.1287e-06
37.87,22.05,0,0.00040639,8.3404e-123,5.215e-06
41.25,22.05,0,0.00085065,9.5795e-108,2.5763e-05
44.82,22.05,0,0.00052848,8.5905e-98,4.9831e-06
48.63,22.05,0,0.00022278,2.2631e-82,7.8144e-06
52.75,22.05,0,0.00010967,2.9774e-78,3.4846e-06
57.32,22.05,0,0.00017498,7.2529e-75,2.3129e-06
62.55,22.05,0,0.00018021,4.067e-73,1.7056e-06
69.02,22.05,0,0.00020708,1.0906e-67,2.0353e-06
-34.64,24.56,0,0.0058248,1.608e-63,0.026861
-31.53,24.56,0,0.0034751,5.6606e-69,0.0097832
-28.52,24.56,0,0.003191,7.9987e-71,0.0038217
-25.59,24.56,0,0.002512,9.8611e-72,0.0012906
-22.74,24.56,0,0.0024625,7.7974e-72,0.00054202
-19.94,24.56,0,0.0020557,4.7314e-72,0.00024822
-17.19,24.56,0,0.0021288,2.0538e-73,0.00015916
-14.48,24.56,0,0.0034327,1.3676e-77,0.00031908
-11.81,24.56,0,0.0078292,3.0464e-85,0.00079002
-9.16,24.56,0,0.0091379,1.5845e-89,0.00084696
-6.53,24.56,0,0.0096226,1.0541e-93,0.001094
-3.91,24.56,0,0.0096954,3.9253e-98,0.0012754
-1.3,24.56,0,0.0096159,1.9239e-102,0.0010509
1.3,24.56,0,0.0097768,3.3684e-105,0.00079586
3.91,24.56,0,0.010778,1.0642e-106,0.00088006
6.53,24.56,0,0.0092423,9.2232e-100,0.00046398
9.16,24.56,0,0.0053327,3.6195e-89,0.00022267
11.81,24.56,0,0.0017451,1.2559e-80,5.3554e-05
14.48,24.56,0,0.0010191,2.0558e-74,4.7964e-05
17.19,24.56,0,0.00076104,4.0487e-73,6.6246e-05
19.94,24.56,0,0.00041952,4.6378e-77,2.9151e-05
22.74,24.56,0,0.0003957,1.688e-88,2.2921e-05
25.59,24.56,0,0.00026248,1.7189e-97,1.6808e-05
28.52,24.56,0,9.2809e-05,1.1311e-102,4.6433e-06
31.53,24.56,0,9.4616e-05,5.9651e-116,1.2704e-06
34.64,24.56,0,8.6586e-05,9.7013e-128,1.4522e-06
37.87,24.56,0,0.00039588,2.5822e-127,1.8113e-06
41.25,24.56,0,0.001365,1.8239e-104,2.6784e-05
44.82,24.56,0,0.0017408,8.9403e-93,2.2502e-05
48.63,24.56,0,0.00027339,2.5519e-83,5.2843e-06
52.75,24.56,0,0.00013989,2.0219e-80,2.1647e-06
57.32,24.56,0,0.00017955,1.2527e-75,2.2208e-06
62.55,24.56,0,0.00016493,1.4189e-73,1.5371e-06
69.02,24.56,0,0.00019384,2.8035e-68,1.5952e-06
-34.64,27.07,0,0.0069338,1.1943e-60,0.031658
-31.53,27.07,0,0.0027428,2.2336e-69,0.0041015
-28.52,27.07,0,0.0014585,3.0541e-70,0.001711
-25.59,27.07,0,0.0010035,1.0696e-70,0.00056531
-22.74,27.07,0,0.00083286,2.6962e-71,0.00020443
-19.94,27.07,0,0.00061202,5.7171e-71,6.4958e-05
-17.19,27.07,0,0.00065834,7.3869e-72,4.65e-05
-14.48,27.07,0,0.0012321,3.6194e-75,8.6828e-05
-11.81,27.07,0,0.0034064,3.1923e-80,0.00024371
-9.16,27.07,0,0.0036788,6.4316e-84,0.00026361
-6.53,27.07,0,0.0055163,1.3965e-87,0.00036418
-3.91,27.07,0,0.0057106,1.4155e-93,0.00025453
-1.3,27.07,0,0.006794,7.0922e-96,0.00014984
1.3,27.07,0,0.0069204,2.2617e-98,8.6388e-05
3.91,27.07,0,0.0074348,2.3367e-98,0.00012923
6.53,27.07,0,0.0069256,6.1812e-93,0.00014973
9.16,27.07,0,0.0027929,3.582e-83,7.3126e-05
11.81,27.07,0,0.00074449,6.3084e-74,3.3239e-05
14.48,27.07,0,0.00047446,2.3007e-68,4.3036e-05
17.19,27.07,0,0.00062111,3.7113e-68,6.2065e-05
19.94,27.07,0,0.0008477,1.8619e-74,8.9001e-05
22.74,27.07,0,0.00080545,3.0986e-85,7.2543e-05
25.59,27.07,0,0.00036556,3.2655e-96,3.6008e-05
28.52,27.07,0,8.557e-05,7.3012e-100,3.6429e-06
34.64,27.07,0,0.00016302,1.228e-125,8.1087e-07
37.87,27.07,0,0.00034047,3.1982e-132,9.6895e-07
48.63,27.07,0,0.00026503,8.8086e-84,3.0148e-06
52.75,27.07,0,0.00017764,6.3516e-82,1.181e-06
62.55,27.07,0,0.00015345,1.6468e-74,1.277e-06
-31.53,29.58,0,0.0022935,1.2123e-65,0.0061359
-28.52,29.58,0,0.0011735,1.6457e-69,0.0010218
-25.59,29.58,0,0.0007423,9.0847e-70,0.0003364
-22.74,29.58,0,0.00054907,7.4644e-70,9.7279e-05
-19.94,29.58,0,0.00048183,9.4558e-70,2.7251e-05
-17.19,29.58,0,0.00040538,8.2127e-70,1.922e-05
-14.48,29.58,0,0.00066944,3.4764e-73,3.7551e-05
-11.81,29.58,0,0.00083135,1.902e-77,6.4799e-05
-9.16,29.58,0,0.00098208,8.0329e-81,0.00010957
-6.53,29.58,0,0.0020953,1.4782e-85,0.00017679
-3.91,29.58,0,0.0034458,3.5531e-89,0.00016994
-1.3,29.58,0,0.0044122,6.0905e-90,3.7792e-05
1.3,29.58,0,0.0049267,3.628e-91,7.8946e-06
3.91,29.58,0,0.00533,1.8717e-90,1.4229e-05
6.53,29.58,0,0.0050489,1.9586e-87,4.5005e-05
9.16,29.58,0,0.0016487,4.2271e-78,8.7443e-05
11.81,29.58,0,0.00046869,1.3803e-70,5.7123e-05
14.48,29.58,0,0.00028051,7.6146e-65,3.3058e-05
17.19,29.58,0,0.00037047,9.2581e-65,2.7798e-05
19.94,29.58,0,0.00069982,6.6221e-72,5.3776e-05
22.74,29.58,0,0.00090599,1.0552e-82,0.00011418
25.59,29.58,0,0.00047041,3.2045e-97,6.6292e-05
34.64,29.58,0,0.00020507,8.2484e-120,6.5601e-07
37.87,29.58,0,0.00029756,1.8216e-128,2.059e-06
44.82,29.58,0,0.0013489,1.8957e-89,9.8132e-06
48.63,29.58,0,0.00027256,4.0335e-84,2.6068e-06
52.75,29.58,0,0.00016264,2.3876e-82,7.5438e-07
57.32,29.58,0,0.00013105,2.6576e-78,1.25e-06
62.55,29.58,0,0.00017532,7.9693e-76,1.7537e-06
-25.59,32.09,0,0.00075932,4.3017e-68,0.00041968
-22.74,32.09,0,0.00049291,1.2573e-67,9.8518e-05
-19.94,32.09,0,0.00042731,1.1755e-67,2.2349e-05
-17.19,32.09,0,0.00039734,1.0626e-68,1.1744e-05
-14.48,32.09,0,0.00046849,2.0515e-71,1.9422e-05
-11.81,32.09,0,0.00050635,1.8533e-75,2.6497e-05
-9.16,32.09,0,0.00063103,2.1335e-80,5.024e-05
-6.53,32.09,0,0.00079303,4.7579e-84,0.00010916
-3.91,32.09,0,0.0016357,7.147e-89,0.00018645
-1.3,32.09,0,0.0020084,1.2459e-86,2.6967e-05
1.3,32.09,0,0.0021928,1.1232e-84,2.5959e-06
3.91,32.09,0,0.0029092,1.9677e-84,2.0598e-06
6.53,32.09,0,0.0029877,1.6271e-81,1.7721e-05
9.16,32.09,0,0.0011784,3.1849e-76,9.0038e-05
11.81,32.09,0,0.00042837,9.2656e-71,7.1756e-05
14.48,32.09,0,0.0002439,1.5321e-64,4.4322e-05
17.19,32.09,0,0.00032587,8.8593e-64,2.1153e-05
19.94,32.09,0,0.00055463,4.8794e-70,2.2716e-05
22.74,32.09,0,0.0014918,8.2375e-82,0.00029415
25.59,32.09,0,0.00048014,7.9866e-92,0.00010255
28.52,32.09,0,7.3856e-05,6.2978e-94,3.0108e-06
31.53,32.09,0,0.00012463,2.9858e-104,1.7315e-06
34.64,32.09,0,0.00018472,1.02e-112,6.3069e-07
37.87,32.09,0,0.00035091,1.3633e-129,2.1457e-06
41.25,32.09,0,0.00086962,1.7164e-99,6.1643e-06
44.82,32.09,0,0.0013604,2.1864e-89,9.2993e-06
48.63,32.09,0,0.00025583,3.0493e-84,2.3099e-06
52.75,32.09,0,0.0001953,3.7196e-83,5.864e-07
57.32,32.09,0,0.00010104,8.607e-79,1.1029e-06
62.55,32.09,0,0.00015505,4.5325e-76,1.4946e-06
-69.02,34.6,0,0.7831,0.020545,1
-17.19,34.6,0,0.00040692,2.2669e-67,9.1421e-06
-14.48,34.6,0,0.00041116,2.1047e-70,9.4934e-06
-11.81,34.6,0,0.00054778,2.9739e-74,1.782e-05
-9.16,34.6,0,0.00079741,9.751e-80,3.331e-05
-6.53,34.6,0,0.0010039,4.4212e-85,5.8976e-05
-3.91,34.6,0,0.0015161,4.6293e-90,0.00026447
-1.3,34.6,0,0.00075382,8.7003e-87,3.6902e-05
1.3,34.6,0,0.00082559,1.4547e-80,1.6002e-06
3.91,34.6,0,0.0012952,5.6777e-79,7.6949e-07
6.53,34.6,0,0.0011446,4.9063e-76,5.1771e-06
9.16,34.6,0,0.00074387,2.1488e-76,6.5053e-05
11.81,34.6,0,0.00057281,5.5412e-73,0.00013588
14.48,34.6,0,0.00028695,5.9091e-66,4.6999e-05
17.19,34.6,0,0.00043408,5.2213e-64,2.8294e-05
19.94,34.6,0,0.00071612,8.6066e-68,3.3947e-05
22.74,34.6,0,0.0015132,1.1302e-79,0.00032844
25.59,34.6,0,0.00029665,3.8579e-89,2.4754e-05
28.52,34.6,0,6.7133e-05,6.7836e-94,2.3318e-06
31.53,34.6,0,4.618e-05,2.9731e-101,7.9745e-07
37.87,34.6,0,0.00022043,3.2878e-113,5.654e-06
48.63,34.6,0,0.00022488,1.3612e-84,3.0742e-06
52.75,34.6,0,0.00017967,5.3979e-84,6.8972e-07
57.32,34.6,0,0.00010149,4.4275e-79,8.5334e-07
62.55,34.6,0,0.00017065,1.0902e-77,2.1e-06
-25.59,37.11,0,0.00086339,2.6837e-66,0.00041951
-17.19,37.11,0,0.00039753,7.4541e-66,8.4949e-06
-14.48,37.11,0,0.00047283,1.5239e-68,9.1071e-06
-11.81,37.11,0,0.00061747,8.7171e-73,1.9076e-05
-9.16,37.11,0,0.00097186,1.5236e-77,5.2443e-05
-6.53,37.11,0,0.0010877,1.0854e-81,7.2746e-05
-3.91,37.11,0,0.0013121,1.8054e-85,0.00016277
-1.3,37.11,0,0.00064311,1.9758e-83,5.4319e-05
1.3,37.11,0,0.00023477,1.7979e-78,1.3409e-06
3.91,37.11,0,0.00047679,1.2705e-75,6.0205e-07
6.53,37.11,0,0.00041743,1.6533e-72,2.1107e-06
9.16,37.11,0,0.00069799,7.2832e-77,6.6621e-05
11.81,37.11,0,0.0015669,4.1012e-76,0.00058346
14.48,37.11,0,0.00045476,2.2053e-66,0.00010268
17.19,37.11,0,0.00077649,8.2476e-63,5.7226e-05
19.94,37.11,0,0.00056692,1.5617e-68,1.1295e-05
22.74,37.11,0,0.00073158,3.5877e-78,6.4979e-05
25.59,37.11,0,0.00020541,1.0874e-85,9.9e-06
28.52,37.11,0,9.5212e-05,1.3509e-92,2.3996e-06
31.53,37.11,0,0.00011182,2.5733e-98,9.616e-07
34.64,37.11,0,0.00012489,5.1295e-98,7.6621e-07
37.87,37.11,0,0.00029066,1.4116e-105,1.1512e-05
41.25,37.11,0,0.001045,1.0501e-96,1.1146e-05
44.82,37.11,0,0.00051416,2.3875e-86,3.7668e-06
48.63,37.11,0,0.00024422,1.4013e-84,3.7747e-06
52.75,37.11,0,0.00016085,1.063e-84,1.903e-06
57.32,37.11,0,0.00011811,1.5306e-80,1.0513e-06
62.55,37.11,0,0.00017078,6.7581e-79,1.8758e-06
-9.16,39.62,0,0.001364,1.3057e-77,7.2385e-05
-3.91,39.62,0,0.0016375,1.1098e-83,0.00015697
1.3,39.62,0,0.00017188,3.3856e-76,1.0109e-06
3.91,39.62,0,0.00033124,2.3516e-73,6.4867e-07
6.53,39.62,0,0.00024142,8.5375e-70,1.6215e-06
9.16,39.62,0,0.00078029,1.6642e-73,4.8089e-05
11.81,39.62,0,0.001657,1.6655e-75,0.00043136
14.48,39.62,0,0.00039803,4.8728e-69,3.4337e-05
17.19,39.62,0,0.00058785,6.5475e-65,1.4736e-05
19.94,39.62,0,0.00064947,2.8239e-66,1.0274e-05
22.74,39.62,0,0.00047244,1.0038e-74,1.948e-05
25.59,39.62,0,0.0002054,6.2295e-82,3.8369e-06
28.52,39.62,0,0.00016493,4.4791e-91,2.5093e-06
31.53,39.62,0,0.00018746,8.4444e-98,1.9253e-06
34.64,39.62,0,0.00013509,2.4939e-95,1.2858e-06
37.87,39.62,0,0.00020722,1.5048e-106,3.9393e-06
41.25,39.62,0,0.00092084,3.1204e-103,4.749e-06
44.82,39.62,0,0.00031845,7.2682e-86,2.9867e-06
48.63,39.62,0,0.00025693,6.2771e-86,6.8705e-06
52.75,39.62,0,0.00017391,5.0654e-88,4.6529e-06
57.32,39.62,0,0.00013269,7.6048e-83,1.7054e-06
62.55,39.62,0,0.00014744,3.9809e-80,1.7588e-06
-69.02,42.13,0,0.78176,0.034927,1
1.3,42.13,0,0.00016625,3.9511e-74,7.3857e-07
3.91,42.13,0,0.00023234,2.4483e-71,5.1919e-07
6.53,42.13,0,0.00023134,1.0874e-68,1.1655e-06
11.81,42.13,0,0.00053124,3.1399e-74,5.5754e-05
14.48,42.13,0,0.0004751,2.7763e-68,3.3076e-05
17.19,42.13,0,0.00097511,9.2915e-67,2.1068e-05
19.94,42.13,0,0.00096209,4.2308e-66,1.3873e-05
22.74,42.13,0,0.00061539,3.4012e-72,1.1369e-05
25.59,42.13,0,0.00021378,9.2712e-80,1.3585e-06
28.52,42.13,0,0.00011516,6.2749e-89,1.8257e-06
31.53,42.13,0,0.00015581,5.0616e-97,2.6268e-06
37.87,42.13,0,0.00011367,4.1393e-99,1.5092e-06
41.25,42.13,0,0.00060884,5.7739e-91,9.3838e-06
52.75,42.13,0,0.00024108,1.0669e-91,1.3079e-05
57.32,42.13,0,0.00015906,2.0253e-84,2.7012e-06
62.55,42.13,0,0.00010283,6.5289e-80,1.3838e-06
-69.02,44.64,0,0.75219,0.018216,1
-25.59,44.64,0,0.0011965,1.1005e-60,0.00017355
-22.74,44.64,0,0.00091454,1.6871e-62,3.6825e-05
-19.94,44.64,0,0.00097615,1.0551e-63,1.2239e-05
1.3,44.64,0,0.00018556,8.4987e-72,5.1716e-07
3.91,44.64,0,0.0001794,5.0455e-69,2.531e-07
6.53,44.64,0,0.00030456,5.4227e-68,1.491e-06
9.16,44.64,0,0.0012094,1.1026e-72,1.8513e-05
11.81,44.64,0,0.00036305,1.1878e-72,1.3589e-05
14.48,44.64,0,0.00037585,1.0371e-68,1.1015e-05
17.19,44.64,0,0.001008,8.1932e-67,9.9374e-06
19.94,44.64,0,0.0014964,8.302e-67,1.6246e-05
22.74,44.64,0,0.0007187,4.4239e-70,6.2129e-06
25.59,44.64,0,0.00016556,6.7425e-77,5.3617e-07
28.52,44.64,0,8.6894e-05,7.502e-87,7.4208e-07
31.53,44.64,0,0.00019829,3.8476e-94,2.2094e-06
34.64,44.64,0,0.00011444,5.9028e-103,2.2089e-06
37.87,44.64,0,7.7553e-05,7.23e-97,8.0486e-07
41.25,44.64,0,0.00028962,6.5948e-90,3.0101e-06
57.32,44.64,0,0.00017277,2.2732e-86,4.6049e-06
62.55,44.64,0,8.4197e-05,1.3562e-79,1.2841e-06
-69.02,47.15,0,0.746,0.015268,1
-19.94,47.15,0,0.0011,3.6354e-62,1.3013e-05
-17.19,47.15,0,0.00070322,1.1883e-63,5.148e-06
-14.48,47.15,0,0.00034793,1.2486e-63,5.6672e-06
6.53,47.15,0,0.00033707,3.9963e-67,3.7627e-07
9.16,47.15,0,0.00063841,7.7463e-73,4.7707e-06
11.81,47.15,0,0.00067425,4.5185e-72,9.9723e-06
14.48,47.15,0,0.000264,5.6116e-69,3.538e-06
17.19,47.15,0,0.00071434,2.1815e-65,2.4812e-06
19.94,47.15,0,0.0012877,1.0214e-65,7.2413e-06
22.74,47.15,0,0.0006584,4.5061e-69,2.9494e-06
25.59,47.15,0,0.0001144,7.0411e-75,4.0341e-07
28.52,47.15,0,8.6537e-05,3.0186e-85,5.7698e-07
34.64,47.15,0,0.00031366,8.1144e-104,3.9944e-06
37.87,47.15,0,0.00022061,2.009e-91,7.408e-07
52.75,47.15,0,0.00073997,5.3834e-99,0.00020825
57.32,47.15,0,0.00019126,7.5334e-88,5.8333e-06
62.55,47.15,0,8.2403e-05,1.0364e-80,1.6442e-06
-69.02,49.66,0,0.77434,0.039338,1
6.53,49.66,0,0.0006805,5.9166e-67,6.1569e-07
14.48,49.66,0,0.00018327,7.4527e-69,7.9852e-07
17.19,49.66,0,0.00054789,1.3179e-65,9.4923e-07
19.94,49.66,0,0.00098665,6.7082e-66,1.7719e-06
22.74,49.66,0,0.00044351,2.5469e-68,4.6372e-07
25.59,49.66,0,9.1444e-05,3.2776e-74,4.6324e-07
31.53,49.66,0,9.2435e-05,1.3485e-96,5.8362e-07
34.64,49.66,0,0.00053637,4.4041e-105,3.2942e-06
52.75,49.66,0,0.0019924,3.5921e-104,0.00081361
57.32,49.66,0,0.00022624,5.0919e-89,7.0389e-06
62.55,49.66,0,8.2538e-05,2.8622e-81,2.1306e-06
-69.02,52.17,0,0.76502,0.029238,1
11.81,52.17,0,0.00054659,3.4898e-71,8.949e-07
14.48,52.17,0,0.00015507,1.1557e-68,2.7024e-07
17.19,52.17,0,0.00042146,1.1283e-66,4.8835e-07
19.94,52.17,0,0.00081883,9.0527e-67,4.4123e-07
22.74,52.17,0,0.00033033,1.1081e-68,1.814e-07
31.53,52.17,0,7.7341e-05,2.7338e-93,3.3713e-07
34.64,52.17,0,0.00053376,1.7704e-103,1.5376e-06
37.87,52.17,0,0.00030292,8.3991e-89,5.9279e-07
41.25,52.17,0,0.00014184,3.6343e-82,6.9812e-07
44.82,52.17,0,0.00016271,6.4828e-88,7.8239e-06
48.63,52.17,0,0.0004355,2.5491e-97,0.00010409
52.75,52.17,0,0.0024535,8.5249e-106,0.00091316
57.32,52.17,0,0.00024923,2.1839e-90,7.0785e-06
62.55,52.17,0,0.00010772,1.6019e-83,3.7197e-06
69.02,52.17,0,0.00016856,6.9271e-75,1.2899e-06
-69.02,54.68,0,0.7651,0.029915,1
14.48,54.68,0,0.00014807,1.1673e-68,2.1826e-07
17.19,54.68,0,0.00014547,5.3843e-67,7.4393e-08
19.94,54.68,0,0.00044817,3.7238e-67,5.9681e-08
22.74,54.68,0,0.00025875,2.0079e-70,8.4831e-08
28.52,54.68,0,4.5314e-05,3.0757e-85,2.4212e-07
31.53,54.68,0,6.2094e-05,2.9824e-91,1.4652e-07
34.64,54.68,0,0.00016748,8.3839e-99,4.0058e-07
37.87,54.68,0,4.3427e-05,7.8663e-93,4.9298e-07
41.25,54.68,0,0.00017348,7.0268e-81,6.9727e-07
44.82,54.68,0,0.00026899,1.318e-89,9.4783e-06
48.63,54.68,0,0.0006336,1.8274e-100,0.00016817
52.75,54.68,0,0.0012457,1.455e-104,0.00028586
57.32,54.68,0,0.00016347,4.3183e-92,9.1367e-06
62.55,54.68,0,0.00014714,8.8445e-86,2.506e-06
-69.02,57.19,0,0.77343,0.034963,1
19.94,57.19,0,0.00021082,6.1103e-68,1.126e-08
25.59,57.19,0,0.00016931,2.3909e-76,1.8477e-07
28.52,57.19,0,4.1e-05,8.6681e-84,1.3257e-07
31.53,57.19,0,4.7019e-05,2.6939e-90,7.9726e-08
34.64,57.19,0,7.4194e-05,3.847e-95,1.3476e-07
37.87,57.19,0,0.00013153,7.2067e-85,1.0903e-07
41.25,57.19,0,0.00012123,4.6557e-81,4.4301e-07
48.63,57.19,0,0.0016754,3.6434e-104,0.00055254
52.75,57.19,0,0.00089723,9.2156e-103,0.00020671
57.32,57.19,0,0.00014355,1.165e-93,1.7295e-05
62.55,57.19,0,0.00018519,1.0295e-86,6.5996e-06
69.02,57.19,0,0.00015093,3.5976e-75,1.1744e-06
-69.02,59.7,0,0.79989,0.071572,1
-17.19,59.7,0,0.00024708,1.881e-55,5.0859e-06
28.52,59.7,0,3.4651e-05,4.4304e-83,3.7379e-08
31.53,59.7,0,5.0923e-05,4.423e-89,5.2292e-08
34.64,59.7,0,5.8088e-05,1.1525e-96,7.5193e-08
37.87,59.7,0,8.1442e-05,4.4207e-84,3.9157e-08
41.25,59.7,0,9.7349e-05,2.466e-82,3.6156e-07
44.82,59.7,0,0.00032354,5.9541e-92,6.8813e-06
48.63,59.7,0,0.0033944,2.9457e-106,0.0011083
52.75,59.7,0,0.00065382,2.0851e-102,0.00021088
57.32,59.7,0,0.00016059,1.74e-95,2.5714e-05
62.55,59.7,0,0.00018095,1.4452e-86,6.7566e-06
69.02,59.7,0,0.00016134,8.0527e-76,1.3954e-06
-69.02,62.21,0,0.83102,0.14607,1
22.74,62.21,0,0.00027174,9.0253e-74,9.0471e-09
25.59,62.21,0,0.00018627,1.5332e-77,2.2468e-08
28.52,62.21,0,8.2547e-05,3.7297e-81,3.7547e-08
31.53,62.21,0,4.1979e-05,3.957e-90,3.7121e-08
34.64,62.21,0,0.00018195,6.3219e-105,1.2699e-07
37.87,62.21,0,6.076e-05,1.0501e-83,3.0205e-08
41.25,62.21,0,7.7239e-05,3.7268e-84,3.24e-07
44.82,62.21,0,0.00026723,1.297e-92,5.8089e-06
48.63,62.21,0,0.0012736,5.1702e-104,0.00019678
52.75,62.21,0,0.00049108,7.9526e-103,0.00011408
57.32,62.21,0,0.00021907,2.6816e-97,3.9799e-05
-69.02,64.72,0,0.86526,0.26026,1
22.74,64.72,0,0.00024784,3.2049e-77,2.0808e-08
25.59,64.72,0,0.00024933,1.0441e-79,1.045e-08
28.52,64.72,0,6.6698e-05,2.1138e-82,1.5597e-08
31.53,64.72,0,4.6796e-05,1.2071e-87,4.6657e-08
34.64,64.72,0,0.00034598,1.3605e-109,3.1771e-07
37.87,64.72,0,2.505e-05,1.4784e-83,2.2039e-08
41.25,64.72,0,7.0457e-05,5.9406e-86,4.4966e-07
44.82,64.72,0,0.00022368,1.1949e-93,2.4912e-06
48.63,64.72,0,0.00072315,1.0314e-102,5.7113e-05
52.75,64.72,0,0.00035669,1.4852e-102,4.0211e-05
57.32,64.72,0,0.00023274,1.3733e-98,3.2959e-05
62.55,64.72,0,0.0001878,1.1722e-86,6.0364e-06
69.02,64.72,0,0.00019226,3.6414e-76,1.6112e-06
-69.02,67.23,0,0.92123,0.4909,1
17.19,67.23,0,8.4021e-07,4.5633e-68,2.8363e-10
22.74,67.23,0,0.00016935,2.2637e-76,3.9416e-09
25.59,67.23,0,0.00038962,1.7528e-83,1.3135e-08
28.52,67.23,0,6.0829e-05,2.2429e-84,9.8444e-09
31.53,67.23,0,2.5838e-05,3.7447e-88,3.018e-08
34.64,67.23,0,0.00068694,6.2748e-114,6.9796e-07
37.87,67.23,0,7.0794e-05,8.0247e-100,1.2364e-07
41.25,67.23,0,2.2821e-05,2.5184e-87,2.2061e-07
44.82,67.23,0,0.00028285,8.6387e-94,3.7708e-06
48.63,67.23,0,0.00054527,2.1371e-101,2.1491e-05
52.75,67.23,0,0.00030367,1.194e-102,2.3498e-05
57.32,67.23,0,0.00026272,9.1586e-100,2.8017e-05
62.55,67.23,0,0.00019839,6.5671e-87,5.543e-06
11.81,69.74,0,3.2245e-06,1.3141e-70,1.2645e-08
14.48,69.74,0,2.5619e-07,6.9272e-69,1.0387e-09
19.94,69.74,0,4.6202e-06,1.2697e-73,1.855e-10
22.74,69.74,0,0.00011531,6.7729e-76,2.1256e-09
25.59,69.74,0,0.0004381,3.5415e-86,1.1246e-08
28.52,69.74,0,6.7316e-05,3.8448e-88,1.3681e-08
31.53,69.74,0,1.8523e-05,2.5632e-88,2.3244e-08
34.64,69.74,0,0.0019413,6.6909e-123,4.9869e-06
37.87,69.74,0,0.0017392,8.8893e-118,5.1744e-06
41.25,69.74,0,1.4676e-05,7.0704e-89,1.6012e-07
44.82,69.74,0,0.00038486,3.1762e-95,6.044e-06
48.63,69.74,0,0.00038263,2.0488e-100,5.0218e-06
52.75,69.74,0,0.00029841,3.0462e-102,1.8247e-05
57.32,69.74,0,0.00027507,1.8625e-99,2.3973e-05
3.91,72.25,0,0.00021942,7.1892e-68,7.4486e-07
6.53,72.25,0,0.0011257,6.2547e-81,1.2469e-05
9.16,72.25,0,0.00010423,4.1112e-76,1.2089e-06
11.81,72.25,0,9.932e-06,2.6783e-72,4.7133e-08
14.48,72.25,0,1.2975e-07,1.1209e-68,7.3183e-10
17.19,72.25,0,1.4895e-07,1.1455e-68,1.5322e-10
19.94,72.25,0,4.4376e-06,3.9188e-71,1.3861e-10
22.74,72.25,0,0.0001045,2.2788e-77,7.192e-10
25.59,72.25,0,0.00031009,5.1285e-86,4.7812e-09
28.52,72.25,0,6.5215e-05,2.5607e-90,1.024e-08
31.53,72.25,0,3.2882e-05,2.3105e-102,5.8148e-09
34.64,72.25,0,0.0016471,2.279e-121,1.3327e-06
37.87,72.25,0,0.0016206,5.0538e-117,2.0438e-06
41.25,72.25,0,1.6827e-05,1.1946e-90,1.7161e-07
44.82,72.25,0,0.00043716,1.1974e-96,8.0973e-06
48.63,72.25,0,0.00038491,1.1161e-98,6.4837e-06
52.75,72.25,0,0.00034663,1.6959e-101,2.2988e-05
57.32,72.25,0,0.00016705,1.1537e-95,1.3535e-05
62.55,72.25,0,0.00022312,3.0046e-88,4.4945e-06
-69.02,74.76,0,0.95452,0.68252,1
6.53,74.76,0,0.0018556,4.6721e-80,5.5861e-05
9.16,74.76,0,0.00021377,1.0698e-77,1.9374e-06
11.81,74.76,0,8.7871e-06,2.7911e-72,1.5797e-08
14.48,74.76,0,1.4108e-07,1.0569e-69,3.7436e-10
17.19,74.76,0,2.0283e-07,6.9923e-72,8.2575e-11
19.94,74.76,0,1.0509e-05,1.8065e-73,1.912e-10
22.74,74.76,0,9.6794e-05,5.3782e-79,7.7242e-10
25.59,74.76,0,0.00020527,9.2049e-87,2.5652e-09
28.52,74.76,0,5.1343e-05,7.8205e-91,4.3146e-09
31.53,74.76,0,0.0014662,8.2123e-124,1.0823e-06
34.64,74.76,0,0.0010844,7.6709e-120,8.6207e-07
37.87,74.76,0,0.00013886,1.9726e-95,1.0232e-08
41.25,74.76,0,3.1199e-05,5.6407e-92,3.6003e-07
44.82,74.76,0,0.00080651,1.899e-99,5.6036e-05
48.63,74.76,0,0.00030633,1.2156e-97,7.5691e-06
52.75,74.76,0,0.00035942,2.949e-101,2.2122e-05
57.32,74.76,0,0.00013071,1.6413e-93,8.5293e-06
62.55,74.76,0,0.00030695,8.2784e-89,5.5587e-06
-69.02,77.27,1,0.96296,0.75691,1
6.53,77.27,0,0.0012693,2.4318e-79,3.9037e-05
9.16,77.27,0,0.0003857,2.568e-79,2.1145e-06
11.81,77.27,0,1.1577e-05,1.5408e-73,6.0029e-09
14.48,77.27,0,1.1457e-07,1.0977e-71,1.3026e-10
17.19,77.27,0,7.8788e-07,1.2941e-72,4.7722e-11
19.94,77.27,0,6.7122e-06,1.7071e-73,1.2266e-10
22.74,77.27,0,3.655e-05,5.5138e-79,5.9026e-10
25.59,77.27,0,9.1359e-05,9.5876e-87,3.9351e-09
28.52,77.27,0,6.103e-06,1.4284e-86,6.8e-10
31.53,77.27,0,0.00097155,1.3539e-122,1.1445e-06
34.64,77.27,0,0.00064637,7.3778e-119,1.0373e-06
37.87,77.27,0,3.8624e-05,2.2644e-85,6.7859e-09
41.25,77.27,0,7.0097e-05,4.2241e-94,5.1652e-06
44.82,77.27,0,0.0011179,2.1842e-100,0.00027047
48.63,77.27,0,0.00026519,2.9288e-96,9.0831e-06
52.75,77.27,0,0.00020799,1.1841e-96,8.6199e-06
57.32,77.27,0,0.00015582,1.9759e-92,8.8248e-06
62.55,77.27,0,0.00019499,4.6468e-89,3.6831e-06
-69.02,79.78,1,0.95009,0.67308,1
14.48,79.78,0,2.4564e-07,1.6799e-73,7.0482e-11
17.19,79.78,0,7.7525e-07,5.1658e-73,2.1419e-11
19.94,79.78,0,5.699e-06,3.866e-74,1.12e-10
22.74,79.78,0,3.3857e-05,5.044e-80,6.3316e-10
25.59,79.78,0,3.2213e-05,1.3504e-85,2.0909e-09
28.52,79.78,0,6.9811e-07,6.6928e-84,2.1519e-10
31.53,79.78,0,0.0006807,5.3513e-122,1.6137e-06
34.64,79.78,0,0.00041604,8.107e-118,1.1044e-06
37.87,79.78,0,3.0297e-05,6.3754e-84,6.9832e-09
41.25,79.78,0,0.00021121,3.1342e-95,2.3337e-05
44.82,79.78,0,0.00026863,1.5948e-99,3.3854e-05
48.63,79.78,0,0.00016109,1.9149e-94,4.3241e-06
52.75,79.78,0,0.00011071,5.0435e-94,3.0415e-06
57.32,79.78,0,0.00016353,2.6662e-90,9.5593e-06
62.55,79.78,0,0.00013956,1.3332e-88,1.6863e-06
69.02,79.78,0,0.00023276,7.3603e-75,2.15e-06
-69.02,82.29,0,0.90433,0.4081,1
19.94,82.29,0,9.7712e-06,2.3443e-75,1.2509e-10
22.74,82.29,0,2.3437e-05,5.6055e-79,1.6877e-10
25.59,82.29,0,2.5839e-06,2.6415e-83,5.3321e-10
28.52,82.29,0,0.0046625,1.1559e-130,2.0765e-06
31.53,82.29,0,0.00048121,1.1252e-122,1.9671e-06
34.64,82.29,0,0.00032487,4.3818e-117,1.2953e-06
37.87,82.29,0,3.0196e-05,3.2346e-85,1.0557e-08
41.25,82.29,0,0.00030404,2.5962e-95,3.4294e-05
44.82,82.29,0,0.00036575,5.9106e-98,8.6862e-05
48.63,82.29,0,0.00015008,1.4926e-91,1.1765e-05
52.75,82.29,0,5.5893e-05,2.7027e-90,1.1054e-06
57.32,82.29,0,0.00010516,4.934e-87,4.6756e-06
62.55,82.29,0,0.0001999,5.2131e-90,1.3927e-06
69.02,82.29,0,0.00028106,4.9421e-74,2.4464e-06
-69.02,84.8,0,0.86084,0.22689,1
25.59,84.8,0,4.8069e-07,7.5842e-83,1.3298e-10
28.52,84.8,0,4.9723e-05,2.1367e-113,3.7685e-09
31.53,84.8,0,0.00033797,9.3894e-125,2.0368e-06
34.64,84.8,0,0.00031686,1.0451e-116,1.353e-06
37.87,84.8,0,0.00016668,7.424e-102,1.0628e-07
41.25,84.8,0,0.00028885,1.5035e-93,2.9325e-05
44.82,84.8,0,0.00094841,4.7352e-96,0.00031279
48.63,84.8,0,7.2908e-05,4.4325e-89,5.5656e-06
52.75,84.8,0,1.2666e-05,4.9011e-86,1.5775e-07
57.32,84.8,0,6.5582e-05,4.736e-84,3.2248e-06
62.55,84.8,0,0.0003248,7.3812e-86,2.7181e-06
69.02,84.8,0,0.00017831,3.705e-72,1.2134e-06
-69.02,87.31,0,0.81818,0.11063,1
17.19,87.31,0,2.8415e-05,2.0452e-78,7.8062e-11
22.74,87.31,0,1.1771e-05,1.4445e-79,1.2033e-10
28.52,87.31,0,2.32e-06,2.731e-108,1.6387e-10
31.53,87.31,0,0.00021785,6.1212e-127,1.3944e-06
34.64,87.31,0,0.000337,1.4154e-116,1.1937e-06
37.87,87.31,0,0.0005498,1.566e-109,1.267e-06
41.25,87.31,0,0.00047494,5.0688e-92,4.7774e-05
44.82,87.31,0,0.00070812,3.3502e-93,0.00013441
48.63,87.31,0,2.5534e-05,7.6867e-88,6.2849e-07
52.75,87.31,0,7.681e-06,8.0999e-83,1.4031e-07
57.32,87.31,0,5.4771e-05,1.8973e-81,2.6432e-06
62.55,87.31,0,0.00029846,3.6908e-81,2.92e-06
69.02,87.31,0,0.00011968,1.0765e-70,8.7778e-07
-69.02,89.82,0,0.77605,0.049304,1
17.19,89.82,0,8.584e-05,4.7803e-82,3.4856e-10
19.94,89.82,0,1.3962e-05,2.6841e-80,2.6659e-11
22.74,89.82,0,1.8396e-05,8.7178e-81,1.9884e-10
25.59,89.82,0,9.5895e-07,1.9598e-82,7.0494e-11
28.52,89.82,0,7.6626e-07,2.9501e-88,6.0134e-11
31.53,89.82,0,8.8825e-05,2.8461e-126,4.3433e-07
34.64,89.82,0,0.00037143,1.1595e-116,9.2471e-07
37.87,89.82,0,0.00030816,4.6379e-104,3.7063e-07
41.25,89.82,0,0.00024562,4.0357e-88,1.0568e-05
44.82,89.82,0,0.00091491,1.0007e-91,9.535e-05
48.63,89.82,0,1.3664e-05,2.4377e-82,8.4344e-07
52.75,89.82,0,6.3002e-06,2.8644e-79,2.1221e-07
57.32,89.82,0,3.9755e-05,2.718e-78,2.2598e-06
62.55,89.82,0,0.00018695,4.6035e-77,2.8262e-06
69.02,89.82,0,8.7994e-05,1.4105e-70,6.4732e-07
-69.02,92.33,0,0.7302,0.016074,1
19.94,92.33,0,5.7796e-05,6.4376e-80,1.5035e-10
22.74,92.33,0,5.6445e-06,5.8596e-83,1.7083e-10
25.59,92.33,0,2.3267e-07,8.6613e-86,2.1304e-11
28.52,92.33,0,9.296e-07,1.6556e-91,9.5085e-11
31.53,92.33,0,7.133e-06,1.673e-114,6.747e-09
34.64,92.33,0,0.00032917,2.8235e-115,3.9567e-07
37.87,92.33,0,5.4181e-05,2.4764e-88,1.6729e-08
41.25,92.33,0,0.00032537,7.6209e-87,5.6275e-06
44.82,92.33,0,0.0010893,5.1379e-89,6.9091e-05
48.63,92.33,0,2.2796e-05,8.3256e-80,1.448e-06
52.75,92.33,0,1.0266e-05,7.3406e-77,8.3542e-07
57.32,92.33,0,3.8113e-05,8.4884e-77,3.2759e-06
62.55,92.33,0,0.00011572,2.4586e-73,2.1626e-06
69.02,92.33,0,8.1103e-05,2.9666e-69,9.4061e-07
-69.02,94.84,0,0.6918,0.0060586,1
6.53,94.84,0,3.4722e-05,2.316e-92,1.0047e-06
17.19,94.84,0,1.8184e-05,1.1464e-87,1.232e-10
19.94,94.84,0,6.3541e-06,9.3261e-87,1.2869e-10
22.74,94.84,0,2.3797e-06,7.9273e-85,2.1127e-10
25.59,94.84,0,3.2099e-06,3.6169e-85,1.3348e-10
28.52,94.84,0,2.8135e-06,7.8676e-108,1.146e-10
31.53,94.84,0,9.5088e-05,6.0418e-127,6.7026e-08
34.64,94.84,0,0.00030357,2.2196e-114,2.175e-07
37.87,94.84,0,6.391e-05,2.7387e-82,5.7517e-08
41.25,94.84,0,0.00052014,6.2565e-86,6.5046e-06
44.82,94.84,0,0.0007632,5.6182e-84,2.6318e-05
48.63,94.84,0,3.1923e-05,2.0553e-77,1.5169e-06
52.75,94.84,0,5.675e-06,9.4591e-74,4.1752e-07
57.32,94.84,0,3.4527e-05,8.0266e-74,3.8462e-06
62.55,94.84,0,9.0217e-05,2.2066e-70,2.5603e-06
69.02,94.84,0,9.9514e-05,3.7716e-68,1.3496e-06
-69.02,97.35,0,0.66424,0.0028572,1
3.91,97.35,0,0.00051851,1.232e-89,4.7395e-05
11.81,97.35,0,2.4291e-05,2.8737e-107,1.6922e-07
14.48,97.35,0,2.1933e-05,2.7292e-100,2.5109e-09
17.19,97.35,0,4.0815e-05,7.3337e-89,4.3571e-10
19.94,97.35,0,4.2607e-05,1.1323e-86,1.0363e-09
22.74,97.35,0,8.136e-06,3.5738e-87,6.8827e-10
25.59,97.35,0,1.1126e-05,3.4988e-99,6.9234e-11
28.52,97.35,0,9.7798e-05,1.3543e-125,3.1435e-09
31.53,97.35,0,1.5236e-06,6.1847e-97,8.5796e-10
34.64,97.35,0,2.2916e-05,7.0327e-82,7.6272e-09
37.87,97.35,0,0.00022113,4.0688e-82,2.0472e-07
41.25,97.35,0,0.00036274,2.824e-82,2.1918e-06
44.82,97.35,0,0.00029798,1.6412e-77,7.4545e-06
48.63,97.35,0,6.5258e-05,5.5296e-74,1.8848e-06
52.75,97.35,0,9.1729e-06,5.8458e-71,7.1059e-07
57.32,97.35,0,3.38e-05,3.4607e-70,4.3063e-06
62.55,97.35,0,9.201e-05,5.0712e-68,3.4901e-06
69.02,97.35,0,0.00015011,2.0786e-66,2.9632e-06
-69.02,99.86,0,0.63378,0.0011497,1
1.3,99.86,0,0.00090762,2.7297e-76,0.00017522
6.53,99.86,0,0.00032312,1.4863e-103,1.9226e-05
9.16,99.86,0,3.1826e-05,4.5111e-107,2.7398e-07
11.81,99.86,0,3.6123e-05,4.9236e-112,2.7455e-07
14.48,99.86,0,0.00026308,2.6857e-104,1.5958e-08
17.19,99.86,0,7.1327e-05,2.3207e-91,3.716e-10
19.94,99.86,0,2.8707e-05,5.6938e-89,1.3713e-09
22.74,99.86,0,5.8075e-05,1.3053e-88,4.2162e-09
25.59,99.86,0,2.153e-05,1.8884e-100,8.7259e-10
28.52,99.86,0,3.7629e-05,1.2677e-111,1.3969e-09
31.53,99.86,0,6.8749e-05,1.6238e-119,3.6889e-08
34.64,99.86,0,9.2369e-06,1.9703e-84,7.5028e-09
37.87,99.86,0,0.00014415,5.0871e-84,1.4864e-07
41.25,99.86,0,0.00039301,1.6081e-80,2.4719e-06
44.82,99.86,0,0.00011347,1.5705e-71,1.9472e-06
48.63,99.86,0,7.1209e-05,1.6483e-68,2.53e-06
52.75,99.86,0,2.2656e-05,5.6675e-69,2.095e-06
57.32,99.86,0,5.1978e-05,2.4322e-68,8.6007e-06
62.55,99.86,0,0.00010633,2.683e-66,5.6232e-06
69.02,99.86,0,0.00014932,1.9361e-65,3.3853e-06
-69.02,102.37,0,0.60195,0.00032963,1
3.91,102.37,0,0.0020062,1.7308e-88,0.00012918
6.53,102.37,0,0.00057019,3.6943e-100,4.5898e-05
9.16,102.37,0,3.9924e-05,7.6152e-110,2.8304e-07
17.19,102.37,0,0.00030276,2.7554e-93,1.1838e-09
19.94,102.37,0,1.2915e-05,6.819e-89,3.3241e-09
22.74,102.37,0,0.00022842,1.2615e-92,2.9147e-08
25.59,102.37,0,7.9717e-05,1.5435e-97,7.3797e-09
28.52,102.37,0,4.2927e-05,1.4624e-111,5.8934e-09
31.53,102.37,0,2.8539e-05,7.0296e-91,1.0832e-08
34.64,102.37,0,1.7591e-06,1.974e-87,1.9134e-08
37.87,102.37,0,8.4973e-05,4.0836e-86,8.4983e-08
41.25,102.37,0,0.00031785,2.3959e-78,1.2923e-06
44.82,102.37,0,9.4955e-05,1.2674e-66,1.3992e-06
48.63,102.37,0,6.5534e-05,1.4583e-62,3.1404e-06
52.75,102.37,0,0.00023442,7.8059e-67,2.3986e-05
57.32,102.37,0,7.1652e-05,2.3456e-67,1.4768e-05
62.55,102.37,0,0.00017921,4.5866e-66,2.0489e-05
69.02,102.37,0,0.00016819,3.3344e-64,4.8769e-06
-69.02,104.88,0,0.57153,0.00012402,1
-1.3,104.88,0,0.0016461,8.8688e-81,0.00080186
1.3,104.88,0,0.0023828,9.3867e-79,0.00057926
6.53,104.88,0,0.00064847,1.3986e-98,3.2676e-05
9.16,104.88,0,2.1471e-05,4.1808e-109,1.5835e-07
14.48,104.88,0,0.00021387,1.4401e-103,1.2927e-08
17.19,104.88,0,4.3976e-05,9.1315e-95,4.2044e-10
22.74,104.88,0,0.00038012,9.979e-91,1.3721e-07
25.59,104.88,0,0.00011371,7.5454e-92,1.6654e-08
28.52,104.88,0,6.1534e-06,3.2398e-97,7.0345e-09
31.53,104.88,0,3.5016e-06,1.5127e-87,1.9569e-08
34.64,104.88,0,2.9172e-06,7.4631e-81,2.7539e-08
37.87,104.88,0,6.6188e-05,8.4593e-81,9.6114e-08
41.25,104.88,0,0.00020664,1.2065e-73,7.2909e-07
44.82,104.88,0,9.8655e-05,5.7184e-61,1.9193e-06
48.63,104.88,0,5.0093e-05,4.0034e-56,3.8221e-06
52.75,104.88,0,0.001641,3.563e-63,0.00036658
57.32,104.88,0,0.00032596,5.2755e-67,8.6663e-05
62.55,104.88,0,0.00030559,4.3983e-65,6.4037e-05
69.02,104.88,0,0.00019881,9.4027e-64,6.8739e-06
-69.02,107.39,0,0.54231,4.2434e-05,1
6.53,107.39,0,0.00046306,5.5013e-95,1.3712e-05
14.48,107.39,0,0.00022664,4.3935e-101,2.6388e-08
19.94,107.39,0,0.00022215,1.3002e-90,2.5653e-08
22.74,107.39,0,0.00031424,4.7574e-90,3.181e-07
25.59,107.39,0,0.00011632,5.1139e-89,4.7177e-08
28.52,107.39,0,3.4569e-06,7.7866e-88,4.4019e-08
31.53,107.39,0,1.035e-05,5.1956e-86,8.7022e-08
34.64,107.39,0,4.8834e-06,1.6098e-82,6.9564e-08
37.87,107.39,0,9.6021e-05,3.8889e-77,9.5108e-08
41.25,107.39,0,0.00021765,1.7217e-69,8.3802e-07
44.82,107.39,0,8.9043e-05,6.1138e-56,2.0763e-06
48.63,107.39,0,6.2749e-05,2.2597e-50,7.8041e-06
52.75,107.39,0,0.00075793,1.0837e-55,0.00020304
57.32,107.39,0,0.00041987,5.7925e-69,9.3763e-05
62.55,107.39,0,0.00028864,2.5074e-60,6.821e-05
69.02,107.39,0,0.00024706,9.4623e-63,1.1061e-05
-69.02,109.9,0,0.50874,1.0653e-05,1
-34.64,109.9,0,0.011194,1.745e-44,0.063632
-31.53,109.9,0,0.0045663,3.0593e-47,0.021379
-6.53,109.9,0,0.00058293,3.4334e-73,0.00014022
-3.91,109.9,0,0.0019026,1.6836e-80,0.0012469
11.81,109.9,0,1.4166e-06,4.1541e-98,7.4164e-09
22.74,109.9,0,0.00015621,1.3573e-88,3.4331e-07
25.59,109.9,0,4.8401e-05,4.624e-86,5.6684e-08
28.52,109.9,0,5.1212e-06,3.1915e-84,2.2256e-07
34.64,109.9,0,3.1262e-05,2.3493e-77,1.1566e-07
37.87,109.9,0,0.00021344,2.2376e-76,2.2404e-07
41.25,109.9,0,0.00049307,2.1068e-67,1.9263e-06
44.82,109.9,0,0.00010333,1.9697e-51,2.5756e-06
48.63,109.9,0,7.3567e-05,1.2473e-44,1.5984e-05
52.75,109.9,0,0.00086686,1.2587e-49,0.00039233
57.32,109.9,0,0.00060452,4.7077e-63,0.00019949
62.55,109.9,0,0.00036828,6.2778e-56,0.00012053
69.02,109.9,0,0.00031637,6.429e-62,2.0634e-05
-69.02,112.41,0,0.48902,6.2951e-06,1
-41.25,112.41,0,0.022372,2.2596e-35,0.14576
-37.87,112.41,0,0.014095,5.3876e-40,0.092339
-34.64,112.41,0,0.012972,4.4315e-46,0.07191
-31.53,112.41,0,0.0060987,1.7395e-48,0.031777
-28.52,112.41,0,0.0021305,1.1328e-49,0.0070001
-6.53,112.41,0,0.0010851,4.2417e-76,7.7536e-05
-3.91,112.41,0,0.0018298,3.2252e-81,0.0012027
1.3,112.41,0,0.00066855,2.7368e-77,0.00011694
3.91,112.41,0,0.001142,7.9236e-81,0.00010604
6.53,112.41,0,0.00016999,2.0768e-90,4.3367e-06
25.59,112.41,0,2.3625e-05,8.6523e-85,5.8889e-08
28.52,112.41,0,3.4487e-05,1.3541e-86,1.5076e-06
37.87,112.41,0,0.00057251,1.9962e-68,1.624e-06
41.25,112.41,0,0.001093,1.363e-64,6.2536e-06
44.82,112.41,0,0.00016287,9.6739e-47,5.4011e-06
48.63,112.41,0,0.00011338,2.3879e-39,3.9923e-05
52.75,112.41,0,0.0017917,2.6689e-43,0.0014581
57.32,112.41,0,0.00077818,1.2158e-53,0.00024188
62.55,112.41,0,0.00059928,3.2026e-51,0.00034785
69.02,112.41,0,0.00048499,2.7817e-60,4.7776e-05
-69.02,114.92,0,0.45954,1.1485e-06,1
-37.87,114.92,0,0.015694,3.0231e-40,0.09367
-34.64,114.92,0,0.015723,4.7524e-46,0.088512
-31.53,114.92,0,0.0071974,6.6367e-51,0.037423
-28.52,114.92,0,0.0022454,4.0151e-51,0.0077451
-1.3,114.92,0,0.0010431,4.0503e-80,0.00075884
1.3,114.92,0,0.00042825,1.8291e-72,8.7209e-05
3.91,114.92,0,0.00082293,8.4112e-80,3.7552e-05
6.53,114.92,0,0.00031141,1.1051e-91,6.8451e-06
25.59,114.92,0,2.9703e-05,7.4166e-83,4.7338e-07
28.52,114.92,0,0.00017692,1.006e-89,2.1514e-05
31.53,114.92,0,2.1121e-05,1.2762e-81,2.7284e-06
37.87,114.92,0,0.000625,2.6503e-65,3.9355e-06
44.82,114.92,0,0.00029194,3.5237e-43,1.2127e-05
48.63,114.92,0,0.00019236,4.2899e-34,0.00011441
52.75,114.92,0,0.001413,8.3034e-37,0.0017994
57.32,114.92,0,0.0012379,2.7384e-46,0.0010453
62.55,114.92,0,0.00075229,2.9722e-47,0.00055711
69.02,114.92,0,0.00071463,4.0404e-59,8.0775e-05
-69.02,117.43,0,0.43085,1.8631e-07,1
-37.87,117.43,0,0.014465,6.4286e-41,0.086449
-34.64,117.43,0,0.020518,4.7134e-47,0.12767
-31.53,117.43,0,0.0095203,3.4902e-52,0.050665
-28.52,117.43,0,0.0023978,1.4142e-52,0.0090482
-1.3,117.43,0,0.00091838,3.5324e-78,0.00039625
1.3,117.43,0,0.00031558,2.9638e-69,5.0402e-05
3.91,117.43,0,0.00051355,4.6112e-74,1.5028e-05
6.53,117.43,0,0.00029151,2.8442e-85,2.2197e-06
28.52,117.43,0,0.00056202,1.1202e-90,0.0001753
31.53,117.43,0,4.489e-05,1.0303e-80,7.8831e-06
34.64,117.43,0,0.00052015,6.1383e-73,8.7766e-06
41.25,117.43,0,0.0012421,3.8774e-53,3.8497e-05
44.82,117.43,0,0.00026668,3.589e-37,3.4833e-05
48.63,117.43,0,0.00019028,6.689e-29,0.00020947
52.75,117.43,0,0.0021895,6.1467e-30,0.0046445
57.32,117.43,0,0.0031065,2.9091e-39,0.007329
62.55,117.43,0,0.001096,2.5165e-43,0.0013389
69.02,117.43,0,0.0011181,5.3979e-59,0.00015636
-69.02,119.94,0,0.40302,2.6107e-08,1
-37.87,119.94,0,0.012341,1.0355e-42,0.073321
-34.64,119.94,0,0.015713,2.2915e-47,0.090246
-31.53,119.94,0,0.013544,2.1463e-54,0.073636
-28.52,119.94,0,0.0034541,1.4543e-53,0.016798
-25.59,119.94,0,0.001164,6.4189e-51,0.0026239
6.53,119.94,0,0.00026605,2.3534e-79,1.0145e-06
17.19,119.94,0,5.3741e-05,7.3145e-86,3.4484e-07
25.59,119.94,0,5.2075e-05,4.6726e-86,1.8251e-06
28.52,119.94,0,0.0022461,2.3283e-85,0.00087995
34.64,119.94,0,0.00065908,1.5663e-70,3.0261e-05
41.25,119.94,0,0.00095047,1.4348e-48,5.5231e-05
44.82,119.94,0,0.00047062,1.7436e-33,0.00013182
48.63,119.94,0,0.00048685,2.5457e-24,0.00072984
52.75,119.94,0,0.0015694,1.3393e-23,0.0058124
57.32,119.94,0,0.0053588,1.3559e-31,0.019186
62.55,119.94,0,0.0014718,1.4124e-39,0.0026076
69.02,119.94,0,0.0018202,8.458e-59,0.00049266
-69.02,122.45,0,0.37499,1.9375e-09,1
-37.87,122.45,0,0.0098532,6.463e-46,0.059042
-34.64,122.45,0,0.012083,1.8245e-47,0.06457
-31.53,122.45,0,0.016629,8.0789e-55,0.090148
-28.52,122.45,0,0.0048931,1.64e-55,0.023086
-25.59,122.45,0,0.0014156,8.7075e-53,0.0050055
-22.74,122.45,0,0.00076727,7.3836e-54,0.00081911
-1.3,122.45,0,0.00059593,3.6501e-70,8.5708e-05
9.16,122.45,0,3.0242e-05,1.0453e-79,1.1334e-07
14.48,122.45,0,1.5729e-05,1.8525e-80,1.9125e-08
19.94,122.45,0,3.8734e-06,1.0876e-78,5.9038e-08
28.52,122.45,0,0.0025641,1.6261e-81,0.00084509
37.87,122.45,0,0.00095469,3.1271e-60,0.00012106
44.82,122.45,0,0.00051608,7.0202e-30,0.0002503
48.63,122.45,0,0.0017079,2.6027e-20,0.0040144
52.75,122.45,0,0.0037765,4.2299e-18,0.017127
57.32,122.45,0,0.0075099,6.1538e-25,0.034672
62.55,122.45,0,0.0020722,2.2587e-36,0.0050199
69.02,122.45,0,0.0018882,3.718e-60,0.00072233
-69.02,124.96,0,0.35379,3.4586e-10,1
-37.87,124.96,0,0.00836,2.7196e-48,0.046417
-34.64,124.96,0,0.0081059,2.3113e-48,0.042088
-31.53,124.96,0,0.016254,5.6401e-56,0.088685
-28.52,124.96,0,0.0071633,4.2549e-57,0.03305
-25.59,124.96,0,0.0015748,1.303e-53,0.0048576
-6.53,124.96,0,0.00038256,3.345e-67,4.9798e-05
-3.91,124.96,0,0.00039369,4.6695e-68,5.1333e-05
41.25,124.96,0,0.00087549,3.0081e-44,0.00020383
44.82,124.96,0,0.00054957,9.122e-27,0.00043005
48.63,124.96,0,0.0018866,9.912e-16,0.0066364
52.75,124.96,0,0.011726,1.6477e-13,0.063524
57.32,124.96,0,0.01885,5.2998e-19,0.11091
62.55,124.96,0,0.0031841,2.2156e-32,0.011232
69.02,124.96,0,0.0024332,1.313e-65,0.00066436
-69.02,127.47,0,0.33556,6.0118e-11,1
-37.87,127.47,0,0.0073928,1.3277e-50,0.038813
-34.64,127.47,0,0.0062582,1.0923e-49,0.030083
-31.53,127.47,0,0.011786,1.7889e-57,0.062824
-28.52,127.47,0,0.0072648,5.023e-58,0.032384
-25.59,127.47,0,0.0020207,4.6733e-54,0.0070807
-22.74,127.47,0,0.00089074,6.2272e-55,0.0015878
-11.81,127.47,0,0.00054709,8.3778e-68,0.00013002
-9.16,127.47,0,0.00041539,4.3143e-66,5.7895e-05
37.87,127.47,0,0.00095081,2.7655e-58,0.00079888
41.25,127.47,0,0.0010657,1.2626e-40,0.00054892
44.82,127.47,0,0.0010589,1.183e-24,0.0010775
48.63,127.47,0,0.0033623,4.9589e-12,0.01654
52.75,127.47,0,0.028541,1.0445e-09,0.15311
57.32,127.47,0,0.023771,3.0622e-14,0.14005
62.55,127.47,0,0.0051239,1.4306e-28,0.024147
69.02,127.47,0,0.0021977,2.1867e-66,0.0009903
-69.02,129.98,0,0.31602,6.7681e-12,0.99999
-37.87,129.98,0,0.0066792,5.847e-51,0.034067
-34.64,129.98,0,0.0074391,4.917e-49,0.036681
-31.53,129.98,0,0.0098057,6.4213e-58,0.049209
-28.52,129.98,0,0.0066138,3.999e-58,0.030152
-25.59,129.98,0,0.0021988,1.6237e-54,0.0069078
-22.74,129.98,0,0.0010398,1.4361e-55,0.0018559
-19.94,129.98,0,0.00073531,4.8672e-60,0.00092197
-11.81,129.98,0,0.00065182,6.0811e-67,0.00023858
-9.16,129.98,0,0.0011958,1.6869e-68,6.6109e-05
-1.3,129.98,0,0.00038822,1.3631e-60,6.7877e-05
3.91,129.98,0,0.00064529,9.1066e-67,5.44e-05
6.53,129.98,0,0.00061204,4.5363e-76,8.581e-05
9.16,129.98,0,0.00023131,1.3581e-78,7.68e-06
34.64,129.98,0,0.00092845,7.6422e-60,0.00060124
37.87,129.98,0,0.0017949,2.4324e-56,0.0027658
44.82,129.98,0,0.001663,1.1115e-20,0.0039253
48.63,129.98,0,0.0085209,4.8616e-09,0.045513
52.75,129.98,0,0.045375,7.116e-07,0.2182
57.32,129.98,0,0.03166,3.3094e-11,0.18713
62.55,129.98,0,0.0085858,4.9247e-25,0.046192
69.02,129.98,0,0.0031678,2.0301e-70,0.0044884
-69.02,132.49,0,0.30334,1.112e-12,0.99997
-41.25,132.49,0,0.011507,6.5022e-51,0.065849
-37.87,132.49,0,0.0066206,7.3068e-52,0.033936
-34.64,132.49,0,0.0050397,1.2937e-49,0.022134
-31.53,132.49,0,0.0068227,5.4985e-57,0.031979
-28.52,132.49,0,0.0059604,9.6743e-58,0.026685
-25.59,132.49,0,0.0022294,5.1474e-55,0.0058699
-11.81,132.49,0,0.0017258,1.5338e-68,0.00029978
3.91,132.49,0,0.00098804,1.3276e-67,0.00014246
6.53,132.49,0,0.00099471,3.8757e-77,0.00025203
37.87,132.49,0,0.0026015,1.2946e-53,0.0052756
44.82,132.49,0,0.002128,4.622e-17,0.008407
48.63,132.49,0,0.019007,1.7819e-06,0.094874
52.75,132.49,0,0.082722,3.2722e-05,0.37283
57.32,132.49,0,0.059425,8.3543e-08,0.30921
62.55,132.49,0,0.015578,9.5175e-22,0.095049
69.02,132.49,0,0.0038511,2.1837e-65,0.0067831
-69.02,135,0,0.28614,1.5452e-13,0.99993
-41.25,135,0,0.011034,5.3533e-54,0.060895
-37.87,135,0,0.0051624,1.1703e-56,0.021161
-34.64,135,0,0.0034838,4.7659e-53,0.014032
-31.53,135,0,0.0047987,5.2464e-56,0.021526
-28.52,135,0,0.006122,2.0128e-57,0.026124
-25.59,135,0,0.0026524,1.0629e-54,0.0057813
-19.94,135,0,0.00135,2.0015e-61,0.0023009
-11.81,135,0,0.010902,7.1659e-74,0.003798
37.87,135,0,0.0024273,2.5211e-49,0.0051313
48.63,135,0,0.03721,2.1828e-05,0.18
52.75,135,0,0.21588,0.0073908,0.59859
62.55,135,0,0.018926,1.4968e-17,0.12054
69.02,135,0,0.0050454,3.5946e-62,0.01135
-69.02,137.51,0,0.27225,1.2043e-13,0.9998
-37.87,137.51,0,0.0058279,1.7332e-60,0.023707
-34.64,137.51,0,0.0025266,1.4749e-53,0.0094501
-31.53,137.51,0,0.0039057,3.9636e-56,0.016742
-28.52,137.51,0,0.0052908,2.5856e-59,0.019227
-11.81,137.51,0,0.0012231,1.3774e-65,0.00029097
6.53,137.51,0,0.0014386,5.5563e-75,0.00057537
37.87,137.51,0,0.0018851,5.9724e-44,0.004339
41.25,137.51,0,0.002636,3.2565e-29,0.0087785
48.63,137.51,0,0.11381,0.0029925,0.36893
52.75,137.51,0,0.34958,0.021211,0.8117
62.55,137.51,0,0.019101,4.0126e-15,0.11845
69.02,137.51,0,0.0053533,1.9271e-52,0.0094185
-69.02,140.02,0,0.26412,1.534e-13,0.99949
-44.82,140.02,0,0.013854,1.7765e-47,0.084524
-41.25,140.02,0,0.010886,5.9639e-59,0.057896
-37.87,140.02,0,0.0037003,1.2006e-57,0.013142
-34.64,140.02,0,0.0019868,1.6515e-50,0.0062566
-31.53,140.02,0,0.0033982,4.5861e-57,0.012472
-28.52,140.02,0,0.0066242,1.8336e-60,0.027552
-25.59,140.02,0,0.0028616,4.8795e-58,0.0062752
-22.74,140.02,0,0.0015361,3.6392e-58,0.0028582
-14.48,140.02,0,0.0011389,7.5594e-63,0.0012104
-11.81,140.02,0,0.0012379,3.1582e-64,0.00046232
41.25,140.02,0,0.0031683,6.9541e-27,0.011681
44.82,140.02,0,0.012067,2.2344e-10,0.069408
48.63,140.02,0,0.21597,0.01611,0.55769
62.55,140.02,0,0.029559,1.1741e-11,0.17747
69.02,140.02,0,0.0069064,2.7736e-42,0.02732
-69.02,142.53,0,0.25575,7.9079e-14,0.99884
-41.25,142.53,0,0.012683,4.4131e-61,0.070397
-37.87,142.53,0,0.0036435,1.9894e-55,0.01148
-34.64,142.53,0,0.0022666,2.2016e-51,0.0063244
-31.53,142.53,0,0.0036707,1.8577e-57,0.012763
-28.52,142.53,0,0.0046167,1.2046e-60,0.014848
-25.59,142.53,0,0.0041397,1.6916e-59,0.0050863
44.82,142.53,0,0.020032,3.8554e-09,0.1096
48.63,142.53,1,0.31033,0.036078,0.69643
52.75,142.53,1,0.69418,0.30544,0.96896
57.32,142.53,1,0.53646,0.12569,0.92018
62.55,142.53,0,0.048586,1.5937e-08,0.25957
69.02,142.53,0,0.0088543,9.5042e-39,0.022527
-69.02,145.04,0,0.24706,2.7809e-14,0.99785
-48.63,145.04,0,0.019792,1.4838e-41,0.128
-44.82,145.04,0,0.0092747,1.7543e-51,0.04775
-41.25,145.04,0,0.010783,2.645e-62,0.049937
-37.87,145.04,0,0.0045928,4.292e-55,0.015594
-34.64,145.04,0,0.0028151,1.7496e-53,0.0080585
-31.53,145.04,0,0.0019099,3.3932e-57,0.0043212
-28.52,145.04,0,0.003961,2.135e-60,0.010038
-11.81,145.04,0,0.0017263,3.5205e-61,0.0018695
9.16,145.04,0,0.0012336,7.7344e-70,0.00035453
48.63,145.04,0,0.35149,0.04914,0.7477
62.55,145.04,0,0.089749,5.9947e-06,0.3755
69.02,145.04,0,0.011108,5.4963e-30,0.060948
-69.02,147.55,0,0.23987,9.9318e-15,0.99652
-41.25,147.55,0,0.0056469,8.6718e-64,0.020149
-37.87,147.55,0,0.0019323,1.8813e-57,0.0036885
-34.64,147.55,0,0.0012455,7.3788e-56,0.0024052
-31.53,147.55,0,0.0014352,6.7936e-57,0.0030526
-28.52,147.55,0,0.0045321,3.1692e-60,0.010203
-14.48,147.55,0,0.002597,2.091e-60,0.0036964
62.55,147.55,0,0.12977,0.00021881,0.45608
69.02,147.55,0,0.013906,1.185e-25,0.084461
-69.02,150.06,0,0.22647,2.4552e-15,0.99468
-41.25,150.06,0,0.0045803,9.6689e-62,0.013919
-37.87,150.06,0,0.0015807,6.9712e-61,0.0018698
-34.64,150.06,0,0.00085182,1.0405e-57,0.00097621
62.55,150.06,0,0.19944,0.002721,0.59956
69.02,150.06,0,0.01819,4.4035e-22,0.11975
-69.02,152.57,0,0.21162,3.0054e-16,0.99185
-34.64,152.57,0,0.00088539,9.9396e-56,0.0010769
-28.52,152.57,0,0.002909,1.1508e-58,0.0059857
62.55,152.57,0,0.33616,0.026251,0.7693
69.02,152.57,0,0.022004,2.1101e-19,0.14861
-69.02,155.08,0,0.19799,3.5931e-17,0.98855
57.32,155.08,0,0.76957,0.40091,0.9914
62.55,155.08,0,0.45189,0.088199,0.84219
69.02,155.08,0,0.02417,1.1274e-17,0.16098
-1.3,157.59,0,0.005116,3.2805e-58,0.015879
57.32,157.59,1,0.81642,0.42105,0.99872
69.02,157.59,0,0.023339,2.1643e-15,0.15059
57.32,160.1,0,0.75318,0.35812,0.99248
69.02,160.1,0,0.027193,6.6741e-14,0.16966
-1.3,162.61,0,0.0082447,7.323e-59,0.030743
62.55,162.61,0,0.43694,0.08207,0.84339
69.02,162.61,0,0.020959,7.1316e-13,0.12806
62.55,165.12,1,0.45888,0.084041,0.87981
69.02,165.12,0,0.018351,1.5364e-12,0.10505
69.02,167.63,0,0.020477,6.6318e-12,0.11587
-9.16,170.14,0,0.0054713,1.3662e-56,0.01387
62.55,170.14,0,0.24516,0.015598,0.65557
69.02,170.14,0,0.015689,4.9992e-12,0.088031
69.02,172.65,0,0.017024,3.0749e-11,0.10315
-44.82,175.16,0,0.011505,4.9416e-79,0.063291
-41.25,175.16,0,0.0042791,1.912e-77,0.015673
-37.87,175.16,0,0.001893,1.9996e-70,0.0042843
69.02,175.16,0,0.017413,3.6822e-11,0.10374
-48.63,177.67,0,0.016543,1.966e-64,0.080458
-44.82,177.67,0,0.012436,2.2704e-81,0.069749
-41.25,177.67,0,0.0057385,3.5654e-79,0.022649
69.02,177.67,0,0.012211,1.4869e-11,0.072294
