1
1
1
0.95289
1
0.95361
1
0.94595
0.95262
0.94099
0.95403
0.92726
0.95549
0.92056
0.95686
0.91963
0.95744
0.94514
0.91782
0.95588
0.92418
0.95028
1
0.92113
0.93928
0.93701
0.93139
0.96313
0.92589
0.9359
0.91988
0.95639
1
1
1
0.93825
0.90807
0.93788
1
0.93519
1
0
0.93372
0.91776
0.87708
0.94188
0.93336
0.85664
0.94332
0.94403
1
1
0.93596
1
0.91423
0.83218
0.93191
0.88452
0.96578
0.97093
0.95032
0.8899
0.85663
0.93591
0.73267
1
0.96985
0.9756
0.94099
0.83439
0.78468
0.94368
0.47368
1
0.86074
1
1
1
0.79541
0.80411
0.95528
0
1
0
1
0.95877
1
0.74846
0.78405
0.96015
0.39241
0
1
0.66364
1
1
0.85982
0.70223
0.82206
0.96114
0.57569
0.29255
0
0
1
1
0.88913
0.81243
0.72293
0.85418
0.6923
0.45828
0
0.1485
0.29912
0.47936
1
0.8232
0.79947
0.79814
0.87977
0.81835
0.76537
0.58617
0.3233
0.14526
0.085619
0
0.35774
0.64049
0.78471
0.84123
0.85895
0.88932
0.81178
0.72993
0.56264
0.36235
0.18965
0
0.11675
0
0.5333
1
0.88165
0.9027
0.89872
0.87691
0.86611
0.74592
0.61201
0.44584
0
0
0
1
0
0.80117
0.89904
0.93117
0.92817
0.97117
1
1
0.32741
0.19622
0
0
0.50382
0.79505
0.91464
0.95507
0.94603
0.85618
0.37607
0.317
0.29117
0.38488
0.48888
0.80752
0.92652
0.96841
0.94997
0.90163
0.85166
0.41432
0.35947
0.40334
0.47895
0.80916
0.93764
0.96537
0.9516
0.97604
0.87321
0.47095
0.44606
0.38185
0.39961
0.49778
0.80112
0.93689
0.95522
0.9469
0.97046
0.85295
1
1
1
0.4209
0.37073
0.37869
0.55935
0.77767
0.91945
0.94539
0.93989
0.97447
0.53603
0.45751
0.38162
0.4796
0.65566
0.79208
0.92743
0.95243
0.9573
0.97517
0.81219
1
0.53826
0.51673
0.56708
0.72991
0.78799
0.94286
0.96481
0.96777
0.97268
0.75051
1
0.82763
0.86169
1
0.62643
0.68553
0.66691
0.80825
0.81412
0.93725
0.96123
0.96853
0.97117
0.56554
0.63618
0.67042
0.67247
0
0.80227
0.83813
0.82569
1
0
0.72642
0.75535
0.86243
0.83574
0.91175
0.94425
0.95959
0.96831
0.56693
0
1
0.34985
0.41425
0.48187
0.54704
0.57296
0.63476
0.73118
1
0.77794
0.83139
0.89678
0.81777
0.88002
0.86293
0.87915
0.91392
0.94273
0.9669
0.52103
1
0.50764
0.53214
0.61874
0.59879
0.57636
0.5866
0.55088
0
0
0.29609
0.37698
0.51191
0.68166
1
0.76428
0.73722
0.74095
0
1
1
0.80823
0.87689
0.88971
0.83879
0.89187
0.93123
0.96901
1
0.56627
0.53405
0.50818
0.48798
0.46647
0.43413
1
0
0.22
0.19414
0.22201
0.24304
0.39316
0.64503
1
0.85137
0.86471
0.83753
0.84397
0.81898
0.8359
1
1
0.87183
0.92019
0.86611
0.91999
0.95093
0.98197
0.48288
0.59514
0.57759
0.46035
0.39163
0
0
0
0.13818
0
0.14128
0.20136
0.49237
0.7705
1
0.92691
0.91519
0.89791
0.89624
1
1
0.85853
0.92816
0.89455
0.94312
0.96802
0.98176
0
0
0.61912
0.4906
0.48152
0.39729
0.24204
0.11292
0.081326
0
0.10308
0.23594
0.56453
0.8354
0.92074
0.85096
0.83228
0.84572
0.92495
0.9182
0.95688
0.98041
0.98267
1
0.56138
0.47426
0.3237
0.17115
0.08263
0.051779
0.080127
0.27786
0.60039
0.85214
0.91087
0.87174
0.89294
0.93764
0.96805
0
0.41721
0.22897
0.11311
0.076843
0.094639
0.29771
0.6064
0.84527
0.93205
0.94943
0.91863
1
1
0.95197
1
0.54608
0.46202
0.37944
0.25591
0.14179
0.090007
0.099317
0.28357
0.57645
0.8171
1
0.95514
1
0.91227
0.92837
0.48786
0.3508
0.22253
0.14185
0.118
0.12926
0.27151
0.55983
0.8203
0.92997
0.95766
0.94143
0.93653
0.51598
0.42343
0.33423
0.2217
0.1893
0.17739
0.32309
0.63024
0.86683
0.94543
0.9836
0.47044
0.33205
0.27392
0.26486
0.36587
0.65096
1
1
0.96002
0.97754
0.98481
0.44427
0.36943
0.36374
0.49672
0.68143
0.8592
0.94308
0.97665
0.98558
1
0.49908
0.51144
0.62573
0.70506
0.85373
0.93419
0.98007
0.98592
0.56692
0.61346
0.67053
0.76979
0.80926
0.86823
0.93523
0.98354
0.98258
0.86464
0.89905
0.97828
0.91949
0.98054
0.98479
0.98778
0.98717
0.98773
0.98576
0.92254
0.97015
1
0.95613
0.93357
0.87923
0.89663
0.97253
0.95527
0.9536
0.93711
0.89322
0.81639
0.81935
0.87184
0.97076
0.95921
0.91616
0.91524
0.88143
0.80155
0.71183
0.77266
0.84963
0.86932
0.5582
0.7364
0.96403
0.97111
1
0.87869
0.8358
0.79444
0.69258
0.60838
0.6923
0.75383
0
1
1
0.76536
1
0.9705
0.94427
0.87059
0.72316
0.66072
0.55691
0.51012
0.57274
0.62863
1
1
0
0
0.69266
0.97259
0.96833
0.94028
0.87227
0.72997
0.53884
0.42861
0.40067
0.43937
0.53938
1
0.80876
1
1
1
0.8791
0.9696
0.94818
0.88545
0.74278
0.54798
0.35824
0.31142
0.3906
0.52619
0.66307
0.74941
1
1
0
0.86275
0.95912
1
0.94768
0.87543
0.72552
0.51804
0.32679
0.32414
0.44017
0.57057
0.70621
1
0.7462
0
0
0.88943
1
0.96367
0.92557
0.85507
0.6736
0.47147
0.28181
0.31992
0.45524
0.55979
0
0.7699
0
1
0.95262
1
0.9769
1
1
0.89748
0.80037
0.61117
0.39931
0.25984
0.30781
0.44907
0.56448
0.70675
1
1
1
0.98171
0.7283
0.88124
0.9139
1
0.9484
0.94349
1
0.74751
0.52754
0.32459
0.23978
0.27641
0.40036
0.55079
0.75286
1
1
0.92617
1
1
0.97962
0.97658
0.72458
0.69715
0.72084
0.78526
0.79938
0.83544
0.84834
0.82906
0.84683
0.88238
0.89131
0.80248
0.65091
0.44102
0.25647
0.23925
0.28802
0.38074
1
0
1
1
1
1
0.97634
0.66438
0.65928
0.6518
0.57411
0.57773
0.68191
0.73032
0.70935
0.72492
0.72264
0.70404
0.75848
0.77697
0.68605
0.52361
0.34032
0.20491
0.23572
0.31177
0.3887
0.54823
0.70755
1
1
1
1
1
1
0.98418
0.98102
0.62597
1
0
0.52179
0.5227
0
0.4425
0.53591
0.57702
0.54972
0.55425
0.57108
0.5582
0.58846
0.59804
0.52303
0.39564
0.24256
0.18975
0.21534
0.30263
0.36537
1
1
1
1
1
1
0.98359
0.98478
1
1
0.51284
0.45205
0.38796
0.38437
0.33912
0.31009
0.38013
0.41139
0.39384
0.38084
0.40441
0.40485
0.41049
0.43156
0.38163
0.26983
0.18067
0.1696
0.19339
0.23005
0.30604
0.46979
1
1
1
0.96634
0.97864
0.97773
0.98048
0.60384
0.46294
0.35595
0.29071
0.2673
0.24107
0.21576
0.25638
0.27112
0.26042
0.24476
0.25771
0.26559
0.26069
0.27909
0.25605
0.19189
0.1905
0.14805
0.15804
0.18975
0.25054
0.40068
0.51476
1
1
1
1
0.97802
0.96731
0.97599
0.96664
0.98048
0.60678
0.50873
0.42468
0.39016
0.3446
0.32678
0.29219
0.24261
0.18155
0.17307
0.17383
0.17898
0.18633
0.19404
0.19214
0.20581
0.21048
0.20398
0.16355
0.12009
0.13745
0.18697
0.30314
0.51192
1
1
1
1
1
1
0.94233
0.97723
0.96444
0.98004
0.61623
0.62803
0.54041
0.50594
0.45914
0.44839
0.38844
0.30639
0.23389
0.24034
0.2222
0.23521
0.21985
0.22328
0.21052
0.20994
0.2361
0.23668
0.19149
0.12653
0.095633
0.12522
0.21694
0.44127
1
1
0.96811
0.91365
0.96865
0.644
0.65099
0.61202
0.5762
0.58126
0.48021
0.35505
0.32339
0.31782
0.28848
0.27228
0.26951
0.26996
0.24716
0.21931
0.25995
0.27113
0.24307
0.17138
0.11003
0.1212
0
1
1
0.9814
0.96513
0.89959
0.96774
0.97255
0.65329
0.66734
0.67436
0.55902
0.40965
0.42329
0.42223
0.37412
0.32445
0.32791
0.33983
0.29764
0.25079
0.28224
0.31334
0.30863
0.2351
0.15196
0
0
0.303
0
1
1
0.98041
1
0.95664
0.86845
0.94295
0.96819
0.27465
0.60356
0.52942
0.52464
0.52123
0.48106
0
0.40345
0.40949
0.36514
0.34888
0.33367
0.33833
0.36278
0.30866
0.17554
0
0.098685
0.19895
0.48976
1
0.93732
0.86481
0.9028
0.9662
0
0.63367
0.6577
0.6125
0.57246
0.5466
0.47044
0
0.50352
0.43992
0.43372
1
1
0.29053
1
0.16408
0.12691
0.073076
0.10517
0.28297
0.70836
1
1
0.95046
0.94489
0.88274
0.86866
0.96429
1
1
0.56268
0.44606
0.49844
0.51441
0
0.22278
0.14579
0.086416
0.06377
0.043018
0.053251
0
0.62174
1
0.94893
0.92615
0.93139
0.8972
0.84579
0.95723
0.2926
0.55508
0.46168
0.52935
0.42063
0.18708
0.073352
0.042077
0.030057
0.031618
0
0
0.80641
1
0.89548
0.81561
0.93536
0.3069
0.68937
0.66268
0.68124
0.61062
0.54076
0.48265
0.52983
0.44183
0.20477
0.066322
0.023791
0.024041
0.039072
0.092291
0.23105
0.54524
0.68471
0.86403
0.80073
0.90455
0.29941
0.7492
0.69268
0.65762
0.60132
0
0.43408
0.2377
0.091953
0.029864
0
0.059992
0.12577
0
0.59138
0.82258
0.77393
0.89675
0.26715
0
0.31575
0.11396
0.043883
0.057603
0.098364
0.24797
0
1
0.72576
0.89651
0.27131
0
0.31652
0
0
0.093309
0.18412
0
0.47588
0.62507
0.67012
0.69152
1
0.67373
0.91707
0.96666
0.2656
0
0.2366
0.10884
0.14226
0.19809
0.13375
0.1976
0.42206
0.53543
0.63097
0.59987
0.60526
0.71292
0.94004
0.26842
0.19194
0
0.16835
0.10538
0.13503
0.22708
0.40201
1
0.52735
0.73898
0.93043
0.96103
0.2601
0.74241
0.15052
0.077287
0.10294
0.13946
0.28605
0.43724
0
0.50774
0.77114
0.92343
0.95856
0.2425
0.21348
0.18874
0.12052
1
0.11778
0.082504
0.20362
0.30214
0.46484
0.46764
0.79656
0.22608
0
0.19027
0.10166
0.055727
0.13897
0.060117
0.12525
0.20416
0.35915
0.4147
0.79718
0.91377
0.95782
0.1856
0.47698
0.29206
0
0.10053
0.047084
0
0.13344
0
0.12632
0.25986
0.40443
0.80046
0.91094
0.69718
0.63466
0.46779
0.29688
0
0
0.044473
0.18821
0.20792
0.05694
0.082724
0.19293
0.38776
0.79591
0.84169
1
0.73405
1
0.54184
0.50302
0.37902
0.27656
0.17588
0.095289
0
0.16087
0.15309
0.033439
0.059091
0.12441
0.34618
0.74494
0.90876
0.15792
1
0.79682
0.73627
0.57397
0.45572
0.36576
0.32285
0.23552
0
0.35808
0.21212
0.031096
0.021344
0
0.085997
0
0.71959
0.9164
0
1
1
0.7905
0.70791
0.54168
0.56083
0.53375
1
0.25078
0.4954
0.29356
0.018654
0.009945
0
0.072703
0.29599
0.74517
0.89405
0
0.79611
0.69155
0.72842
0
1
0.46138
0.62386
0.37721
0.025625
0.0071244
0.021829
0.075729
0.3191
0.74808
0.87607
0.94997
0.20199
0.80928
0.78143
0.7425
0.86477
0.72476
0.45154
0.038739
0
0.014723
0.069143
0.33451
0.73657
0
0.9541
0.20897
0.87264
0.91077
0.79766
0.52167
0.11822
0.0082769
0
0.073179
0.42437
0.70309
0.91749
0.94777
0.21814
0.86206
0.91363
1
0.84534
0.56982
0
0
0.011816
0.16374
0.42132
0.70973
0.91215
0.9393
0.22876
1
0.91484
1
0.94556
0.89047
0.87062
0.60309
0.17938
0.010531
0.012401
0.10412
0.38846
0.72364
0.89536
0.937
0.24785
0.93015
1
0.96188
0.91447
0.88027
0.62416
0.10377
0.012778
0.015682
0.10368
0.34891
0.70512
0.88388
0.91869
0.26611
0.96414
0.92684
0.95897
0.96104
0.93677
1
0.90398
0.63408
0.068481
0
0.027665
0.13996
0.43066
0.69062
0.85835
0.91481
0.27326
0.97991
0
0.91421
0.93081
1
0.95896
1
1
0.78891
0.33527
0.076257
0.040055
0.05632
0.18134
0.44453
0.68001
0.82253
0.89918
0.28384
0.98066
1
1
1
1
0.93206
0.9401
1
0.98604
1
1
0.47917
0
0
0.13001
0.20828
0.42026
0.6577
0.78835
0.89957
0.28985
1
1
1
0.91871
0.96486
1
1
1
0.84402
0.67855
0
0
0.23529
0.29255
0.37408
0.65735
0.74139
0.88874
0.30949
1
1
1
1
0.92725
0.95967
1
1
0.98107
0.9267
0.75765
0.47699
0.3389
0.33314
0.41659
0.35388
0.61985
0.71598
0.89064
0.32243
1
1
1
1
1
1
1
0.87666
0.65244
0.53845
0.50466
0.51768
0.47269
1
0.77627
0.89238
0.34959
0.76298
0.7857
0.98159
1
1
1
1
0.98832
0.91259
0.81496
0.73995
0.66471
0.62767
0.55589
1
0.8179
0.89497
0.36041
0.73019
0.72457
1
0.71496
0.82454
0.98768
1
0.99244
1
1
0.99319
0.98707
0.86637
0.86043
0.78962
0.70723
0.61927
0.78891
0.84129
0.90896
0.37923
0.67185
0.62898
0.69354
0.81668
1
0.99375
1
1
0.99179
1
0.98204
0.90978
0.86515
0.77667
0.72377
0.81148
0.87604
0.92629
0.39894
0.68793
0.55004
0.65637
0.8023
1
1
1
1
1
0.98483
1
1
0.89108
0.86421
0.79939
0.81802
0.89845
0.93909
0.4207
0.72497
0.59922
1
0.73574
0.85556
1
1
0.9943
1
1
0.9358
0.9319
0.88639
0.88571
0.86283
0.91828
0.94273
0.44462
0.77411
0.64272
0.5421
0.67862
0.79522
0.88764
1
1
0.98387
0.99125
1
1
0.94727
0.90319
0.91986
0.91054
0.92997
0.93397
0.46294
0.81042
0.7033
0.52846
0.6235
0.7979
0.98895
0.99393
0.9742
0.95753
0.95024
0.94024
1
0.93471
0.94112
0.47304
0.83856
0.7344
0.57539
0.62421
0.77434
0.8634
0.96876
0.98148
1
1
1
0.9746
0.95659
1
0.92985
0.90914
0.48251
0.822
0.69617
0.59785
0.65056
0.78197
0.87208
0.90801
1
0.98751
1
1
1
1
1
1
1
1
1
0.97479
0.91668
1
0.46469
0.86227
0.80824
0.76683
0.66087
0.69223
0.82642
0.97648
1
1
1
0.98553
1
0.9863
0.97884
0.89521
0.83447
0.48815
0.87943
0.86684
0
0.71629
1
0.85637
1
0.98061
1
0.98849
0.98609
0.91363
1
0.52449
1
0.88107
0.73556
0.7635
0.96879
1
0.99168
1
1
1
0.94248
0.89514
0.54012
0.86632
0.89518
0.87983
0.85043
0.7352
1
0.84322
0.87906
0.94551
0.96965
1
1
1
0.94399
0.88298
0.55098
1
0.83453
0.79157
0.71325
0.77813
0.88137
1
1
1
1
0.936
0.92066
0.5484
0.85047
0.90109
1
0.78497
0.75329
0.81088
0.82256
1
1
1
0.91508
0.87242
0.5459
0.91298
0.87566
0.84749
0.86768
1
1
0.91668
0.86212
0.57001
1
0.93607
0.91563
0.90737
0.87399
0.59863
1
0
1
0.86422
0.63999
0.93836
1
1
1
1
0.8592
0.92984
0.84313
1
0.85829
0.86705
0
0.87695
0.85632
1
0.88631
0.89398
0.88678
1
0.91365
1
0.88861
0.88868
1
1
0.92123
