0
0
0
0.037471
0
0.019141
0
0.021167
0.02778
0.021423
0.022631
0.025243
0.018744
0.025568
0.015761
0.023332
0.013513
0.013326
0.021411
0.012522
0.019221
0.013602
0
0.017313
0.015998
0.011747
0.017037
0.0082547
0.016571
0.0080533
0.015312
0.007639
0
0
0
0.0097764
0.015609
0.011452
0
0.012385
0
0
0.010063
0.011557
0.019857
0.0073597
0.013048
0.024704
0.0074174
0.015239
0
0
0.0090195
0
0.024121
0.033647
0.010205
0.1686
0.054177
0.019044
0.023379
0.033224
0.034912
0.010015
0.4206
0
0.071742
0.023162
0.031232
0.048159
0.041459
0.0097412
0.59755
0
0.35076
0
0
0
0.068668
0.046984
0.0082316
1
1
0
1
0.057816
0
0.096988
0.050253
0.007067
0.60468
1
1
0.64606
1
0
0.090884
0.13016
0.041278
0.0068459
0.50082
0.74453
1
1
0
0
0.15382
0.13053
0.11892
0.035024
0.38597
0.62016
1
0.91659
0.9263
0.84099
0
0.23864
0.14742
0.085543
0.031364
0.22915
0.30267
0.49847
0.72528
0.88202
0.9515
1
0.89918
0.64076
0.29275
0.11323
0.059339
0.030888
0.26128
0.36742
0.50457
0.64421
0.82246
1
0.95409
1
0.70196
0
0.086294
0.040347
0.029301
0.16381
0.22486
0.24361
0.36662
0.52202
1
1
1
1
1
0.25627
0.069234
0.027307
0.021534
0.0068256
0
0
0.6503
0.82778
1
1
0.6816
0.2525
0.058444
0.018145
0.016685
0.15617
0.6045
0.71293
0.79754
0.77202
0.66945
0.2384
0.054206
0.012368
0.014868
0.20987
0.17784
0.60955
0.73176
0.73803
0.66213
0.23496
0.046163
0.014702
0.015721
0.007546
0.20899
0.52595
0.58265
0.69593
0.71892
0.63706
0.24422
0.047133
0.021185
0.019763
0.00979
0.23722
0
0
0
0.61935
0.70014
0.71992
0.53455
0.25756
0.059536
0.02775
0.02419
0.0091223
0.47253
0.6235
0.69145
0.6195
0.42456
0.23367
0.052499
0.024791
0.017357
0.0093558
0.16441
0
0.51096
0.54691
0.50446
0.31916
0.22548
0.043192
0.018437
0.013368
0.010942
0.23126
0
0.18884
0.18318
0
0.40192
0.39915
0.39521
0.22707
0.19469
0.048061
0.021237
0.013683
0.012019
0.45138
0.3705
0.31152
0.2981
1
0.24897
0.26314
0.32533
0
1
0.2906
0.29749
0.15569
0.16728
0.067717
0.032695
0.018882
0.014105
0.056815
0
0
0.66957
0.59318
0.48949
0.41317
0.3961
0.36826
0.33323
0
0.40463
0.3684
0.34447
0.21839
0.12957
0.14054
0.099804
0.051945
0.028199
0.015488
0.028945
0
0.07025
0.12961
0.17784
0.26478
0.33303
0.34821
0.43034
1
1
0.6839
0.58947
0.44831
0.28489
0
0.29492
0.38434
0.425
1
1
0
0.20162
0.12516
0.11125
0.14332
0.07095
0.03687
0.015204
0
0.10854
0.24147
0.35078
0.44258
0.48085
0.56497
0
1
0.79496
0.82632
0.79886
0.72786
0.56955
0.30908
0
0.14465
0.16748
0.24981
0.28349
0.36429
0.3542
0
0
0.14496
0.082615
0.12619
0.051232
0.026105
0.012455
0.039349
0.17074
0.28308
0.46507
0.5716
1
1
1
0.87817
1
0.84877
0.77755
0.4687
0.19085
0
0.069415
0.12482
0.19622
0.32095
1
0
0.1445
0.071581
0.099969
0.036724
0.018206
0.011032
0
0
0.24944
0.43261
0.45637
0.55623
0.70924
0.86543
0.9268
1
0.88869
0.73837
0.39491
0.1334
0.1029
0.26599
0.35387
0.33773
0.069672
0.073149
0.027791
0.013424
0.0089772
0
0.35828
0.44549
0.6121
0.79361
0.907
0.9478
0.9156
0.71222
0.36622
0.11976
0.11464
0.20191
0.26871
0.052325
0.019964
1
0.50713
0.7238
0.86771
0.92327
0.90463
0.69794
0.3671
0.13147
0.056249
0.05095
0.11152
0
0
0.036947
0
0.37473
0.46704
0.55403
0.70324
0.84781
0.90247
0.90248
0.71411
0.40673
0.17083
0
0.045249
0
0.15421
0.068662
0.43205
0.61372
0.75564
0.85413
0.88844
0.88098
0.7245
0.42522
0.16869
0.063929
0.043087
0.078702
0.11085
0.39701
0.59085
0.66429
0.77054
0.82496
0.82891
0.66844
0.3537
0.12801
0.052516
0.0094152
0.53513
0.67774
0.75549
0.77647
0.64588
0.33958
0
0
0.041214
0.015192
0.0095075
0.59485
0.67964
0.67072
0.54259
0.34991
0.13593
0.053056
0.023072
0.011579
0
0.56479
0.51998
0.3898
0.30812
0.14657
0.062947
0.026661
0.017913
0.4039
0.40113
0.35647
0.25184
0.2215
0.14784
0.072306
0.018
0.025176
0.14253
0.11921
0.034469
0.083094
0.032702
0.026101
0.019315
0.012683
0.012798
0.011142
0.12334
0.036559
0
0.056847
0.092514
0.18357
0.16751
0.034254
0.061483
0.056875
0.08102
0.15531
0.26469
0.27381
0.21381
0.033908
0.053668
0.1032
0.10604
0.14621
0.26179
0.38078
0.3321
0.26421
0.28819
0.56784
0.45041
0.045234
0.031468
0
0.14143
0.19086
0.24975
0.37608
0.48588
0.42007
0.3872
1
0
0
0.49509
0
0.030564
0.060238
0.1451
0.30716
0.38475
0.51039
0.57913
0.54145
0.52476
1
0
1
1
0.5275
0.043782
0.031707
0.059845
0.13935
0.29771
0.50771
0.64222
0.68124
0.66596
0.60311
0
0.42654
1
1
0
0.33577
0.028744
0.053328
0.12232
0.27335
0.49439
0.70985
0.76063
0.70293
0.61235
0.52483
0.50566
0
1
1
0.45011
0.14547
0
0.05293
0.12803
0.28785
0.51549
0.72794
0.7565
0.6843
0.56497
0.44171
0
0.47462
1
1
0.44879
0
0.0341
0.071176
0.16373
0.34447
0.57081
0.76568
0.768
0.69238
0.55992
1
0.46753
1
0
0.47691
0
0.025543
0
0
0.097654
0.21461
0.41314
0.64157
0.80285
0.76682
0.68507
0.55095
0.42054
1
0
0
0.020888
0.35009
0.17034
0.14097
0
0.070987
0.072697
0
0.26401
0.48505
0.70731
0.80165
0.78005
0.70183
0.54917
0.38315
0
0
0.42303
0
1
0.033802
0.029153
0.36178
0.44494
0.43595
0.34997
0.30022
0.27576
0.24616
0.26211
0.21656
0.15653
0.14336
0.20001
0.35184
0.56593
0.76275
0.79132
0.76044
0.69068
0
1
0
0
0
0
0.029503
0.36595
0.42334
0.47486
0.59011
0.60258
0.50561
0.43797
0.45087
0.41978
0.39463
0.38457
0.30296
0.27364
0.32978
0.48081
0.66762
0.80604
0.79545
0.75495
0.6665
0.52992
0.39616
0
0
0
0
1
0
0.093674
0.024635
0.22582
0
1
0.56476
0.61064
1
0.73027
0.65625
0.61638
0.63754
0.61375
0.57289
0.55505
0.49292
0.45356
0.49762
0.62148
0.76859
0.82109
0.80638
0.76428
0.67351
0
0
0
1
1
1
0.10848
0.019136
0
0
0.44174
0.57882
0.69307
0.73419
0.80163
0.83123
0.78626
0.76733
0.77662
0.77454
0.74074
0.71285
0.67782
0.63791
0.66441
0.74988
0.85246
0.84873
0.83639
0.79887
0.71344
0.55887
0
0
0
0.44924
0.1415
0.03326
0.024302
0.25932
0.49055
0.67639
0.77874
0.82683
0.86771
0.89329
0.87497
0.86909
0.8749
0.87848
0.86061
0.8363
0.81678
0.78504
0.79716
0.83096
0.85288
0.87667
0.86761
0.83886
0.76907
0.63154
0.61232
0
0
1
1
0.36883
0.19768
0.063885
0.049651
0.023829
0.25443
0.44579
0.60643
0.68282
0.76313
0.80149
0.84516
0.88623
0.9218
0.92585
0.92433
0.91603
0.89877
0.87526
0.86321
0.8319
0.80841
0.82068
0.86017
0.89842
0.88028
0.8336
0.72528
0.61259
1
1
1
0
1
0
0.28113
0.062691
0.054291
0.025215
0.20386
0.34565
0.4849
0.56966
0.6627
0.70242
0.77388
0.8485
0.89864
0.90087
0.90735
0.9053
0.88897
0.86292
0.8447
0.82165
0.78108
0.7789
0.81787
0.87758
0.91137
0.88261
0.80503
0.66547
0
1
0.37142
0.35006
0.05153
0.25159
0.35407
0.43782
0.529
0.58178
0.68963
0.81053
0.85139
0.86044
0.8804
0.88773
0.87029
0.8379
0.8174
0.81389
0.75156
0.72824
0.76055
0.83557
0.8982
0.88853
1
1
1
0.33522
0.34465
0.37142
0.088308
0.045487
0.36102
0.39232
0.45201
0.61657
0.76563
0.78176
0.79966
0.835
0.86561
0.84111
0.79566
0.77821
0.78692
0.72904
0.67969
0.69054
0.77507
0.8624
1
1
0.7691
1
0
0
0.32609
0
0.3412
0.41462
0.13688
0.052798
0.053115
0.56213
0.66088
0.69448
0.71674
0.76597
1
0.80127
0.73267
0.72952
0.72107
0.69828
0.6585
0.63708
0.69813
0.82684
1
0.92373
0.87197
0.74248
0
0.36504
0.39477
0.20243
0.053163
1
0.51412
0.52093
0.59285
0.64002
0.67792
0.74845
1
0.65419
0.67539
0.63758
0
0
0.69514
0
0.86738
0.89522
0.94481
0.93289
0.84335
0.5783
0
0
0.36268
0.29274
0.32472
0.24658
0.055494
0
1
0.5866
0.652
0.55577
0.47593
1
0.81359
0.88507
0.93624
0.95227
0.96856
0.96172
1
0.59711
0
0.39363
0.38932
0.27914
0.26731
0.26836
0.065706
0.046375
0.5742
0.62676
0.51915
0.59274
0.83952
0.94768
0.97263
0.98025
0.97682
1
1
0.5141
0
0.24205
0.29386
0.096429
0.052785
0.35129
0.428
0.46238
0.49158
0.52354
0.55849
0.43444
0.5802
0.82568
0.95423
0.98624
0.98486
0.96808
0.91084
0.76422
0.61772
0.59282
0.39695
0.29725
0.13434
0.057661
0.37404
0.45314
0.46496
0.42516
1
0.54986
0.80228
0.93341
0.98158
1
0.94883
0.87051
1
0.54758
0.26892
0.31607
0.14088
0.057631
1
0.72823
0.92051
0.97407
0.96043
0.91378
0.75086
1
0
0.35715
0.13845
0.060827
1
0.73111
1
1
0.93417
0.79826
1
0.53365
0.47721
0.44271
0.39332
0
0.40502
0.10906
0.041097
0.064279
1
0.82681
0.93243
0.89671
0.8176
0.83926
0.76455
0.64476
0.49548
0.42796
0.44766
0.45238
0.35682
0.08806
0.061228
0.86832
1
0.83826
0.86312
0.83308
0.7221
0.58616
0
0.50882
0.30611
0.085121
0.047656
0.055169
0.28721
0.85209
0.87513
0.88591
0.80362
0.66939
0.53201
1
0.5047
0.25297
0.09102
0.048575
0.051371
0.84285
0.83062
0.84187
0
0.90841
0.86266
0.73751
0.64677
0.49235
0.53425
0.21286
0.046509
1
0.83255
0.86366
0.87965
0.90373
0.89341
0.81012
0.75025
0.60405
0.59038
0.20866
0.098308
0.047498
0.036885
0.5871
0.77403
1
0.86332
0.89556
1
0.90782
1
0.82876
0.70638
0.59253
0.20133
0.10002
0.35389
0.4304
0.65705
0.76292
1
1
0.8998
0.90901
0.90529
0.92144
0.88142
0.7908
0.59825
0.20181
0.14548
0
0.29596
0
0.52439
0.57015
0.69835
0.77453
0.84001
0.8668
1
0.92733
0.93538
0.95423
0.92145
0.85589
0.62347
0.25232
0.10198
0.036479
0
0.19478
0.27502
0.47341
0.64502
0.70513
0.72215
0.77179
1
0.812
0.89919
0.97722
0.97439
1
0.90238
1
0.27697
0.092207
0
0
0
0.20463
0.35349
0.52441
0.48831
0.49904
0
0.66021
0.70118
0.84802
0.97347
0.9856
1
0.91614
0.67495
0.24862
0.11842
0
0.23482
0.35296
0.2918
1
0
0.43254
0.57328
0.78861
0.9649
0.98969
0.98151
0.9189
0.66079
0.23931
0.14293
0.051625
0.051336
0.19611
0.21279
0.21107
0.28111
0.45355
0.73034
0.95492
1
0.98544
0.91916
0.65825
0.25692
1
0.047101
0.058178
0.090813
0.145
0.35471
0.6701
0.93197
0.98807
1
0.92225
0.65982
0.28915
0.09364
0.058334
0.062788
0.13632
0.066921
0
0.28427
0.6278
1
1
0.98827
0.91336
0.67305
0.28196
0.092117
0.071625
0.066489
0
0.096332
0
0.027683
0.047559
0.23913
0.5995
0.91374
0.9887
0.98915
0.92734
0.68114
0.27617
0.10694
0.087449
0.069051
0.060076
0
0.02433
0.03464
0.17518
0.57618
0.92978
0.98953
0.98703
0.92771
0.6711
0.28281
0.12372
0.094438
0.068916
0.041903
0.085344
0.049698
0.036591
0.033745
0
0.17595
0.56347
0.92985
1
0.97349
0.91785
0.65845
0.29634
0.1442
0.090073
0.068099
0.029685
1
0.09694
0.071811
0
0.044574
0
0
0.1628
0.5878
0.91297
0.96584
0.94615
0.89971
0.65208
0.31355
0.16798
0.08714
0.067791
0.018676
0
0
0
0
0.069456
0.05588
0
0.016902
0
0
0.46266
1
1
0.89165
0.83712
0.64939
0.3332
0.19402
0.087884
0.070893
0
0
0
0.075689
0.034071
0
0
0
0.087484
0.29589
1
1
0.79479
0.73658
0.64628
0.35195
0.22265
0.092603
0.067368
0
0
0
0
0.071163
0.050935
0
0
0.014675
0.040152
0.17335
0.52979
0.68201
0.65421
0.60786
0.62043
0.37192
0.23405
0.087697
0.066686
0
0
0
0
0
0
0
0.090912
0.32225
0.47145
0.48308
0.47208
0.5201
0
0.17405
0.08178
0.063819
0.12347
0.13795
0.017954
0
0
0
0
0.0068422
0.048187
0.16358
0.27714
0.31871
0.351
0.42392
0
0.12706
0.07505
0.058938
0.082284
0.12844
0
0.2152
0.12315
0.01682
0
0.0089489
0
0
0.0055117
0.0083669
0.076581
0.14438
0.20114
0.26027
0.31741
0.23147
0.092522
0.058225
0.058664
0.19239
0.2838
0.25971
0.14065
0
0.0057977
0
0
0.0062819
0
0.0093728
0.048326
0.13868
0.17509
0.21962
0.17145
0.064279
0.045195
0.058971
0.17897
0.37415
0.30667
0.16601
0
0
0
0
0
0.009807
0
0
0.084077
0.11107
0.13107
0.11985
0.044617
0.035718
0.059574
0.15347
0.34074
0
0.23257
0.12075
0
0
0.006431
0
0
0.036764
0.04506
0.078377
0.071853
0.068785
0.031871
0.028961
0.06192
0.12572
0.30418
0.43955
0.30806
0.18718
0.10423
0
0
0.013148
0.0087342
0
0
0.035957
0.055948
0.039077
0.037098
0.023975
0.034282
0.060896
0.10702
0.265
0.47416
0.37857
0.19798
0.0096888
0.0058442
0.017932
0.033198
0.027645
0.022069
0
0.018305
0.047531
0.060767
0.094123
0.24882
0.4641
0.39471
0.21663
0.12517
0.027135
0.015165
0
0
0
0.013933
0.01356
0
0.015929
0.063371
0.064458
0.11851
0.28217
0.43254
0.36888
0.21593
0.11568
0.079783
0
0.016799
0
0
0
0
0
0
0
0
0
0.0058154
0.015987
0
0.071061
0.06263
0.14098
0.20835
0.34432
0.32362
0.1712
0.029168
0
0
0
0.0085445
0
0.0046789
0.003162
0.017499
0.090558
0.068195
0.059027
0.10685
1
0.28309
0
0.13453
0
0.038029
0
0.0071656
0.0026342
0.012004
0
0.055787
0
0.10708
0.26926
0.26042
0.033609
0
0.0041536
0
0
0
0.0085247
0.048774
0.045314
0.046813
0.062111
0.10712
0.14129
0.28357
0
0.16418
0.11117
0.044441
0.030497
0
0
0
0.0065826
0.032945
0.039739
0
0.15262
0.21424
0.31511
0.2546
0.13778
0
0
0
0
0.0058326
0.027683
0.039621
0.034692
0.040981
0
0.19821
0.25945
0.21926
0.19701
0
0
0
0.0060539
0.023679
0.039091
0.073381
0.12304
0.1631
0.14443
0
0
0.0055987
0.022424
0.036361
0
0.074212
0.09643
0.0062622
0.017117
0.034674
0
1
0
0.017168
0.030616
0.0026049
0
0
0
0
0.017269
0.0026409
0.018025
0
0.0067223
0.016445
0
0.016491
0.018351
0
0.0060852
0.016154
0.01393
0
0.054506
0
0.013129
0.042913
0
0
0.010915
