-44.82,-178.75,0,0.052911,1.0995e-13,0.30396
-41.25,-178.75,0,0.054451,1.8317e-13,0.30962
-14.48,-178.75,0,0.079149,2.0278e-08,0.39687
69.02,-178.75,0,0.037471,1.1265e-12,0.22539
69.02,-176.24,0,0.038516,2.2888e-13,0.23577
62.55,-173.73,0,0.019141,2.3728e-10,0.1068
69.02,-173.73,0,0.035058,2.2226e-13,0.21486
62.55,-171.22,0,0.021167,4.8865e-10,0.11859
69.02,-171.22,0,0.02778,9.7186e-13,0.16479
62.55,-168.71,0,0.021423,8.0035e-10,0.11767
69.02,-168.71,0,0.022631,2.8338e-12,0.13089
62.55,-166.2,0,0.025243,2.2003e-09,0.13644
69.02,-166.2,0,0.018744,5.9176e-12,0.10813
62.55,-163.69,0,0.025568,3.5182e-09,0.13914
69.02,-163.69,0,0.015761,7.2161e-12,0.089091
62.55,-161.18,0,0.023332,3.7826e-09,0.12824
69.02,-161.18,0,0.013513,7.9132e-12,0.077548
57.32,-158.67,0,0.013326,2.4605e-08,0.070542
62.55,-158.67,0,0.021411,3.559e-09,0.11709
69.02,-158.67,0,0.012522,9.3814e-12,0.070129
62.55,-156.16,0,0.019221,3.9026e-09,0.10482
69.02,-156.16,0,0.013602,1.6816e-11,0.076685
57.32,-153.65,0,0.011764,2.4263e-08,0.062344
62.55,-153.65,0,0.017313,3.4923e-09,0.095624
69.02,-153.65,0,0.015998,3.5109e-11,0.088447
62.55,-151.14,0,0.011747,1.175e-09,0.065369
69.02,-151.14,0,0.017037,3.1985e-11,0.095286
62.55,-148.63,0,0.0082547,5.2883e-10,0.045071
69.02,-148.63,0,0.016571,1.3649e-11,0.093809
62.55,-146.12,0,0.0080533,3.2028e-10,0.044215
69.02,-146.12,0,0.015312,2.7208e-12,0.0882
62.55,-143.61,0,0.007639,4.4903e-10,0.041492
69.02,-143.61,0,0.014572,7.0796e-13,0.086359
62.55,-141.1,0,0.0077485,2.6576e-10,0.042913
69.02,-141.1,0,0.015185,3.5991e-13,0.090581
62.55,-138.59,0,0.0097764,6.1974e-10,0.054221
69.02,-138.59,0,0.015609,4.8428e-13,0.09154
62.55,-136.08,0,0.011452,8.8634e-10,0.06394
69.02,-136.08,0,0.01575,3.5879e-13,0.093129
62.55,-133.57,0,0.012385,9.4797e-10,0.068298
69.02,-133.57,0,0.013602,3.9044e-13,0.079155
62.55,-131.06,0,0.016313,2.1386e-09,0.087107
69.02,-131.06,0,0.010063,9.9934e-13,0.057119
57.32,-128.55,0,0.011557,9.8432e-08,0.063092
62.55,-128.55,0,0.019857,7.4368e-09,0.10558
69.02,-128.55,0,0.0073597,1.7057e-12,0.040031
57.32,-126.04,0,0.013048,1.6058e-07,0.067732
62.55,-126.04,0,0.024704,2.53e-08,0.12922
69.02,-126.04,0,0.0074174,8.3535e-12,0.04007
52.75,-123.53,0,0.015239,1.8767e-06,0.074772
57.32,-123.53,0,0.01889,3.9541e-07,0.096981
62.55,-123.53,0,0.033005,7.4121e-08,0.17034
69.02,-123.53,0,0.0090195,7.2409e-11,0.048176
52.75,-121.02,0,0.019707,2.803e-06,0.096418
57.32,-121.02,0,0.024121,1.2992e-06,0.12046
62.55,-121.02,0,0.033647,2.0825e-07,0.16863
69.02,-121.02,0,0.010205,3.0783e-10,0.053289
41.25,-118.51,0,0.1686,0.022545,0.40948
44.82,-118.51,0,0.054177,0.0030017,0.16479
48.63,-118.51,0,0.019044,5.4153e-05,0.083201
52.75,-118.51,0,0.023379,6.9055e-06,0.1116
57.32,-118.51,0,0.033224,4.7816e-06,0.15908
62.55,-118.51,0,0.034912,5.2391e-07,0.16898
69.02,-118.51,0,0.010015,7.8182e-10,0.051818
37.87,-116,0,0.4206,0.14739,0.72656
41.25,-116,0,0.23399,0.055464,0.48024
44.82,-116,0,0.071742,0.0065149,0.19731
48.63,-116,0,0.023162,0.00013106,0.09495
52.75,-116,0,0.031232,1.5432e-05,0.14409
57.32,-116,0,0.048159,1.5595e-05,0.21741
62.55,-116,0,0.041459,1.2016e-06,0.19948
69.02,-116,0,0.0097412,2.1585e-09,0.050249
34.64,-113.49,0,0.59755,0.29643,0.86975
37.87,-113.49,0,0.61166,0.31544,0.87198
41.25,-113.49,0,0.35076,0.12562,0.60812
44.82,-113.49,0,0.10603,0.013364,0.26776
48.63,-113.49,0,0.036015,0.00037951,0.13745
52.75,-113.49,0,0.046152,3.6214e-05,0.20391
57.32,-113.49,0,0.068668,5.1615e-05,0.2882
62.55,-113.49,0,0.046984,3.7441e-06,0.21489
69.02,-113.49,0,0.0082316,3.0384e-09,0.041571
34.64,-110.98,1,0.68489,0.36784,0.93075
37.87,-110.98,1,0.74043,0.47704,0.93617
41.25,-110.98,0,0.49762,0.24433,0.74573
44.82,-110.98,1,0.16196,0.028245,0.36779
48.63,-110.98,0,0.057816,0.0014859,0.19215
52.75,-110.98,0,0.064316,0.00012861,0.26267
57.32,-110.98,0,0.096988,0.00016753,0.37111
62.55,-110.98,0,0.050253,6.3661e-06,0.22558
69.02,-110.98,0,0.007067,4.0519e-09,0.035387
31.53,-108.47,0,0.60468,0.3156,0.87095
34.64,-108.47,1,0.80344,0.55534,0.96854
37.87,-108.47,1,0.82511,0.61443,0.96513
41.25,-108.47,0,0.64606,0.39984,0.85089
44.82,-108.47,1,0.2476,0.067913,0.48079
48.63,-108.47,0,0.090747,0.0044635,0.26676
52.75,-108.47,0,0.090884,0.00051856,0.32562
57.32,-108.47,0,0.13016,0.00041573,0.45959
62.55,-108.47,0,0.041278,6.6009e-06,0.18456
69.02,-108.47,0,0.0068459,6.9362e-09,0.035183
28.52,-105.96,0,0.50082,0.20623,0.79913
31.53,-105.96,0,0.74453,0.48002,0.94387
34.64,-105.96,1,0.86379,0.63983,0.9875
37.87,-105.96,1,0.89633,0.74939,0.98433
41.25,-105.96,0,0.76565,0.55048,0.92672
44.82,-105.96,0,0.35853,0.12397,0.62407
48.63,-105.96,0,0.15382,0.013294,0.39992
52.75,-105.96,0,0.13053,0.0017807,0.41714
57.32,-105.96,0,0.11892,0.00043723,0.41963
62.55,-105.96,0,0.035024,7.7891e-06,0.15566
25.59,-103.45,0,0.38597,0.12118,0.6912
28.52,-103.45,0,0.62016,0.31957,0.8781
31.53,-103.45,1,0.83004,0.59316,0.97662
34.64,-103.45,0,0.91659,0.76934,0.9928
37.87,-103.45,0,0.9263,0.7767,0.99571
41.25,-103.45,0,0.84099,0.65359,0.96447
44.82,-103.45,0,0.49603,0.22101,0.76266
48.63,-103.45,0,0.23864,0.031812,0.54531
52.75,-103.45,0,0.14742,0.0033283,0.442
57.32,-103.45,0,0.085543,0.00034636,0.31421
62.55,-103.45,0,0.031364,9.7768e-06,0.13765
19.94,-100.94,0,0.22915,0.036132,0.51338
22.74,-100.94,0,0.30267,0.072969,0.60443
25.59,-100.94,0,0.49847,0.2061,0.78802
28.52,-100.94,0,0.72528,0.44899,0.93121
31.53,-100.94,0,0.88202,0.68354,0.98886
34.64,-100.94,0,0.9515,0.84417,0.99762
37.87,-100.94,1,0.96179,0.88346,0.99759
41.25,-100.94,0,0.89918,0.73808,0.98748
44.82,-100.94,0,0.64076,0.32929,0.89203
48.63,-100.94,0,0.29275,0.049745,0.61571
52.75,-100.94,0,0.11323,0.0030085,0.34471
57.32,-100.94,0,0.059339,0.00026953,0.22438
62.55,-100.94,0,0.030888,1.4234e-05,0.13223
19.94,-98.43,0,0.26128,0.04069,0.58032
22.74,-98.43,0,0.36742,0.095375,0.69315
25.59,-98.43,0,0.50457,0.22116,0.78348
28.52,-98.43,0,0.64421,0.36811,0.88185
31.53,-98.43,0,0.82246,0.58385,0.9733
34.64,-98.43,1,0.93681,0.80969,0.99624
37.87,-98.43,0,0.95409,0.86149,0.99691
41.25,-98.43,1,0.89502,0.71463,0.98972
44.82,-98.43,0,0.70196,0.37672,0.93702
48.63,-98.43,0,0.26294,0.045752,0.5608
52.75,-98.43,0,0.086294,0.0026243,0.26813
57.32,-98.43,0,0.040347,0.00017866,0.15632
62.55,-98.43,0,0.029301,1.8457e-05,0.12419
17.19,-95.92,0,0.16381,0.015854,0.42313
19.94,-95.92,0,0.22486,0.021006,0.56964
22.74,-95.92,0,0.24361,0.055523,0.49741
25.59,-95.92,0,0.36662,0.1352,0.63089
28.52,-95.92,0,0.52202,0.25177,0.79866
31.53,-95.92,1,0.75813,0.48677,0.95354
34.64,-95.92,1,0.89495,0.71594,0.98981
37.87,-95.92,1,0.92333,0.78613,0.9934
41.25,-95.92,1,0.86228,0.64915,0.98483
44.82,-95.92,1,0.69418,0.36192,0.93494
48.63,-95.92,0,0.25627,0.048256,0.53928
52.75,-95.92,0,0.069234,0.0021241,0.22076
57.32,-95.92,0,0.027307,0.00010711,0.10876
62.55,-95.92,0,0.021534,1.3843e-05,0.091857
69.02,-95.92,0,0.0068256,9.3503e-08,0.033516
17.19,-93.41,0,0.16194,0.013705,0.42547
19.94,-93.41,0,0.15091,0.013768,0.39571
31.53,-93.41,0,0.6503,0.3577,0.90221
34.64,-93.41,0,0.82778,0.59985,0.97344
37.87,-93.41,1,0.87167,0.67419,0.98489
41.25,-93.41,1,0.81953,0.56837,0.97548
44.82,-93.41,0,0.6816,0.35921,0.92375
48.63,-93.41,0,0.2525,0.050846,0.52876
52.75,-93.41,0,0.058444,0.0018907,0.1881
57.32,-93.41,0,0.018145,6.0826e-05,0.073072
62.55,-93.41,0,0.016685,1.062e-05,0.070977
17.19,-90.9,0,0.15617,0.016196,0.40031
31.53,-90.9,0,0.6045,0.30909,0.87228
34.64,-90.9,0,0.71293,0.42517,0.93125
37.87,-90.9,0,0.79754,0.54251,0.96336
41.25,-90.9,0,0.77202,0.4995,0.95732
44.82,-90.9,0,0.66945,0.34742,0.91651
48.63,-90.9,0,0.2384,0.050634,0.49485
52.75,-90.9,0,0.054206,0.0019945,0.17092
57.32,-90.9,0,0.012368,2.8012e-05,0.053019
62.55,-90.9,0,0.014868,9.8037e-06,0.063871
14.48,-88.39,0,0.20987,0.029507,0.49581
17.19,-88.39,0,0.17784,0.023831,0.4264
34.64,-88.39,0,0.60955,0.29979,0.88194
37.87,-88.39,0,0.73176,0.44525,0.93686
41.25,-88.39,0,0.73803,0.45113,0.94193
44.82,-88.39,0,0.66213,0.33992,0.91236
48.63,-88.39,0,0.23496,0.051403,0.48564
52.75,-88.39,0,0.046163,0.0015862,0.14893
57.32,-88.39,0,0.014702,5.2084e-05,0.061044
62.55,-88.39,0,0.015721,1.4911e-05,0.066053
69.02,-88.39,0,0.007546,4.0972e-07,0.036315
14.48,-85.88,0,0.20899,0.039966,0.44971
31.53,-85.88,0,0.52595,0.23148,0.81754
34.64,-85.88,0,0.58265,0.2746,0.86269
37.87,-85.88,0,0.69593,0.40002,0.92049
41.25,-85.88,0,0.71892,0.42458,0.93483
44.82,-85.88,0,0.63706,0.32052,0.89481
48.63,-85.88,0,0.24422,0.055348,0.49695
52.75,-85.88,0,0.047133,0.0017535,0.14986
57.32,-85.88,0,0.021185,0.00014149,0.081071
62.55,-85.88,0,0.019763,3.1117e-05,0.080372
69.02,-85.88,0,0.00979,9.7877e-07,0.04595
9.16,-83.37,0,0.23722,0.074458,0.45624
11.81,-83.37,0,0.25338,0.069024,0.49275
14.48,-83.37,0,0.2128,0.042427,0.45516
31.53,-83.37,0,0.46532,0.17388,0.77467
34.64,-83.37,0,0.61935,0.31981,0.8778
37.87,-83.37,0,0.70014,0.40354,0.92331
41.25,-83.37,0,0.71992,0.41656,0.93946
44.82,-83.37,0,0.53455,0.22409,0.82215
48.63,-83.37,0,0.25756,0.057935,0.52484
52.75,-83.37,0,0.059536,0.002758,0.1822
57.32,-83.37,0,0.02775,0.00027577,0.10101
62.55,-83.37,0,0.02419,5.435e-05,0.095432
69.02,-83.37,0,0.0091223,1.0573e-06,0.042822
31.53,-80.86,0,0.47253,0.19058,0.7664
34.64,-80.86,0,0.6235,0.31836,0.88097
37.87,-80.86,0,0.69145,0.38551,0.92063
41.25,-80.86,0,0.6195,0.30355,0.88322
44.82,-80.86,0,0.42456,0.14542,0.71832
48.63,-80.86,0,0.23367,0.047883,0.49119
52.75,-80.86,0,0.052499,0.0022085,0.16503
57.32,-80.86,0,0.024791,0.00022922,0.091493
62.55,-80.86,0,0.017357,3.0821e-05,0.072072
69.02,-80.86,0,0.0093558,1.4211e-06,0.043713
-6.53,-78.35,0,0.16441,0.017313,0.42118
19.94,-78.35,0,0.18501,0.034919,0.40765
34.64,-78.35,0,0.51096,0.20957,0.80703
37.87,-78.35,0,0.54691,0.22743,0.84017
41.25,-78.35,0,0.50446,0.19243,0.80878
44.82,-78.35,0,0.31916,0.08294,0.60991
48.63,-78.35,0,0.22548,0.042695,0.48256
52.75,-78.35,0,0.043192,0.0014896,0.13996
57.32,-78.35,0,0.018437,0.00012337,0.072623
62.55,-78.35,0,0.013368,1.8868e-05,0.057052
69.02,-78.35,0,0.010942,2.4071e-06,0.050193
-9.16,-75.84,0,0.23126,0.041751,0.50572
-6.53,-75.84,0,0.21996,0.027644,0.52141
-3.91,-75.84,0,0.18884,0.02261,0.46152
-1.3,-75.84,0,0.18318,0.030421,0.42713
14.48,-75.84,0,0.24946,0.071741,0.48008
34.64,-75.84,0,0.40192,0.12298,0.71722
37.87,-75.84,0,0.39915,0.10218,0.74643
41.25,-75.84,0,0.39521,0.11224,0.71723
44.82,-75.84,0,0.22707,0.040613,0.49897
48.63,-75.84,0,0.19469,0.032782,0.43282
52.75,-75.84,0,0.048061,0.0018059,0.15279
57.32,-75.84,0,0.021237,0.00017029,0.081579
62.55,-75.84,0,0.013683,2.1743e-05,0.057359
69.02,-75.84,0,0.012019,3.5919e-06,0.054067
-14.48,-73.33,0,0.45138,0.1432,0.81908
-11.81,-73.33,0,0.3705,0.1107,0.69197
-9.16,-73.33,0,0.31152,0.075872,0.61098
-6.53,-73.33,0,0.2981,0.054043,0.62607
-3.91,-73.33,1,0.27922,0.045976,0.60396
-1.3,-73.33,0,0.24897,0.056573,0.51175
1.3,-73.33,0,0.26314,0.067844,0.53229
3.91,-73.33,0,0.32533,0.10547,0.6033
17.19,-73.33,0,0.23506,0.057998,0.47216
19.94,-73.33,1,0.21989,0.052425,0.4543
37.87,-73.33,0,0.2906,0.047781,0.63009
41.25,-73.33,0,0.29749,0.055342,0.63067
44.82,-73.33,0,0.15569,0.016431,0.40249
48.63,-73.33,0,0.16728,0.024416,0.39064
52.75,-73.33,0,0.067717,0.003597,0.20322
57.32,-73.33,0,0.032695,0.00043338,0.11656
62.55,-73.33,0,0.018882,4.6841e-05,0.076269
69.02,-73.33,0,0.014105,5.7084e-06,0.06318
-52.75,-70.82,0,0.056815,6.2533e-06,0.23663
-48.63,-70.82,0,0.085449,0.0003617,0.30073
-44.82,-70.82,0,0.13717,0.0050876,0.39661
-17.19,-70.82,0,0.66957,0.30026,0.96571
-14.48,-70.82,0,0.59318,0.26371,0.90057
-11.81,-70.82,0,0.48949,0.18634,0.8001
-9.16,-70.82,0,0.41317,0.11813,0.73539
-6.53,-70.82,0,0.3961,0.084849,0.7502
-3.91,-70.82,0,0.36826,0.076919,0.7153
-1.3,-70.82,0,0.33323,0.093494,0.62808
1.3,-70.82,0,0.38568,0.12755,0.68508
3.91,-70.82,0,0.40463,0.14728,0.69718
6.53,-70.82,0,0.3684,0.1189,0.67711
9.16,-70.82,0,0.34447,0.091178,0.68106
41.25,-70.82,0,0.21839,0.023048,0.54573
44.82,-70.82,0,0.12957,0.010135,0.35979
48.63,-70.82,0,0.14054,0.017026,0.34877
52.75,-70.82,0,0.099804,0.0072999,0.27387
57.32,-70.82,0,0.051945,0.0010064,0.17372
62.55,-70.82,0,0.028199,0.00010559,0.1085
69.02,-70.82,0,0.015488,7.4155e-06,0.06786
-69.02,-68.31,0,0.028945,2.2526e-11,0.16833
-57.32,-68.31,0,0.038027,1.5075e-09,0.20374
-52.75,-68.31,0,0.07025,1.0978e-05,0.28539
-48.63,-68.31,0,0.12961,0.0010979,0.40677
-44.82,-68.31,0,0.17784,0.0092852,0.47389
-41.25,-68.31,0,0.26478,0.042298,0.569
-37.87,-68.31,0,0.33303,0.090988,0.61927
-34.64,-68.31,0,0.34821,0.11238,0.63975
-31.53,-68.31,0,0.43034,0.14132,0.75671
-19.94,-68.31,1,0.73928,0.36468,0.98669
-17.19,-68.31,1,0.75122,0.39394,0.98658
-14.48,-68.31,0,0.6839,0.35106,0.94332
-11.81,-68.31,0,0.58947,0.25066,0.8833
-9.16,-68.31,0,0.44831,0.12542,0.78446
-6.53,-68.31,0,0.28489,0.044715,0.61212
-3.91,-68.31,0,0.27394,0.043901,0.59273
-1.3,-68.31,0,0.29492,0.076396,0.57999
1.3,-68.31,0,0.38434,0.1307,0.67681
3.91,-68.31,0,0.425,0.156,0.72177
6.53,-68.31,1,0.40507,0.12219,0.73701
17.19,-68.31,1,0.27077,0.076287,0.52295
37.87,-68.31,0,0.24087,0.025552,0.58433
41.25,-68.31,0,0.20162,0.01889,0.51483
44.82,-68.31,0,0.12516,0.0091771,0.35252
48.63,-68.31,0,0.11125,0.010248,0.29917
52.75,-68.31,0,0.14332,0.013136,0.36555
57.32,-68.31,0,0.07095,0.0018699,0.22466
62.55,-68.31,0,0.03687,0.00019098,0.13743
69.02,-68.31,0,0.015204,8.0575e-06,0.066394
-57.32,-65.8,0,0.037929,1.4329e-09,0.20386
-48.63,-65.8,0,0.10854,0.00078397,0.35313
-44.82,-65.8,0,0.24147,0.019358,0.58196
-41.25,-65.8,0,0.35078,0.071768,0.68704
-37.87,-65.8,0,0.44258,0.14483,0.74852
-34.64,-65.8,0,0.48085,0.20018,0.76836
-31.53,-65.8,0,0.56497,0.24587,0.86235
-28.52,-65.8,0,0.63703,0.27773,0.92671
-25.59,-65.8,1,0.73325,0.42327,0.95426
-22.74,-65.8,0,0.79496,0.51672,0.97914
-19.94,-65.8,0,0.82632,0.51275,0.99535
-17.19,-65.8,0,0.79886,0.47701,0.99022
-14.48,-65.8,0,0.72786,0.38864,0.96154
-11.81,-65.8,0,0.56955,0.22203,0.87199
-9.16,-65.8,0,0.30908,0.062198,0.62142
-6.53,-65.8,0,0.1487,0.011643,0.39243
-3.91,-65.8,0,0.14465,0.016029,0.36403
-1.3,-65.8,0,0.16748,0.031051,0.38444
1.3,-65.8,0,0.24981,0.065753,0.50497
3.91,-65.8,0,0.28349,0.073323,0.57023
6.53,-65.8,0,0.36429,0.099102,0.69784
9.16,-65.8,0,0.3542,0.11773,0.64674
14.48,-65.8,0,0.33832,0.1046,0.62247
41.25,-65.8,0,0.16956,0.010771,0.46998
44.82,-65.8,0,0.14496,0.013071,0.38457
48.63,-65.8,0,0.082615,0.0051232,0.24193
52.75,-65.8,0,0.12619,0.010507,0.33185
57.32,-65.8,0,0.051232,0.00093388,0.17176
62.55,-65.8,0,0.026105,9.6743e-05,0.10101
69.02,-65.8,0,0.012455,6.5748e-06,0.056576
-57.32,-63.29,0,0.039349,4.7353e-09,0.20876
-44.82,-63.29,0,0.17074,0.010445,0.4519
-41.25,-63.29,0,0.28308,0.045472,0.60197
-37.87,-63.29,0,0.46507,0.15259,0.77855
-34.64,-63.29,0,0.5716,0.26919,0.84532
-31.53,-63.29,1,0.6684,0.33195,0.9302
-28.52,-63.29,1,0.74464,0.41585,0.96441
-25.59,-63.29,1,0.83251,0.58031,0.98025
-22.74,-63.29,0,0.87817,0.66838,0.99172
-19.94,-63.29,1,0.90225,0.66873,0.99891
-17.19,-63.29,0,0.84877,0.56108,0.99418
-14.48,-63.29,0,0.77755,0.44672,0.97826
-11.81,-63.29,0,0.4687,0.14884,0.7894
-9.16,-63.29,0,0.19085,0.021909,0.44717
-6.53,-63.29,0,0.079783,0.0028993,0.24508
-3.91,-63.29,0,0.069415,0.0038951,0.21026
-1.3,-63.29,0,0.12482,0.017437,0.31662
1.3,-63.29,0,0.19622,0.040733,0.4397
3.91,-63.29,0,0.32095,0.057273,0.7047
6.53,-63.29,1,0.39419,0.10675,0.73945
14.48,-63.29,0,0.33703,0.10438,0.62187
44.82,-63.29,0,0.1445,0.013502,0.37959
48.63,-63.29,0,0.071581,0.0036389,0.21898
52.75,-63.29,0,0.099969,0.0067976,0.2749
57.32,-63.29,0,0.036724,0.00049412,0.13192
62.55,-63.29,0,0.018206,5.0167e-05,0.074915
69.02,-63.29,0,0.011032,4.8004e-06,0.050387
-69.02,-60.78,0,0.024599,1.3626e-12,0.15199
-62.55,-60.78,0,0.028247,1.4839e-11,0.16365
-41.25,-60.78,0,0.24944,0.032765,0.56792
-37.87,-60.78,0,0.43261,0.12633,0.75721
-34.64,-60.78,0,0.45637,0.17949,0.74794
-31.53,-60.78,0,0.55623,0.24612,0.85244
-28.52,-60.78,0,0.70924,0.38399,0.94683
-25.59,-60.78,0,0.86543,0.63184,0.98805
-22.74,-60.78,0,0.9268,0.76907,0.99723
-19.94,-60.78,1,0.93813,0.76573,0.99959
-17.19,-60.78,0,0.88869,0.64138,0.99731
-14.48,-60.78,0,0.73837,0.38908,0.9669
-11.81,-60.78,0,0.39491,0.1008,0.72079
-9.16,-60.78,0,0.1334,0.0088275,0.3542
-1.3,-60.78,0,0.1029,0.010749,0.2759
1.3,-60.78,0,0.26599,0.062575,0.54478
3.91,-60.78,0,0.35387,0.099305,0.66591
6.53,-60.78,0,0.33773,0.08272,0.66632
48.63,-60.78,0,0.069672,0.0032515,0.21638
52.75,-60.78,0,0.073149,0.0035309,0.21762
57.32,-60.78,0,0.027791,0.00025032,0.10494
62.55,-60.78,0,0.013424,2.3179e-05,0.058194
69.02,-60.78,0,0.0089772,2.8314e-06,0.04208
-37.87,-58.27,0,0.35472,0.080299,0.68854
-34.64,-58.27,0,0.35828,0.11233,0.65563
-31.53,-58.27,0,0.44549,0.16064,0.76247
-28.52,-58.27,0,0.6121,0.29171,0.88809
-25.59,-58.27,0,0.79361,0.52896,0.96593
-22.74,-58.27,0,0.907,0.72316,0.99545
-19.94,-58.27,0,0.9478,0.79949,0.99964
-17.19,-58.27,0,0.9156,0.6982,0.99885
-14.48,-58.27,0,0.71222,0.35372,0.95614
-11.81,-58.27,0,0.36622,0.075217,0.69798
-9.16,-58.27,0,0.11976,0.0050454,0.34272
-1.3,-58.27,0,0.11464,0.0094713,0.30655
1.3,-58.27,0,0.20191,0.032415,0.46182
3.91,-58.27,0,0.26871,0.054003,0.58234
52.75,-58.27,0,0.052325,0.0016223,0.17031
57.32,-58.27,0,0.019964,0.00010653,0.080746
-41.25,-55.76,1,0.2469,0.02591,0.59327
-28.52,-55.76,0,0.50713,0.20886,0.80809
-25.59,-55.76,0,0.7238,0.44615,0.935
-22.74,-55.76,0,0.86771,0.64703,0.98883
-19.94,-55.76,0,0.92327,0.74016,0.9985
-17.19,-55.76,0,0.90463,0.66983,0.99819
-14.48,-55.76,0,0.69794,0.32455,0.95231
-11.81,-55.76,0,0.3671,0.062509,0.71681
-9.16,-55.76,0,0.13147,0.0039924,0.38285
-6.53,-55.76,0,0.056249,0.00039748,0.20916
-3.91,-55.76,0,0.05095,0.00071942,0.17432
-1.3,-55.76,0,0.11152,0.0063137,0.31307
1.3,-55.76,0,0.13513,0.012824,0.35701
6.53,-55.76,0,0.25778,0.045439,0.57146
52.75,-55.76,0,0.036947,0.00068268,0.13096
-41.25,-53.25,0,0.24404,0.02625,0.58318
-34.64,-53.25,0,0.37473,0.12966,0.65928
-31.53,-53.25,0,0.46704,0.20312,0.74742
-28.52,-53.25,0,0.55403,0.27139,0.82466
-25.59,-53.25,0,0.70324,0.4337,0.9185
-22.74,-53.25,0,0.84781,0.62324,0.98205
-19.94,-53.25,0,0.90247,0.687,0.99693
-17.19,-53.25,0,0.90248,0.65408,0.99828
-14.48,-53.25,0,0.71411,0.31755,0.96377
-11.81,-53.25,0,0.40673,0.063188,0.77805
-9.16,-53.25,0,0.17083,0.0043717,0.48119
-6.53,-53.25,0,0.06377,0.00020675,0.24631
-3.91,-53.25,0,0.045249,0.00035832,0.16726
-1.3,-53.25,0,0.082406,0.0022846,0.25986
1.3,-53.25,0,0.15421,0.015481,0.38965
48.63,-53.25,0,0.068662,0.0031915,0.21296
-31.53,-50.74,0,0.43205,0.18377,0.70682
-28.52,-50.74,0,0.61372,0.35077,0.84898
-25.59,-50.74,0,0.75564,0.50477,0.93892
-22.74,-50.74,0,0.85413,0.6271,0.98332
-19.94,-50.74,0,0.88844,0.66186,0.99448
-17.19,-50.74,0,0.88098,0.60765,0.99663
-14.48,-50.74,0,0.7245,0.31164,0.97243
-11.81,-50.74,0,0.42522,0.057636,0.81603
-9.16,-50.74,0,0.16869,0.0027195,0.49777
-6.53,-50.74,0,0.063929,0.00015133,0.25122
-3.91,-50.74,0,0.043087,0.00022019,0.16614
-1.3,-50.74,0,0.078702,0.0018672,0.25052
1.3,-50.74,0,0.11085,0.0077206,0.30743
-31.53,-48.23,0,0.39701,0.1635,0.66447
-28.52,-48.23,0,0.59085,0.32997,0.82585
-25.59,-48.23,0,0.66429,0.4063,0.88251
-22.74,-48.23,0,0.77054,0.50947,0.95238
-19.94,-48.23,0,0.82496,0.55613,0.98036
-17.19,-48.23,0,0.82891,0.50724,0.98975
-14.48,-48.23,0,0.66844,0.24072,0.95506
-11.81,-48.23,0,0.3537,0.033506,0.74624
-9.16,-48.23,0,0.12801,0.00086281,0.422
-6.53,-48.23,0,0.052516,5.7586e-05,0.21818
69.02,-48.23,0,0.0094152,2.593e-06,0.044034
-25.59,-45.72,0,0.53513,0.27269,0.79372
-22.74,-45.72,0,0.67774,0.40113,0.90284
-19.94,-45.72,0,0.75549,0.45501,0.95506
-17.19,-45.72,0,0.77647,0.43059,0.97563
-14.48,-45.72,0,0.64588,0.21162,0.94397
-11.81,-45.72,0,0.33958,0.027346,0.73644
-9.16,-45.72,0,0.12078,0.00040182,0.42349
-6.53,-45.72,0,0.051095,2.758e-05,0.22
-3.91,-45.72,0,0.041214,0.000132,0.1658
62.55,-45.72,0,0.015192,1.6113e-05,0.067514
69.02,-45.72,0,0.0095075,2.5448e-06,0.044218
-22.74,-43.21,0,0.59485,0.30828,0.85354
-19.94,-43.21,0,0.67964,0.365,0.91744
-17.19,-43.21,0,0.67072,0.3082,0.9288
-14.48,-43.21,0,0.54259,0.14573,0.87416
-11.81,-43.21,0,0.34991,0.028987,0.74616
-9.16,-43.21,0,0.13593,0.00086207,0.44854
-6.53,-43.21,0,0.053056,6.0016e-05,0.21847
62.55,-43.21,0,0.023072,3.4712e-05,0.098805
69.02,-43.21,0,0.011579,4.2445e-06,0.052299
-22.74,-40.7,0,0.52348,0.2313,0.80648
-19.94,-40.7,0,0.56479,0.25553,0.84252
-17.19,-40.7,0,0.51998,0.1862,0.82037
-14.48,-40.7,0,0.3898,0.07448,0.72968
-11.81,-40.7,0,0.30812,0.022753,0.68656
-9.16,-40.7,0,0.14657,0.0015147,0.46081
-6.53,-40.7,0,0.062947,0.00015486,0.2439
62.55,-40.7,0,0.026661,2.4034e-05,0.12442
69.02,-40.7,0,0.017913,6.3842e-06,0.084179
-22.74,-38.19,0,0.4039,0.14717,0.68976
-19.94,-38.19,0,0.40113,0.13852,0.68753
-17.19,-38.19,0,0.35647,0.091601,0.6538
-14.48,-38.19,0,0.25184,0.03274,0.54762
-11.81,-38.19,0,0.2215,0.012215,0.54754
-9.16,-38.19,0,0.14784,0.0022834,0.44595
-6.53,-38.19,0,0.072306,0.00035816,0.26513
62.55,-38.19,0,0.018,1.0145e-05,0.083394
69.02,-38.19,0,0.025176,1.1544e-05,0.11712
-11.81,-35.68,0,0.14253,0.0058546,0.39262
-9.16,-35.68,0,0.11921,0.0019887,0.37111
69.02,-35.68,0,0.034469,1.8881e-05,0.1588
-9.16,-33.17,0,0.083094,0.0012357,0.27238
69.02,-33.17,0,0.032702,1.2188e-05,0.1539
69.02,-30.66,0,0.026101,5.4237e-06,0.12839
69.02,-28.15,0,0.019315,2.8097e-06,0.095291
69.02,-25.64,0,0.012683,1.9436e-06,0.061569
69.02,-23.13,0,0.012798,1.7579e-06,0.063002
69.02,-20.62,0,0.011142,1.2124e-06,0.053281
19.94,-18.11,0,0.12334,0.018952,0.28377
9.16,-15.6,0,0.036559,5.1115e-05,0.14589
11.81,-15.6,0,0.0368,7.1103e-05,0.1468
14.48,-15.6,0,0.056847,0.00084179,0.18631
17.19,-15.6,0,0.092514,0.0059198,0.24871
19.94,-15.6,0,0.18357,0.035347,0.38349
22.74,-15.6,0,0.16751,0.041296,0.3427
6.53,-13.09,0,0.034254,1.6856e-05,0.1456
9.16,-13.09,0,0.061483,0.00012404,0.22701
11.81,-13.09,0,0.056875,0.00021623,0.20565
14.48,-13.09,0,0.08102,0.0016585,0.24676
17.19,-13.09,0,0.15531,0.01505,0.36615
19.94,-13.09,0,0.26469,0.060463,0.51111
22.74,-13.09,0,0.27381,0.086971,0.49478
25.59,-13.09,0,0.21381,0.064133,0.41318
3.91,-10.58,0,0.033908,1.3437e-05,0.1432
6.53,-10.58,0,0.053668,2.7107e-05,0.21794
9.16,-10.58,0,0.1032,0.00029232,0.35901
11.81,-10.58,0,0.10604,0.0008411,0.34183
14.48,-10.58,0,0.14621,0.0050291,0.39355
17.19,-10.58,0,0.26179,0.034302,0.55166
19.94,-10.58,0,0.38078,0.10239,0.6765
22.74,-10.58,0,0.3321,0.11512,0.57379
25.59,-10.58,0,0.26421,0.090112,0.4823
28.52,-10.58,0,0.28819,0.092177,0.54162
37.87,-10.58,0,0.56784,0.33823,0.78597
41.25,-10.58,0,0.45041,0.24186,0.67504
52.75,-10.58,0,0.045234,4.9791e-05,0.18661
3.91,-8.07,0,0.031468,6.8307e-06,0.1366
6.53,-8.07,0,0.055226,1.0844e-05,0.23388
9.16,-8.07,0,0.14143,0.00052679,0.46594
11.81,-8.07,0,0.19086,0.0028196,0.53406
14.48,-8.07,0,0.24975,0.014034,0.58975
17.19,-8.07,0,0.37608,0.06292,0.71928
19.94,-8.07,0,0.48588,0.14512,0.7999
22.74,-8.07,0,0.42007,0.15879,0.6868
25.59,-8.07,0,0.3872,0.16194,0.63918
28.52,-8.07,1,0.37356,0.13625,0.64456
31.53,-8.07,0,0.39395,0.16143,0.64998
37.87,-8.07,0,0.67704,0.44208,0.8775
41.25,-8.07,0,0.49509,0.24474,0.75841
57.32,-8.07,0,0.017678,2.0389e-09,0.094344
3.91,-5.56,0,0.030564,3.999e-06,0.13631
6.53,-5.56,0,0.060238,1.6304e-05,0.24935
9.16,-5.56,0,0.1451,0.00051601,0.47559
11.81,-5.56,0,0.30716,0.0083599,0.74083
14.48,-5.56,0,0.38475,0.033691,0.78744
17.19,-5.56,0,0.51039,0.108,0.86854
19.94,-5.56,0,0.57913,0.19739,0.88848
22.74,-5.56,0,0.54145,0.22291,0.82273
25.59,-5.56,0,0.52476,0.2408,0.79107
28.52,-5.56,1,0.46787,0.20108,0.74074
31.53,-5.56,0,0.43167,0.18232,0.69436
34.64,-5.56,1,0.50652,0.27606,0.73549
37.87,-5.56,1,0.73194,0.49608,0.91568
41.25,-5.56,0,0.5275,0.30427,0.7527
52.75,-5.56,0,0.043782,4.7423e-05,0.18517
3.91,-3.05,0,0.031707,3.0505e-06,0.14217
6.53,-3.05,0,0.059845,1.5922e-05,0.24679
9.16,-3.05,0,0.13935,0.00048365,0.45674
11.81,-3.05,0,0.29771,0.0085226,0.71877
14.48,-3.05,0,0.50771,0.063817,0.90535
17.19,-3.05,0,0.64222,0.17708,0.95554
19.94,-3.05,0,0.68124,0.26333,0.95378
22.74,-3.05,0,0.66596,0.30288,0.92547
25.59,-3.05,0,0.60311,0.28845,0.86395
28.52,-3.05,0,0.47094,0.20898,0.73719
31.53,-3.05,0,0.42654,0.18479,0.68484
34.64,-3.05,1,0.51039,0.28717,0.72995
37.87,-3.05,1,0.63338,0.38863,0.84936
41.25,-3.05,0,0.5761,0.30774,0.82882
44.82,-3.05,0,0.33577,0.14508,0.54816
3.91,-0.54,0,0.028744,1.6771e-06,0.13347
6.53,-0.54,0,0.053328,1.3876e-05,0.22253
9.16,-0.54,0,0.12232,0.00039027,0.40605
11.81,-0.54,0,0.27335,0.0077938,0.67133
14.48,-0.54,0,0.49439,0.066065,0.88432
17.19,-0.54,0,0.70985,0.23338,0.97849
19.94,-0.54,0,0.76063,0.33642,0.98269
22.74,-0.54,0,0.70293,0.3382,0.94506
25.59,-0.54,0,0.61235,0.30512,0.86578
28.52,-0.54,0,0.52483,0.26194,0.77773
31.53,-0.54,0,0.50566,0.26642,0.73861
34.64,-0.54,0,0.51449,0.30808,0.71707
37.87,-0.54,1,0.591,0.35848,0.80878
41.25,-0.54,1,0.59743,0.34778,0.82773
44.82,-0.54,0,0.45011,0.24287,0.66334
48.63,-0.54,0,0.14547,0.015031,0.35865
57.32,-0.54,0,0.019147,6.1538e-09,0.10218
6.53,1.97,0,0.05293,1.3083e-05,0.22159
9.16,1.97,0,0.12803,0.00048554,0.41639
11.81,1.97,0,0.28785,0.01033,0.68456
14.48,1.97,0,0.51549,0.078857,0.89383
17.19,1.97,0,0.72794,0.25957,0.98173
19.94,1.97,0,0.7565,0.35459,0.97652
22.74,1.97,0,0.6843,0.34905,0.9209
25.59,1.97,0,0.56497,0.28636,0.81452
28.52,1.97,0,0.44171,0.2092,0.68732
31.53,1.97,0,0.42439,0.2157,0.64467
34.64,1.97,0,0.47462,0.28264,0.66753
37.87,1.97,1,0.55218,0.33487,0.76531
41.25,1.97,1,0.51813,0.29119,0.74597
44.82,1.97,0,0.44879,0.24926,0.65713
48.63,1.97,0,0.18684,0.026491,0.4271
3.91,4.48,0,0.0341,1.4976e-06,0.16057
6.53,4.48,0,0.071176,2.9631e-05,0.28314
9.16,4.48,0,0.16373,0.0011294,0.49404
11.81,4.48,0,0.34447,0.018871,0.7527
14.48,4.48,0,0.57081,0.11375,0.92337
17.19,4.48,0,0.76568,0.30718,0.98813
19.94,4.48,0,0.768,0.3857,0.97634
22.74,4.48,0,0.69238,0.37161,0.92027
25.59,4.48,0,0.55992,0.28713,0.80678
28.52,4.48,1,0.40076,0.18057,0.64307
34.64,4.48,0,0.46753,0.28341,0.65274
37.87,4.48,1,0.4949,0.29105,0.70259
41.25,4.48,0,0.49049,0.28145,0.7078
44.82,4.48,0,0.47691,0.17307,0.80623
48.63,4.48,0,0.21207,0.037305,0.46006
57.32,4.48,0,0.025543,7.0939e-07,0.12752
1.3,6.99,0,0.038037,2.8399e-06,0.17719
3.91,6.99,0,0.044429,2.2818e-06,0.20228
6.53,6.99,0,0.097654,7.607e-05,0.36607
9.16,6.99,0,0.21461,0.0027715,0.58791
11.81,6.99,0,0.41314,0.03522,0.81998
14.48,6.99,0,0.64157,0.16123,0.95618
17.19,6.99,0,0.80285,0.37831,0.99214
19.94,6.99,0,0.76682,0.39865,0.97185
22.74,6.99,0,0.68507,0.37561,0.90994
25.59,6.99,0,0.55095,0.28533,0.79098
28.52,6.99,0,0.42054,0.20266,0.65598
44.82,6.99,1,0.435,0.20588,0.68881
48.63,6.99,0,0.28794,0.072287,0.55917
52.75,6.99,0,0.055623,0.00031482,0.2093
62.55,6.99,0,0.020888,2.7519e-06,0.09778
-19.94,9.5,0,0.35009,0.12408,0.62323
-6.53,9.5,0,0.17034,0.013189,0.42042
-3.91,9.5,0,0.14097,0.0037595,0.39574
-1.3,9.5,0,0.11024,0.00041729,0.37076
1.3,9.5,0,0.070987,4.4286e-05,0.28619
3.91,9.5,0,0.072697,2.696e-05,0.29884
6.53,9.5,0,0.11568,0.00013992,0.41824
9.16,9.5,0,0.26401,0.0060825,0.66144
11.81,9.5,0,0.48505,0.057477,0.87952
14.48,9.5,0,0.70731,0.22122,0.97653
17.19,9.5,0,0.80165,0.39437,0.98994
19.94,9.5,0,0.78005,0.43055,0.97326
22.74,9.5,0,0.70183,0.40006,0.91727
25.59,9.5,0,0.54917,0.28314,0.79337
28.52,9.5,0,0.38315,0.17226,0.61937
31.53,9.5,0,0.3001,0.12635,0.5074
37.87,9.5,0,0.36266,0.17189,0.57503
41.25,9.5,0,0.42303,0.23794,0.62338
44.82,9.5,0,0.40234,0.19723,0.63615
48.63,9.5,1,0.34764,0.11373,0.62057
57.32,9.5,0,0.033802,1.738e-05,0.14939
62.55,9.5,0,0.029153,1.225e-05,0.12967
-22.74,12.01,0,0.36178,0.11938,0.64884
-19.94,12.01,0,0.44494,0.18337,0.72555
-17.19,12.01,0,0.43595,0.18125,0.70864
-14.48,12.01,0,0.34997,0.12186,0.62406
-11.81,12.01,0,0.30022,0.084587,0.57155
-9.16,12.01,0,0.27576,0.058485,0.55213
-6.53,12.01,0,0.24616,0.031618,0.53227
-3.91,12.01,0,0.26211,0.019713,0.59301
-1.3,12.01,0,0.21656,0.0042048,0.57223
1.3,12.01,0,0.15653,0.00082605,0.4844
3.91,12.01,0,0.14336,0.00044565,0.47176
6.53,12.01,0,0.20001,0.0013982,0.58285
9.16,12.01,0,0.35184,0.015997,0.77174
11.81,12.01,0,0.56593,0.098437,0.92822
14.48,12.01,0,0.76275,0.29078,0.98839
17.19,12.01,0,0.79132,0.40491,0.98421
19.94,12.01,0,0.76044,0.43811,0.9582
22.74,12.01,0,0.69068,0.4044,0.90456
25.59,12.01,0,0.55307,0.2774,0.803
28.52,12.01,1,0.39199,0.17547,0.63087
37.87,12.01,0,0.30818,0.12374,0.52657
41.25,12.01,0,0.3679,0.17804,0.58004
44.82,12.01,0,0.46345,0.25122,0.69567
48.63,12.01,0,0.35136,0.12895,0.61191
62.55,12.01,0,0.029503,2.1511e-05,0.12909
-28.52,14.52,0,0.36595,0.090708,0.69717
-25.59,14.52,0,0.42334,0.14604,0.73122
-22.74,14.52,0,0.47486,0.20005,0.76243
-19.94,14.52,0,0.59011,0.30239,0.85011
-17.19,14.52,0,0.60258,0.31752,0.85391
-14.48,14.52,0,0.50561,0.23229,0.77732
-11.81,14.52,0,0.43797,0.16963,0.7172
-9.16,14.52,0,0.45087,0.15317,0.749
-6.53,14.52,0,0.41978,0.10314,0.74037
-3.91,14.52,0,0.39463,0.058357,0.75344
-1.3,14.52,0,0.38457,0.027649,0.7941
1.3,14.52,0,0.30296,0.0086494,0.71867
3.91,14.52,0,0.27364,0.0051496,0.68958
6.53,14.52,0,0.32978,0.0099743,0.76259
9.16,14.52,0,0.48081,0.047361,0.88676
11.81,14.52,0,0.66762,0.16977,0.96975
14.48,14.52,0,0.80604,0.36438,0.99387
17.19,14.52,0,0.79545,0.44455,0.97998
19.94,14.52,0,0.75495,0.45665,0.94584
22.74,14.52,0,0.6665,0.39428,0.88314
25.59,14.52,0,0.52992,0.27111,0.7822
28.52,14.52,0,0.39616,0.182,0.63212
31.53,14.52,0,0.3268,0.13453,0.54988
34.64,14.52,0,0.29822,0.11634,0.5076
37.87,14.52,0,0.26857,0.095097,0.48457
41.25,14.52,0,0.33222,0.14295,0.55267
44.82,14.52,1,0.54659,0.32072,0.77081
48.63,14.52,0,0.39415,0.16689,0.64599
52.75,14.52,0,0.093674,0.0056276,0.26373
62.55,14.52,0,0.024635,2.2496e-05,0.10585
-34.64,17.03,0,0.22582,0.026209,0.54
-31.53,17.03,0,0.34339,0.064624,0.69646
-28.52,17.03,1,0.47193,0.14586,0.80537
-25.59,17.03,0,0.56476,0.25074,0.85006
-22.74,17.03,0,0.61064,0.31097,0.87038
-19.94,17.03,1,0.71812,0.4176,0.93628
-17.19,17.03,0,0.73027,0.44333,0.93791
-14.48,17.03,0,0.65625,0.36296,0.89395
-11.81,17.03,0,0.61638,0.31014,0.87152
-9.16,17.03,0,0.63754,0.29705,0.90101
-6.53,17.03,0,0.61375,0.23031,0.90342
-3.91,17.03,0,0.57289,0.15121,0.90074
-1.3,17.03,0,0.55505,0.09445,0.91913
1.3,17.03,0,0.49292,0.048734,0.89759
3.91,17.03,0,0.45356,0.031662,0.87624
6.53,17.03,0,0.49762,0.045497,0.90747
9.16,17.03,0,0.62148,0.118,0.96013
11.81,17.03,0,0.76859,0.28055,0.99136
14.48,17.03,0,0.82109,0.41755,0.99343
17.19,17.03,0,0.80638,0.48303,0.97894
19.94,17.03,0,0.76428,0.48709,0.94435
22.74,17.03,0,0.67351,0.41219,0.88497
25.59,17.03,0,0.51199,0.24692,0.77152
34.64,17.03,0,0.29822,0.11349,0.51485
37.87,17.03,0,0.2444,0.081041,0.45203
41.25,17.03,1,0.3298,0.12876,0.58562
44.82,17.03,1,0.55325,0.31336,0.78842
48.63,17.03,1,0.46277,0.22682,0.70472
52.75,17.03,0,0.10848,0.010268,0.27975
69.02,17.03,0,0.019136,3.105e-05,0.082022
-37.87,19.54,0,0.15173,0.011024,0.42263
-34.64,19.54,0,0.27035,0.035793,0.61224
-31.53,19.54,0,0.44174,0.11674,0.79155
-28.52,19.54,0,0.57882,0.23094,0.88322
-25.59,19.54,0,0.69307,0.3662,0.93476
-22.74,19.54,0,0.73419,0.42913,0.94872
-19.94,19.54,0,0.80163,0.52039,0.97383
-17.19,19.54,0,0.83123,0.55867,0.98254
-14.48,19.54,0,0.78626,0.49929,0.96603
-11.81,19.54,0,0.76733,0.46207,0.96005
-9.16,19.54,0,0.77662,0.441,0.97101
-6.53,19.54,0,0.77454,0.39705,0.97817
-3.91,19.54,0,0.74074,0.30518,0.97665
-1.3,19.54,0,0.71285,0.22068,0.97951
1.3,19.54,0,0.67782,0.15315,0.97739
3.91,19.54,0,0.63791,0.11798,0.96839
6.53,19.54,0,0.66441,0.14134,0.97619
9.16,19.54,0,0.74988,0.2389,0.99096
11.81,19.54,0,0.85246,0.43247,0.99807
14.48,19.54,0,0.84873,0.49735,0.99446
17.19,19.54,0,0.83639,0.54997,0.98245
19.94,19.54,0,0.79887,0.54255,0.95822
22.74,19.54,0,0.71344,0.45452,0.91196
25.59,19.54,0,0.55887,0.29358,0.81115
37.87,19.54,0,0.27102,0.095601,0.49056
41.25,19.54,0,0.34141,0.14224,0.57887
44.82,19.54,0,0.4651,0.24266,0.70369
48.63,19.54,0,0.44924,0.22435,0.68505
52.75,19.54,0,0.1415,0.020437,0.33107
62.55,19.54,0,0.03326,0.00012262,0.1294
69.02,19.54,0,0.024302,7.2096e-05,0.099996
-34.64,22.05,0,0.25932,0.035739,0.58715
-31.53,22.05,0,0.49055,0.15157,0.82867
-28.52,22.05,0,0.67639,0.31742,0.93986
-25.59,22.05,0,0.77874,0.45403,0.97469
-22.74,22.05,0,0.82683,0.53574,0.98444
-19.94,22.05,0,0.86771,0.60514,0.99233
-17.19,22.05,0,0.89329,0.65321,0.99601
-14.48,22.05,0,0.87497,0.61898,0.9929
-11.81,22.05,0,0.86909,0.59986,0.99277
-9.16,22.05,0,0.8749,0.59056,0.99513
-6.53,22.05,0,0.87848,0.56726,0.99712
-3.91,22.05,0,0.86061,0.50107,0.99707
-1.3,22.05,0,0.8363,0.40728,0.99717
1.3,22.05,0,0.81678,0.3386,0.99733
3.91,22.05,0,0.78504,0.27584,0.99543
6.53,22.05,0,0.79716,0.30044,0.99607
9.16,22.05,0,0.83096,0.37033,0.99784
11.81,22.05,0,0.85288,0.47657,0.99643
14.48,22.05,0,0.87667,0.57667,0.99592
17.19,22.05,0,0.86761,0.61598,0.98801
19.94,22.05,0,0.83886,0.6102,0.97273
22.74,22.05,0,0.76907,0.52206,0.94435
25.59,22.05,0,0.63154,0.36718,0.86799
28.52,22.05,0,0.61232,0.37917,0.82262
34.64,22.05,0,0.34177,0.14466,0.56937
37.87,22.05,0,0.23885,0.089479,0.42821
41.25,22.05,1,0.31501,0.13088,0.53246
44.82,22.05,1,0.44881,0.19827,0.72353
48.63,22.05,0,0.36883,0.1758,0.58433
52.75,22.05,0,0.19768,0.040989,0.41891
57.32,22.05,0,0.063885,0.001659,0.20341
62.55,22.05,0,0.049651,0.00043513,0.18065
69.02,22.05,0,0.023829,8.7921e-05,0.097039
-34.64,24.56,0,0.25443,0.037418,0.5752
-31.53,24.56,0,0.44579,0.12829,0.78585
-28.52,24.56,0,0.60643,0.26378,0.89567
-25.59,24.56,0,0.68282,0.36094,0.92833
-22.74,24.56,0,0.76313,0.46292,0.96138
-19.94,24.56,0,0.80149,0.5265,0.97209
-17.19,24.56,0,0.84516,0.58512,0.98551
-14.48,24.56,0,0.88623,0.64143,0.99435
-11.81,24.56,0,0.9218,0.70354,0.99884
-9.16,24.56,0,0.92585,0.70227,0.9993
-6.53,24.56,0,0.92433,0.68814,0.99948
-3.91,24.56,0,0.91603,0.64493,0.99952
-1.3,24.56,0,0.89877,0.56992,0.99946
1.3,24.56,0,0.87526,0.47935,0.99925
3.91,24.56,0,0.86321,0.44306,0.99916
6.53,24.56,0,0.8319,0.38558,0.99746
9.16,24.56,0,0.80841,0.38154,0.99305
11.81,24.56,0,0.82068,0.46203,0.98859
14.48,24.56,0,0.86017,0.58117,0.99014
17.19,24.56,0,0.89842,0.68792,0.99304
19.94,24.56,0,0.88028,0.68224,0.98544
22.74,24.56,0,0.8336,0.61045,0.97272
25.59,24.56,0,0.72528,0.46748,0.92734
28.52,24.56,0,0.61259,0.37448,0.83067
31.53,24.56,1,0.50719,0.27379,0.73992
34.64,24.56,1,0.37937,0.16822,0.61298
37.87,24.56,1,0.27727,0.1199,0.47049
41.25,24.56,0,0.29689,0.1215,0.50794
44.82,24.56,1,0.36544,0.15903,0.6072
48.63,24.56,0,0.34835,0.15805,0.56524
52.75,24.56,0,0.28113,0.075178,0.5421
57.32,24.56,0,0.062691,0.0021928,0.19388
62.55,24.56,0,0.054291,0.00076471,0.18891
69.02,24.56,0,0.025215,0.00012785,0.10124
-34.64,27.07,0,0.20386,0.02495,0.49465
-31.53,27.07,0,0.34565,0.075394,0.68259
-28.52,27.07,0,0.4849,0.17447,0.79623
-25.59,27.07,0,0.56966,0.26191,0.84965
-22.74,27.07,0,0.6627,0.3624,0.90397
-19.94,27.07,0,0.70242,0.41673,0.92168
-17.19,27.07,0,0.77388,0.5043,0.95782
-14.48,27.07,0,0.8485,0.59304,0.98538
-11.81,27.07,0,0.89864,0.66435,0.9962
-9.16,27.07,0,0.90087,0.66536,0.99683
-6.53,27.07,0,0.90735,0.67003,0.99806
-3.91,27.07,0,0.9053,0.64864,0.99833
-1.3,27.07,0,0.88897,0.58764,0.9981
1.3,27.07,0,0.86292,0.50093,0.99715
3.91,27.07,0,0.8447,0.4526,0.99669
6.53,27.07,0,0.82165,0.41498,0.99435
9.16,27.07,0,0.78108,0.3935,0.98299
11.81,27.07,0,0.7789,0.44609,0.9704
14.48,27.07,0,0.81787,0.54925,0.97208
17.19,27.07,0,0.87758,0.66726,0.98578
19.94,27.07,0,0.91137,0.74175,0.99282
22.74,27.07,0,0.88261,0.68438,0.98811
25.59,27.07,0,0.80503,0.56547,0.96596
28.52,27.07,0,0.66547,0.42528,0.87497
34.64,27.07,0,0.42296,0.19889,0.65946
37.87,27.07,1,0.38482,0.17726,0.6189
48.63,27.07,0,0.37142,0.17208,0.59264
52.75,27.07,0,0.35006,0.10591,0.63546
62.55,27.07,0,0.05153,0.00095408,0.17721
-31.53,29.58,0,0.25159,0.044673,0.54724
-28.52,29.58,0,0.35407,0.095535,0.665
-25.59,29.58,0,0.43782,0.16203,0.74101
-22.74,29.58,0,0.529,0.24851,0.80514
-19.94,29.58,0,0.58178,0.30286,0.84028
-17.19,29.58,0,0.68963,0.41565,0.90997
-14.48,29.58,0,0.81053,0.5486,0.97214
-11.81,29.58,0,0.85139,0.59898,0.98638
-9.16,29.58,0,0.86044,0.60556,0.99012
-6.53,29.58,0,0.8804,0.62978,0.99467
-3.91,29.58,0,0.88773,0.63255,0.99613
-1.3,29.58,0,0.87029,0.58263,0.99435
1.3,29.58,0,0.8379,0.50507,0.99024
3.91,29.58,0,0.8174,0.45646,0.989
6.53,29.58,0,0.81389,0.4424,0.98942
9.16,29.58,0,0.75156,0.39699,0.96615
11.81,29.58,0,0.72824,0.41646,0.93998
14.48,29.58,0,0.76055,0.50695,0.93655
17.19,29.58,0,0.83557,0.63026,0.96696
19.94,29.58,0,0.8982,0.7263,0.98887
22.74,29.58,0,0.88853,0.69531,0.99093
25.59,29.58,1,0.82154,0.56,0.9782
34.64,29.58,1,0.46615,0.23548,0.70395
37.87,29.58,1,0.4193,0.19816,0.65833
44.82,29.58,0,0.33522,0.14626,0.55744
48.63,29.58,0,0.34465,0.15355,0.55909
52.75,29.58,0,0.37142,0.11939,0.65641
57.32,29.58,0,0.088308,0.0065492,0.2442
62.55,29.58,0,0.045487,0.00095905,0.15599
-25.59,32.09,0,0.36102,0.10924,0.66422
-22.74,32.09,0,0.39232,0.1405,0.68299
-19.94,32.09,0,0.45201,0.19217,0.72983
-17.19,32.09,0,0.61657,0.34254,0.86113
-14.48,32.09,0,0.76563,0.498,0.9525
-11.81,32.09,0,0.78176,0.5064,0.96513
-9.16,32.09,0,0.79966,0.51656,0.97694
-6.53,32.09,0,0.835,0.55884,0.98794
-3.91,32.09,0,0.86561,0.6055,0.99367
-1.3,32.09,0,0.84111,0.56081,0.98773
1.3,32.09,0,0.79566,0.48529,0.97342
3.91,32.09,0,0.77821,0.44999,0.97024
6.53,32.09,0,0.78692,0.4447,0.97612
9.16,32.09,0,0.72904,0.39893,0.9493
11.81,32.09,0,0.67969,0.38466,0.90448
14.48,32.09,0,0.69054,0.44164,0.8888
17.19,32.09,0,0.77507,0.55635,0.93684
19.94,32.09,0,0.8624,0.67261,0.97951
22.74,32.09,1,0.89947,0.70369,0.99451
25.59,32.09,1,0.85073,0.61331,0.98585
28.52,32.09,0,0.7691,0.54259,0.93884
31.53,32.09,1,0.66444,0.42177,0.87296
34.64,32.09,0,0.50334,0.26943,0.73638
37.87,32.09,0,0.4183,0.15842,0.70342
41.25,32.09,0,0.32609,0.14702,0.53258
44.82,32.09,0,0.31283,0.12852,0.53588
48.63,32.09,0,0.3412,0.14985,0.55571
52.75,32.09,0,0.41462,0.13806,0.70847
57.32,32.09,0,0.13688,0.015886,0.34086
62.55,32.09,0,0.052798,0.0015997,0.17358
-69.02,34.6,0,0.053115,1.8147e-09,0.31085
-17.19,34.6,0,0.56213,0.29037,0.82254
-14.48,34.6,0,0.66088,0.37955,0.89678
-11.81,34.6,0,0.69448,0.39688,0.92997
-9.16,34.6,0,0.71674,0.39725,0.95321
-6.53,34.6,0,0.76597,0.44732,0.97555
-3.91,34.6,1,0.83544,0.5368,0.99185
-1.3,34.6,0,0.80127,0.51285,0.97934
1.3,34.6,0,0.73267,0.43693,0.94335
3.91,34.6,0,0.72952,0.42978,0.93653
6.53,34.6,0,0.72107,0.41084,0.93533
9.16,34.6,0,0.69828,0.38613,0.92611
11.81,34.6,0,0.6585,0.36489,0.89122
14.48,34.6,0,0.63708,0.38195,0.85515
17.19,34.6,0,0.69813,0.44251,0.90634
19.94,34.6,0,0.82684,0.60774,0.97159
22.74,34.6,1,0.86411,0.62864,0.99073
25.59,34.6,0,0.92373,0.77439,0.99531
28.52,34.6,0,0.87197,0.70273,0.97842
31.53,34.6,0,0.74248,0.51141,0.92289
37.87,34.6,0,0.40443,0.18041,0.65011
48.63,34.6,0,0.36504,0.16242,0.58722
52.75,34.6,0,0.39477,0.13201,0.6796
57.32,34.6,0,0.20243,0.032246,0.45743
62.55,34.6,0,0.053163,0.0019094,0.17168
-25.59,37.11,1,0.34447,0.098704,0.64442
-17.19,37.11,0,0.51412,0.24897,0.78231
-14.48,37.11,0,0.52093,0.23915,0.80612
-11.81,37.11,0,0.59285,0.28377,0.87926
-9.16,37.11,0,0.64002,0.29583,0.92878
-6.53,37.11,0,0.67792,0.32301,0.9518
-3.91,37.11,0,0.74845,0.39824,0.97691
-1.3,37.11,1,0.74147,0.42036,0.96495
1.3,37.11,0,0.65419,0.37179,0.89488
3.91,37.11,0,0.67539,0.39752,0.89541
6.53,37.11,0,0.63758,0.35168,0.87066
9.16,37.11,0,0.58742,0.27982,0.8548
11.81,37.11,0,0.68827,0.38002,0.91885
14.48,37.11,0,0.69514,0.44256,0.89424
17.19,37.11,0,0.77392,0.53813,0.94571
19.94,37.11,0,0.86738,0.67335,0.98324
22.74,37.11,0,0.89522,0.70155,0.99315
25.59,37.11,0,0.94481,0.83145,0.99709
28.52,37.11,0,0.93289,0.81435,0.99324
31.53,37.11,0,0.84335,0.65698,0.96695
34.64,37.11,0,0.5783,0.34566,0.7914
37.87,37.11,0,0.38843,0.15482,0.64621
41.25,37.11,0,0.32775,0.12305,0.57077
44.82,37.11,0,0.36268,0.17244,0.57278
48.63,37.11,0,0.29274,0.11398,0.50381
52.75,37.11,0,0.32472,0.099168,0.588
57.32,37.11,0,0.24658,0.046229,0.52491
62.55,37.11,0,0.055494,0.0024483,0.17509
-9.16,39.62,0,0.65083,0.29408,0.94008
-3.91,39.62,1,0.7014,0.33213,0.96873
1.3,39.62,0,0.5866,0.30587,0.84788
3.91,39.62,0,0.652,0.38972,0.87421
6.53,39.62,0,0.55577,0.29472,0.80324
9.16,39.62,0,0.47593,0.20203,0.75847
11.81,39.62,1,0.61341,0.30805,0.8725
14.48,39.62,0,0.81359,0.59664,0.95753
17.19,39.62,0,0.88507,0.72086,0.98263
19.94,39.62,0,0.93624,0.8156,0.99541
22.74,39.62,0,0.95227,0.84697,0.99812
25.59,39.62,0,0.96856,0.8944,0.9989
28.52,39.62,0,0.96172,0.88051,0.99793
31.53,39.62,1,0.8826,0.70887,0.98343
34.64,39.62,0,0.59711,0.35385,0.81884
37.87,39.62,0,0.44756,0.21266,0.69093
41.25,39.62,0,0.39363,0.15879,0.65206
44.82,39.62,0,0.38932,0.19517,0.59704
48.63,39.62,0,0.27914,0.1025,0.49653
52.75,39.62,0,0.26731,0.070962,0.51662
57.32,39.62,0,0.26836,0.055937,0.55485
62.55,39.62,0,0.065706,0.003915,0.1982
-69.02,42.13,0,0.046375,2.0089e-09,0.26547
1.3,42.13,0,0.5742,0.29896,0.83468
3.91,42.13,0,0.62676,0.37098,0.85355
6.53,42.13,0,0.51915,0.26329,0.77473
11.81,42.13,0,0.59274,0.29983,0.85519
14.48,42.13,0,0.83952,0.64012,0.96618
17.19,42.13,0,0.94768,0.84055,0.9963
19.94,42.13,0,0.97263,0.90295,0.99922
22.74,42.13,0,0.98025,0.92642,0.99967
25.59,42.13,0,0.97682,0.91936,0.9993
28.52,42.13,1,0.94204,0.83365,0.9951
31.53,42.13,1,0.83794,0.62778,0.97188
37.87,42.13,0,0.5141,0.27598,0.74493
41.25,42.13,0,0.3595,0.14266,0.60641
52.75,42.13,0,0.24205,0.054908,0.49916
57.32,42.13,0,0.29386,0.06568,0.5896
62.55,42.13,0,0.096429,0.0088285,0.2635
-69.02,44.64,0,0.052785,3.3847e-09,0.30287
-25.59,44.64,0,0.35129,0.11953,0.63068
-22.74,44.64,0,0.428,0.17941,0.6999
-19.94,44.64,0,0.46238,0.20126,0.74277
1.3,44.64,0,0.49158,0.22716,0.76785
3.91,44.64,0,0.52354,0.27827,0.76785
6.53,44.64,0,0.55849,0.29722,0.80736
9.16,44.64,0,0.43444,0.17215,0.72829
11.81,44.64,0,0.5802,0.29552,0.84617
14.48,44.64,0,0.82568,0.62568,0.96083
17.19,44.64,0,0.95423,0.85698,0.99733
19.94,44.64,0,0.98624,0.94367,0.99987
22.74,44.64,0,0.98486,0.94164,0.99981
25.59,44.64,0,0.96808,0.89748,0.99844
28.52,44.64,0,0.91084,0.77356,0.98874
31.53,44.64,0,0.76422,0.51196,0.9486
34.64,44.64,0,0.61772,0.325,0.87814
37.87,44.64,0,0.59282,0.35376,0.81103
41.25,44.64,0,0.39695,0.18761,0.62707
57.32,44.64,0,0.29725,0.069161,0.59277
62.55,44.64,0,0.13434,0.016405,0.3389
-69.02,47.15,0,0.057661,4.3315e-09,0.32698
-19.94,47.15,0,0.37404,0.13361,0.66194
-17.19,47.15,0,0.45314,0.19756,0.73143
-14.48,47.15,0,0.46496,0.19918,0.75333
6.53,47.15,0,0.42516,0.18268,0.69732
9.16,47.15,1,0.48746,0.21257,0.77933
11.81,47.15,0,0.54986,0.27544,0.82067
14.48,47.15,0,0.80228,0.58937,0.95376
17.19,47.15,0,0.93341,0.81129,0.99426
19.94,47.15,0,0.98158,0.92989,0.99972
22.74,47.15,1,0.9781,0.92062,0.99962
25.59,47.15,0,0.94883,0.85168,0.99625
28.52,47.15,0,0.87051,0.69672,0.97982
34.64,47.15,1,0.68077,0.3852,0.92024
37.87,47.15,0,0.54758,0.29017,0.79245
52.75,47.15,0,0.26892,0.050972,0.5726
57.32,47.15,0,0.31607,0.077818,0.61584
62.55,47.15,0,0.14088,0.019001,0.34838
-69.02,49.66,0,0.057631,3.8914e-09,0.32353
6.53,49.66,1,0.38723,0.1491,0.67005
14.48,49.66,0,0.72823,0.47548,0.92646
17.19,49.66,0,0.92051,0.77989,0.99283
19.94,49.66,0,0.97407,0.90685,0.9994
22.74,49.66,0,0.96043,0.87204,0.99847
25.59,49.66,0,0.91378,0.77145,0.99151
31.53,49.66,0,0.75086,0.48619,0.94574
34.64,49.66,1,0.7129,0.41441,0.94123
52.75,49.66,0,0.30131,0.050992,0.64183
57.32,49.66,0,0.35715,0.095832,0.67059
62.55,49.66,0,0.13845,0.020254,0.33923
-69.02,52.17,0,0.060827,3.1076e-09,0.34352
11.81,52.17,1,0.53666,0.26296,0.81401
14.48,52.17,0,0.73111,0.47723,0.92985
17.19,52.17,1,0.90237,0.73735,0.9912
19.94,52.17,1,0.9641,0.87793,0.99899
22.74,52.17,0,0.93417,0.80326,0.99597
31.53,52.17,0,0.79826,0.56791,0.95955
34.64,52.17,1,0.70876,0.40874,0.93991
37.87,52.17,0,0.53365,0.26283,0.80289
41.25,52.17,0,0.47721,0.23545,0.73127
44.82,52.17,0,0.44271,0.2085,0.69471
48.63,52.17,0,0.39332,0.13818,0.68159
52.75,52.17,0,0.36629,0.076135,0.71759
57.32,52.17,0,0.40502,0.11933,0.72324
62.55,52.17,0,0.10906,0.014003,0.28083
69.02,52.17,0,0.041097,0.0014854,0.13925
-69.02,54.68,0,0.064279,2.2793e-09,0.35851
14.48,54.68,1,0.67125,0.39335,0.90521
17.19,54.68,0,0.82681,0.6014,0.97393
19.94,54.68,0,0.93243,0.80219,0.99594
22.74,54.68,0,0.89671,0.71403,0.99187
28.52,54.68,0,0.8176,0.58411,0.97137
31.53,54.68,0,0.83926,0.64254,0.96989
34.64,54.68,0,0.76455,0.50698,0.95252
37.87,54.68,0,0.64476,0.37327,0.88137
41.25,54.68,0,0.49548,0.23378,0.76863
44.82,54.68,0,0.42796,0.18066,0.70512
48.63,54.68,0,0.44766,0.16412,0.74619
52.75,54.68,0,0.45238,0.13466,0.78633
57.32,54.68,0,0.35682,0.10534,0.65453
62.55,54.68,0,0.08806,0.0091927,0.24576
-69.02,57.19,0,0.061228,1.058e-09,0.34188
19.94,57.19,0,0.86832,0.66649,0.98588
25.59,57.19,1,0.85755,0.6358,0.98621
28.52,57.19,0,0.83826,0.62947,0.97318
31.53,57.19,0,0.86312,0.68284,0.97604
34.64,57.19,0,0.83308,0.62148,0.97128
37.87,57.19,0,0.7221,0.46365,0.92052
41.25,57.19,0,0.58616,0.30989,0.84608
48.63,57.19,0,0.44742,0.15062,0.76182
52.75,57.19,0,0.50882,0.18708,0.81744
57.32,57.19,0,0.30611,0.087152,0.58208
62.55,57.19,0,0.085121,0.0089781,0.23513
69.02,57.19,0,0.047656,0.0021026,0.15685
-69.02,59.7,0,0.055169,4.5401e-10,0.31304
-17.19,59.7,0,0.28721,0.092301,0.53465
28.52,59.7,0,0.85209,0.66096,0.97518
31.53,59.7,0,0.87513,0.70615,0.9799
34.64,59.7,0,0.88591,0.70199,0.98696
37.87,59.7,0,0.80362,0.56882,0.96044
41.25,59.7,0,0.66939,0.38616,0.90665
44.82,59.7,0,0.53201,0.23791,0.82448
48.63,59.7,1,0.37482,0.10172,0.71106
52.75,59.7,0,0.5047,0.19744,0.80224
57.32,59.7,0,0.25297,0.066433,0.50791
62.55,59.7,0,0.09102,0.01014,0.24849
69.02,59.7,0,0.048575,0.0021667,0.16005
-69.02,62.21,0,0.051371,2.1208e-10,0.28948
22.74,62.21,0,0.84285,0.61373,0.98182
25.59,62.21,0,0.83062,0.6034,0.97717
28.52,62.21,0,0.84187,0.6539,0.96903
31.53,62.21,0,0.87379,0.6922,0.98132
34.64,62.21,0,0.90841,0.70463,0.99666
37.87,62.21,0,0.86266,0.65504,0.98293
41.25,62.21,0,0.73751,0.45438,0.94864
44.82,62.21,0,0.64677,0.3383,0.90759
48.63,62.21,0,0.49235,0.19014,0.80436
52.75,62.21,0,0.53425,0.23468,0.81957
57.32,62.21,0,0.21286,0.048957,0.45457
-69.02,64.72,0,0.046509,6.5052e-11,0.26631
22.74,64.72,1,0.76027,0.46971,0.96382
25.59,64.72,0,0.83255,0.6086,0.97616
28.52,64.72,0,0.86366,0.68851,0.97548
31.53,64.72,0,0.87965,0.69217,0.98495
34.64,64.72,0,0.90373,0.66364,0.99828
37.87,64.72,0,0.89341,0.70951,0.99061
41.25,64.72,0,0.81012,0.54124,0.9788
44.82,64.72,0,0.75025,0.45446,0.96139
48.63,64.72,0,0.60405,0.2933,0.88044
52.75,64.72,0,0.59038,0.29063,0.85661
57.32,64.72,0,0.20866,0.046378,0.45251
62.55,64.72,0,0.098308,0.01136,0.26546
69.02,64.72,0,0.047498,0.0019827,0.15978
-69.02,67.23,0,0.036885,8.8501e-12,0.20987
17.19,67.23,0,0.5871,0.33521,0.8293
22.74,67.23,0,0.77403,0.51926,0.95673
25.59,67.23,1,0.8385,0.60948,0.97801
28.52,67.23,0,0.86332,0.68105,0.97724
31.53,67.23,0,0.89556,0.71077,0.99007
34.64,67.23,1,0.90687,0.6466,0.99923
37.87,67.23,0,0.90782,0.69371,0.99792
41.25,67.23,1,0.87085,0.63813,0.99328
44.82,67.23,0,0.82876,0.55655,0.98705
48.63,67.23,0,0.70638,0.40561,0.93731
52.75,67.23,0,0.59253,0.29801,0.85672
57.32,67.23,0,0.20133,0.042999,0.44338
62.55,67.23,0,0.10002,0.011451,0.27181
11.81,69.74,0,0.35389,0.095464,0.65307
14.48,69.74,0,0.4304,0.18171,0.70051
19.94,69.74,0,0.65705,0.38482,0.88905
22.74,69.74,0,0.76292,0.51788,0.94536
25.59,69.74,1,0.85512,0.6444,0.98074
28.52,69.74,1,0.86295,0.66632,0.9807
31.53,69.74,0,0.8998,0.70735,0.99234
34.64,69.74,0,0.90901,0.61174,0.99986
37.87,69.74,0,0.90529,0.60616,0.99986
41.25,69.74,0,0.92144,0.74884,0.99807
44.82,69.74,0,0.88142,0.64342,0.9962
48.63,69.74,0,0.7908,0.5185,0.97166
52.75,69.74,0,0.59825,0.30366,0.86073
57.32,69.74,0,0.20181,0.042269,0.449
3.91,72.25,0,0.14548,0.01085,0.37717
6.53,72.25,0,0.18375,0.0076492,0.50602
9.16,72.25,0,0.29596,0.040076,0.62976
11.81,72.25,0,0.43966,0.12874,0.75457
14.48,72.25,0,0.52439,0.25066,0.7827
17.19,72.25,0,0.57015,0.32432,0.80573
19.94,72.25,0,0.69835,0.45738,0.89703
22.74,72.25,0,0.77453,0.53729,0.94662
25.59,72.25,0,0.84001,0.61406,0.97562
28.52,72.25,0,0.8668,0.65322,0.98441
31.53,72.25,1,0.89696,0.68929,0.99485
34.64,72.25,0,0.92733,0.6785,0.99991
37.87,72.25,0,0.93538,0.70835,0.99996
41.25,72.25,0,0.95423,0.83283,0.99958
44.82,72.25,0,0.92145,0.72667,0.99915
48.63,72.25,0,0.85589,0.62025,0.98924
52.75,72.25,0,0.62347,0.32436,0.88513
57.32,72.25,0,0.25232,0.065538,0.51336
62.55,72.25,0,0.10198,0.010333,0.28173
-69.02,74.76,0,0.036479,9.1204e-14,0.22239
6.53,74.76,0,0.1288,0.0028833,0.40303
9.16,74.76,0,0.19478,0.015214,0.48255
11.81,74.76,0,0.27502,0.057097,0.55767
14.48,74.76,0,0.47341,0.20695,0.74011
17.19,74.76,0,0.64502,0.38121,0.87012
19.94,74.76,0,0.70513,0.44912,0.9074
22.74,74.76,0,0.72215,0.45194,0.92409
25.59,74.76,0,0.77179,0.49949,0.95503
28.52,74.76,1,0.82718,0.56695,0.97843
31.53,74.76,0,0.812,0.3663,0.99863
34.64,74.76,0,0.89919,0.59328,0.99974
37.87,74.76,0,0.97722,0.90376,0.99991
41.25,74.76,0,0.97439,0.89571,0.99993
44.82,74.76,1,0.94822,0.7883,0.99988
48.63,74.76,0,0.90238,0.70315,0.99634
52.75,74.76,1,0.66314,0.35911,0.91313
57.32,74.76,0,0.27697,0.076976,0.54517
62.55,74.76,0,0.092207,0.0074743,0.27214
-69.02,77.27,0,0.038829,1.2636e-14,0.23966
6.53,77.27,0,0.10934,0.0022643,0.35241
9.16,77.27,0,0.14205,0.0075022,0.39225
11.81,77.27,0,0.20463,0.035083,0.44454
14.48,77.27,0,0.35349,0.124,0.61595
17.19,77.27,0,0.52441,0.26555,0.77714
19.94,77.27,0,0.48831,0.23744,0.74375
22.74,77.27,0,0.49904,0.22931,0.77281
25.59,77.27,0,0.58895,0.28063,0.86339
28.52,77.27,0,0.66021,0.35203,0.90473
31.53,77.27,0,0.70118,0.19855,0.99303
34.64,77.27,0,0.84802,0.46901,0.99905
37.87,77.27,0,0.97347,0.89892,0.99977
41.25,77.27,0,0.9856,0.93249,0.99999
44.82,77.27,1,0.96754,0.85226,0.99998
48.63,77.27,0,0.91614,0.72994,0.99772
52.75,77.27,0,0.67495,0.37618,0.91759
57.32,77.27,0,0.24862,0.059585,0.51765
62.55,77.27,0,0.11842,0.011909,0.32566
-69.02,79.78,0,0.044812,2.5699e-14,0.27357
14.48,79.78,0,0.23482,0.064483,0.46794
17.19,79.78,0,0.35296,0.13687,0.60782
19.94,79.78,0,0.2918,0.09423,0.54369
22.74,79.78,1,0.30594,0.087248,0.58611
25.59,79.78,0,0.42014,0.14137,0.72825
28.52,79.78,0,0.43254,0.15763,0.72838
31.53,79.78,0,0.57328,0.091385,0.97567
34.64,79.78,0,0.78861,0.35,0.99741
37.87,79.78,0,0.9649,0.87553,0.99958
41.25,79.78,0,0.98969,0.94906,1
44.82,79.78,0,0.98151,0.91385,0.99999
48.63,79.78,0,0.9189,0.73786,0.99793
52.75,79.78,0,0.66079,0.36654,0.90864
57.32,79.78,0,0.23931,0.053931,0.509
62.55,79.78,0,0.14293,0.015995,0.37761
69.02,79.78,0,0.051625,0.0017208,0.17665
-69.02,82.29,0,0.051336,4.0384e-13,0.31076
19.94,82.29,0,0.19611,0.043133,0.42049
22.74,82.29,0,0.21279,0.044164,0.45877
25.59,82.29,0,0.21107,0.038503,0.46577
28.52,82.29,0,0.28111,0.0039181,0.83746
31.53,82.29,0,0.45355,0.035396,0.93967
34.64,82.29,0,0.73034,0.25827,0.99439
37.87,82.29,0,0.95492,0.84823,0.99931
41.25,82.29,1,0.98873,0.9446,1
44.82,82.29,0,0.98544,0.92989,1
48.63,82.29,0,0.91916,0.73576,0.99798
52.75,82.29,0,0.65825,0.36699,0.90626
57.32,82.29,0,0.25692,0.06173,0.53527
62.55,82.29,1,0.12612,0.010075,0.36246
69.02,82.29,0,0.047101,0.0012969,0.16672
-69.02,84.8,0,0.058178,4.5502e-12,0.34013
25.59,84.8,0,0.090813,0.0068726,0.2584
28.52,84.8,0,0.145,0.0025681,0.49164
31.53,84.8,0,0.35471,0.013079,0.87937
34.64,84.8,0,0.6701,0.18443,0.98894
37.87,84.8,0,0.93197,0.74514,0.99959
41.25,84.8,0,0.98807,0.94271,1
44.82,84.8,1,0.98711,0.93677,1
48.63,84.8,0,0.92225,0.74712,0.99797
52.75,84.8,0,0.65982,0.34135,0.92227
57.32,84.8,0,0.28915,0.07498,0.57324
62.55,84.8,0,0.09364,0.0055122,0.29194
69.02,84.8,0,0.058334,0.0019628,0.19545
-69.02,87.31,0,0.062788,2.5868e-11,0.35859
17.19,87.31,0,0.13632,0.020278,0.33632
22.74,87.31,0,0.066921,0.0033214,0.21032
28.52,87.31,0,0.070367,0.0008183,0.25581
31.53,87.31,0,0.28427,0.0057885,0.81163
34.64,87.31,0,0.6278,0.14356,0.98318
37.87,87.31,1,0.9137,0.65929,0.99981
41.25,87.31,1,0.9884,0.94308,1
44.82,87.31,0,0.98827,0.94237,1
48.63,87.31,0,0.91336,0.69146,0.99889
52.75,87.31,0,0.67305,0.34894,0.92996
57.32,87.31,0,0.28196,0.068943,0.56548
62.55,87.31,0,0.092117,0.0055039,0.2853
69.02,87.31,0,0.071625,0.0028826,0.23157
-69.02,89.82,0,0.066489,1.0263e-10,0.36879
17.19,89.82,0,0.10705,0.01039,0.29433
19.94,89.82,0,0.096332,0.0067906,0.27387
22.74,89.82,0,0.039862,0.00068026,0.1462
25.59,89.82,0,0.027683,0.00033185,0.10555
28.52,89.82,0,0.047559,0.00040792,0.18257
31.53,89.82,0,0.23913,0.004127,0.72319
34.64,89.82,0,0.5995,0.12038,0.97577
37.87,89.82,0,0.91374,0.67447,0.99966
41.25,89.82,0,0.9887,0.94505,1
44.82,89.82,0,0.98915,0.94773,1
48.63,89.82,0,0.92734,0.76026,0.99833
52.75,89.82,0,0.68114,0.3657,0.92484
57.32,89.82,0,0.27617,0.06397,0.5614
62.55,89.82,0,0.10694,0.0080898,0.31328
69.02,89.82,0,0.087449,0.0035133,0.27865
-69.02,92.33,0,0.069051,3.1766e-10,0.37862
19.94,92.33,0,0.060076,0.0021087,0.19213
22.74,92.33,0,0.038653,0.00045293,0.14111
25.59,92.33,0,0.02433,0.0002078,0.094943
28.52,92.33,0,0.03464,8.8329e-05,0.14867
31.53,92.33,0,0.17518,0.0053844,0.51955
34.64,92.33,0,0.57618,0.11213,0.96489
37.87,92.33,0,0.92978,0.76202,0.99917
41.25,92.33,0,0.98953,0.94882,1
44.82,92.33,0,0.98703,0.93737,0.99999
48.63,92.33,0,0.92771,0.76245,0.9983
52.75,92.33,0,0.6711,0.35907,0.91433
57.32,92.33,0,0.28281,0.06194,0.57516
62.55,92.33,0,0.12372,0.010789,0.34356
69.02,92.33,0,0.094438,0.0044633,0.28932
-69.02,94.84,0,0.068916,8.2814e-10,0.37353
6.53,94.84,0,0.041903,0.00061027,0.14894
17.19,94.84,0,0.085344,0.0048665,0.25498
19.94,94.84,0,0.049698,0.00079714,0.17781
22.74,94.84,0,0.036591,0.00025215,0.13912
25.59,94.84,0,0.033745,0.00011987,0.14001
28.52,94.84,0,0.029662,3.8108e-05,0.1294
31.53,94.84,0,0.17595,0.0022817,0.57983
34.64,94.84,0,0.56347,0.11349,0.95565
37.87,94.84,0,0.92985,0.75989,0.9991
41.25,94.84,1,0.98527,0.9297,1
44.82,94.84,0,0.97349,0.88873,0.99994
48.63,94.84,0,0.91785,0.72461,0.99822
52.75,94.84,0,0.65845,0.31699,0.92018
57.32,94.84,0,0.29634,0.06078,0.59953
62.55,94.84,0,0.1442,0.014341,0.38046
69.02,94.84,0,0.090073,0.0038019,0.28013
-69.02,97.35,0,0.068099,1.8267e-09,0.36419
3.91,97.35,0,0.029685,3.3922e-05,0.12568
11.81,97.35,1,0.085759,0.0037432,0.26846
14.48,97.35,0,0.09694,0.0059714,0.28816
17.19,97.35,0,0.071811,0.0029267,0.22397
19.94,97.35,0,0.052379,0.0006011,0.18634
22.74,97.35,0,0.044574,0.00017471,0.16941
25.59,97.35,0,0.035158,6.9006e-05,0.14546
28.52,97.35,0,0.042513,1.8027e-05,0.19346
31.53,97.35,0,0.1628,0.004639,0.46386
34.64,97.35,0,0.5878,0.19702,0.91063
37.87,97.35,0,0.91297,0.70468,0.99898
41.25,97.35,0,0.96584,0.8548,0.99996
44.82,97.35,0,0.94615,0.80642,0.9995
48.63,97.35,0,0.89971,0.66095,0.99761
52.75,97.35,0,0.65208,0.29444,0.92263
57.32,97.35,0,0.31355,0.061587,0.62972
62.55,97.35,0,0.16798,0.018588,0.42502
69.02,97.35,0,0.08714,0.0032446,0.27328
-69.02,99.86,0,0.067791,3.9849e-09,0.35733
1.3,99.86,0,0.018676,7.8876e-07,0.090583
6.53,99.86,0,0.039873,0.00011358,0.16358
9.16,99.86,0,0.051046,0.00080331,0.18331
11.81,99.86,0,0.077724,0.002554,0.25395
14.48,99.86,0,0.086839,0.0035675,0.27231
17.19,99.86,0,0.069456,0.0020829,0.22237
19.94,99.86,0,0.05588,0.00048374,0.20065
22.74,99.86,0,0.037579,4.8681e-05,0.15669
25.59,99.86,0,0.016902,9.0498e-06,0.076586
28.52,99.86,0,0.028966,9.1792e-06,0.13354
31.53,99.86,0,0.15573,0.0020876,0.48844
34.64,99.86,0,0.46266,0.11479,0.82311
37.87,99.86,1,0.85234,0.56661,0.99651
41.25,99.86,1,0.93076,0.74345,0.9998
44.82,99.86,0,0.89165,0.67889,0.99694
48.63,99.86,0,0.83712,0.56933,0.98737
52.75,99.86,0,0.64939,0.28115,0.92139
57.32,99.86,0,0.3332,0.058344,0.66941
62.55,99.86,0,0.19402,0.021865,0.47366
69.02,99.86,0,0.087884,0.0029788,0.27789
-69.02,102.37,0,0.070893,1.014e-08,0.36721
3.91,102.37,0,0.015133,9.2086e-07,0.071695
6.53,102.37,0,0.026136,2.08e-05,0.11557
9.16,102.37,0,0.044876,0.00045149,0.16813
17.19,102.37,0,0.075689,0.0019439,0.24445
19.94,102.37,0,0.034071,0.00011742,0.13628
22.74,102.37,0,0.016666,3.8467e-06,0.08014
25.59,102.37,0,0.0082097,8.1619e-07,0.039311
28.52,102.37,0,0.01947,3.0893e-06,0.091599
31.53,102.37,0,0.087484,0.00031669,0.32391
34.64,102.37,0,0.29589,0.042358,0.6435
37.87,102.37,1,0.7275,0.3566,0.98302
41.25,102.37,1,0.84993,0.55236,0.99803
44.82,102.37,0,0.79479,0.50233,0.98502
48.63,102.37,0,0.73658,0.41653,0.96025
52.75,102.37,0,0.64628,0.25943,0.92921
57.32,102.37,0,0.35195,0.055453,0.7105
62.55,102.37,0,0.22265,0.024243,0.53587
69.02,102.37,0,0.092603,0.0028473,0.29534
-69.02,104.88,0,0.067368,1.6149e-08,0.35031
-1.3,104.88,0,0.012893,1.427e-09,0.070541
1.3,104.88,0,0.0099143,9.5281e-09,0.052868
6.53,104.88,0,0.022403,6.8761e-06,0.1024
9.16,104.88,0,0.036303,0.00024489,0.14163
14.48,104.88,0,0.071163,0.0020079,0.23693
17.19,104.88,0,0.050935,0.00066564,0.18531
22.74,104.88,0,0.011721,7.7015e-07,0.059233
25.59,104.88,0,0.0079028,2.7656e-07,0.039128
28.52,104.88,0,0.014675,1.2797e-06,0.071205
31.53,104.88,0,0.040152,5.2962e-05,0.1659
34.64,104.88,0,0.17335,0.009544,0.47482
37.87,104.88,0,0.52979,0.16526,0.90637
41.25,104.88,0,0.68201,0.30216,0.97653
44.82,104.88,0,0.65421,0.30984,0.94507
48.63,104.88,0,0.60786,0.26573,0.90454
52.75,104.88,0,0.62043,0.20244,0.93526
57.32,104.88,0,0.37192,0.045975,0.75675
62.55,104.88,0,0.23405,0.022076,0.56584
69.02,104.88,0,0.087697,0.0021685,0.28549
-69.02,107.39,0,0.066686,2.761e-08,0.34342
6.53,107.39,0,0.018622,2.6284e-06,0.086451
14.48,107.39,0,0.047649,0.00069473,0.17677
19.94,107.39,0,0.02668,2.725e-05,0.11624
22.74,107.39,0,0.011583,4.7325e-07,0.057794
25.59,107.39,0,0.0053862,3.8265e-08,0.027669
28.52,107.39,0,0.0093652,1.6845e-07,0.047181
31.53,107.39,0,0.017445,5.2077e-06,0.078159
34.64,107.39,0,0.090912,0.0019259,0.29464
37.87,107.39,0,0.32225,0.047374,0.73002
41.25,107.39,0,0.47145,0.11738,0.88815
44.82,107.39,0,0.48308,0.14755,0.85394
48.63,107.39,0,0.47208,0.14277,0.81235
52.75,107.39,0,0.5201,0.12434,0.87414
57.32,107.39,0,0.38696,0.03916,0.79572
62.55,107.39,0,0.17405,0.011969,0.4626
69.02,107.39,0,0.08178,0.0015051,0.2745
-69.02,109.9,0,0.063819,3.8469e-08,0.32975
-34.64,109.9,0,0.12347,0.010962,0.33859
-31.53,109.9,0,0.13795,0.016788,0.35194
-6.53,109.9,0,0.017954,6.9579e-09,0.093503
-3.91,109.9,0,0.012547,2.9461e-11,0.071179
11.81,109.9,0,0.033303,0.00030177,0.12624
22.74,109.9,0,0.010635,4.0092e-07,0.052896
25.59,109.9,0,0.006354,4.1143e-08,0.031354
28.52,109.9,0,0.0068422,4.0894e-08,0.033776
34.64,109.9,0,0.048187,0.00020179,0.18695
37.87,109.9,0,0.16358,0.0075689,0.48475
41.25,109.9,0,0.27714,0.026021,0.70526
44.82,109.9,0,0.31871,0.05023,0.70119
48.63,109.9,0,0.351,0.065326,0.69987
52.75,109.9,0,0.42392,0.068444,0.80626
57.32,109.9,0,0.30575,0.018172,0.71063
62.55,109.9,0,0.12706,0.0056062,0.37148
69.02,109.9,0,0.07505,0.00097631,0.26216
-69.02,112.41,0,0.058938,4.7681e-08,0.30168
-41.25,112.41,0,0.082284,0.0034716,0.24422
-37.87,112.41,0,0.12844,0.010706,0.34453
-34.64,112.41,0,0.19286,0.021824,0.47239
-31.53,112.41,0,0.2152,0.036513,0.48354
-28.52,112.41,0,0.12315,0.015,0.31091
-6.53,112.41,0,0.01682,3.3767e-09,0.090601
-3.91,112.41,0,0.010966,7.8728e-12,0.061812
1.3,112.41,0,0.0089489,5.9797e-10,0.048687
3.91,112.41,0,0.012911,1.0862e-08,0.06744
6.53,112.41,0,0.013681,1.9562e-07,0.065925
25.59,112.41,0,0.0055117,3.6995e-08,0.027955
28.52,112.41,0,0.0083669,2.884e-08,0.041267
37.87,112.41,0,0.076581,0.00052894,0.29087
41.25,112.41,0,0.14438,0.0036846,0.47715
44.82,112.41,0,0.20114,0.013486,0.5403
48.63,112.41,0,0.26027,0.025965,0.59543
52.75,112.41,0,0.31741,0.027194,0.71053
57.32,112.41,0,0.23147,0.0081773,0.60579
62.55,112.41,0,0.092522,0.0024247,0.30071
69.02,112.41,0,0.058225,0.00038905,0.21843
-69.02,114.92,0,0.058664,6.9769e-08,0.30114
-37.87,114.92,0,0.19239,0.022481,0.45762
-34.64,114.92,0,0.2838,0.048127,0.60504
-31.53,114.92,0,0.25971,0.049293,0.55296
-28.52,114.92,0,0.14065,0.019065,0.34597
-1.3,114.92,0,0.0060139,1.2433e-12,0.034374
1.3,114.92,0,0.0057977,6.757e-11,0.032188
3.91,114.92,0,0.010247,2.5174e-09,0.054607
6.53,114.92,0,0.016647,9.2215e-08,0.085449
25.59,114.92,0,0.0062819,3.5559e-08,0.031051
28.52,114.92,0,0.011918,1.8286e-08,0.06161
31.53,114.92,0,0.0093728,1.1767e-07,0.046524
37.87,114.92,0,0.048326,8.7753e-05,0.20128
44.82,114.92,0,0.13868,0.0037311,0.42845
48.63,114.92,0,0.17509,0.0069813,0.46633
52.75,114.92,0,0.21962,0.0087054,0.57537
57.32,114.92,0,0.17145,0.0034997,0.5004
62.55,114.92,0,0.064279,0.00090839,0.22746
69.02,114.92,0,0.045195,0.00014921,0.18336
-69.02,117.43,0,0.058971,1.1377e-07,0.30164
-37.87,117.43,0,0.17897,0.019564,0.43517
-34.64,117.43,0,0.37415,0.076275,0.72319
-31.53,117.43,0,0.30667,0.063927,0.62438
-28.52,117.43,0,0.16601,0.025896,0.3906
-1.3,117.43,0,0.0056755,9.7482e-13,0.033119
1.3,117.43,0,0.0037447,1.0384e-11,0.020205
3.91,117.43,0,0.0053015,4.0698e-10,0.028472
6.53,117.43,0,0.010118,1.5379e-08,0.051571
28.52,117.43,0,0.011515,5.7641e-09,0.059315
31.53,117.43,0,0.009807,7.9192e-08,0.048622
34.64,117.43,0,0.015609,4.078e-07,0.080675
41.25,117.43,0,0.055075,0.00010282,0.22634
44.82,117.43,0,0.084077,0.00069472,0.29134
48.63,117.43,0,0.11107,0.0014491,0.34909
52.75,117.43,0,0.13107,0.001449,0.41811
57.32,117.43,0,0.11985,0.0010388,0.40264
62.55,117.43,0,0.044617,0.00032881,0.17198
69.02,117.43,0,0.035718,5.1838e-05,0.15456
-69.02,119.94,0,0.059574,1.585e-07,0.30483
-37.87,119.94,0,0.15347,0.015041,0.38727
-34.64,119.94,0,0.34074,0.068793,0.67699
-31.53,119.94,0,0.3651,0.082211,0.70436
-28.52,119.94,0,0.23257,0.045573,0.498
-25.59,119.94,0,0.12075,0.014065,0.30632
6.53,119.94,0,0.0083114,5.466e-09,0.04288
17.19,119.94,0,0.014805,7.8434e-06,0.068495
25.59,119.94,0,0.006431,3.0039e-08,0.033002
28.52,119.94,0,0.010219,1.7114e-09,0.054178
34.64,119.94,0,0.012615,7.0344e-08,0.066585
41.25,119.94,0,0.036764,1.6124e-05,0.164
44.82,119.94,0,0.04506,6.877e-05,0.17987
48.63,119.94,0,0.078377,0.0002886,0.27961
52.75,119.94,0,0.071853,0.00018226,0.27253
57.32,119.94,0,0.068785,0.00014596,0.27013
62.55,119.94,0,0.031871,0.00011275,0.13225
69.02,119.94,0,0.028961,1.6154e-05,0.13338
-69.02,122.45,0,0.06192,2.569e-07,0.31544
-37.87,122.45,0,0.12572,0.010279,0.33431
-34.64,122.45,0,0.30418,0.060258,0.62542
-31.53,122.45,0,0.43955,0.11433,0.78051
-28.52,122.45,0,0.30806,0.07147,0.60825
-25.59,122.45,0,0.18718,0.029362,0.42425
-22.74,122.45,0,0.10423,0.0068011,0.28577
-1.3,122.45,0,0.0036529,1.9239e-12,0.021088
9.16,122.45,0,0.01066,4.3925e-08,0.054977
14.48,122.45,0,0.013148,3.7811e-06,0.060597
19.94,122.45,0,0.0087342,1.8041e-06,0.041044
28.52,122.45,0,0.0090569,1.5856e-09,0.048095
37.87,122.45,0,0.016397,5.5332e-08,0.085641
44.82,122.45,0,0.035957,1.5626e-05,0.1553
48.63,122.45,0,0.055948,4.5499e-05,0.2266
52.75,122.45,0,0.039077,1.3202e-05,0.17377
57.32,122.45,0,0.037098,1.371e-05,0.17206
62.55,122.45,0,0.023975,4.1227e-05,0.10544
69.02,122.45,0,0.034282,1.5195e-05,0.1539
-69.02,124.96,0,0.060896,3.2555e-07,0.31116
-37.87,124.96,0,0.10702,0.0073236,0.29826
-34.64,124.96,0,0.265,0.048485,0.56041
-31.53,124.96,0,0.47416,0.13263,0.81192
-28.52,124.96,0,0.37857,0.098193,0.69898
-25.59,124.96,0,0.19798,0.032039,0.44651
-6.53,124.96,0,0.0096888,2.253e-09,0.050745
-3.91,124.96,0,0.0058442,7.0302e-11,0.032295
41.25,124.96,0,0.017932,3.0036e-07,0.091244
44.82,124.96,0,0.033198,3.9596e-06,0.14835
48.63,124.96,0,0.027645,2.4402e-06,0.12673
52.75,124.96,0,0.022069,6.2312e-07,0.10766
57.32,124.96,0,0.019832,6.3061e-07,0.10163
62.55,124.96,0,0.018305,1.3308e-05,0.086072
69.02,124.96,0,0.047531,1.3957e-05,0.21668
-69.02,127.47,0,0.060767,4.4514e-07,0.30926
-37.87,127.47,0,0.094123,0.0053815,0.27393
-34.64,127.47,0,0.24882,0.043523,0.53363
-31.53,127.47,0,0.4641,0.1323,0.79679
-28.52,127.47,0,0.39471,0.10459,0.71726
-25.59,127.47,0,0.21663,0.036178,0.4793
-22.74,127.47,0,0.12517,0.0090962,0.33571
-11.81,127.47,0,0.027135,1.2908e-06,0.12198
-9.16,127.47,0,0.015165,6.6801e-08,0.074929
37.87,127.47,0,0.01131,2.6695e-10,0.064202
41.25,127.47,0,0.012007,1.5866e-08,0.06584
44.82,127.47,0,0.017477,1.3887e-07,0.087389
48.63,127.47,0,0.013933,9.2806e-08,0.069586
52.75,127.47,0,0.01356,2.964e-08,0.071548
57.32,127.47,0,0.010503,4.0227e-08,0.054847
62.55,127.47,0,0.015929,5.2782e-06,0.076641
69.02,127.47,0,0.063371,2.044e-05,0.27978
-69.02,129.98,0,0.064458,6.474e-07,0.32186
-37.87,129.98,0,0.11851,0.0074854,0.33196
-34.64,129.98,0,0.28217,0.054545,0.58279
-31.53,129.98,0,0.43254,0.12023,0.75974
-28.52,129.98,0,0.36888,0.093873,0.68792
-25.59,129.98,0,0.21593,0.035318,0.48198
-22.74,129.98,0,0.11568,0.007621,0.32109
-19.94,129.98,0,0.079783,0.0014725,0.25655
-11.81,129.98,0,0.024588,7.1238e-07,0.11361
-9.16,129.98,0,0.016799,7.2733e-08,0.084971
-1.3,129.98,0,0.0030127,2.2096e-11,0.01639
3.91,129.98,0,0.0038616,1.9539e-11,0.02117
6.53,129.98,0,0.0068359,4.4732e-11,0.036581
9.16,129.98,0,0.0088313,9.5804e-10,0.049538
34.64,129.98,0,0.0062168,8.536e-11,0.034361
37.87,129.98,0,0.0077372,1.0527e-11,0.043494
44.82,129.98,0,0.010712,6.414e-09,0.055732
48.63,129.98,0,0.0098256,5.2956e-09,0.052091
52.75,129.98,0,0.0083239,1.6621e-09,0.045852
57.32,129.98,0,0.0058154,3.4705e-09,0.029926
62.55,129.98,0,0.015987,2.4526e-06,0.078393
69.02,129.98,0,0.090727,2.8351e-05,0.39227
-69.02,132.49,0,0.071061,1.2239e-06,0.34332
-41.25,132.49,0,0.06263,0.001022,0.21352
-37.87,132.49,0,0.14098,0.009074,0.38331
-34.64,132.49,0,0.20835,0.031612,0.46935
-31.53,132.49,0,0.34432,0.08769,0.65153
-28.52,132.49,0,0.32362,0.073907,0.63747
-25.59,132.49,0,0.1712,0.022736,0.41278
-11.81,132.49,0,0.029168,1.1594e-06,0.13778
3.91,132.49,0,0.0040833,1.6641e-11,0.022234
6.53,132.49,0,0.006976,2.2389e-11,0.037678
37.87,132.49,0,0.0061043,1.9427e-12,0.034133
44.82,132.49,0,0.0085445,8.957e-10,0.045493
48.63,132.49,0,0.0082013,5.9743e-10,0.04386
52.75,132.49,0,0.0046789,6.1393e-11,0.025783
57.32,132.49,0,0.003162,2.0748e-10,0.016012
62.55,132.49,0,0.017499,1.2175e-06,0.085453
69.02,132.49,0,0.090558,2.2342e-05,0.39302
-69.02,135,0,0.068195,1.2774e-06,0.32813
-41.25,135,0,0.059027,0.00068451,0.2111
-37.87,135,0,0.10685,0.004522,0.31915
-34.64,135,1,0.13948,0.015469,0.35306
-31.53,135,0,0.28309,0.06501,0.57032
-28.52,135,0,0.27201,0.049273,0.58501
-25.59,135,0,0.13453,0.01364,0.35366
-19.94,135,0,0.079791,0.00103,0.26732
-11.81,135,0,0.038029,5.6931e-07,0.18672
37.87,135,0,0.0054418,1.5735e-12,0.030707
48.63,135,0,0.0071656,9.012e-11,0.037416
52.75,135,0,0.0026342,1.2104e-12,0.013565
62.55,135,0,0.012004,1.6277e-07,0.060907
69.02,135,0,0.075679,7.0943e-06,0.34558
-69.02,137.51,0,0.055787,8.9282e-07,0.27182
-37.87,137.51,0,0.075734,0.0017071,0.2506
-34.64,137.51,0,0.10708,0.010583,0.28617
-31.53,137.51,0,0.26926,0.060692,0.54969
-28.52,137.51,0,0.26042,0.046102,0.56761
-11.81,137.51,0,0.033609,1.6007e-06,0.15372
6.53,137.51,0,0.0063733,2.7616e-11,0.035188
37.87,137.51,0,0.0041536,2.5837e-12,0.022561
41.25,137.51,0,0.0046313,2.8972e-12,0.024395
48.63,137.51,0,0.004371,2.4681e-12,0.022918
52.75,137.51,0,0.0027085,2.0112e-13,0.013802
62.55,137.51,0,0.0085247,1.5514e-08,0.044798
69.02,137.51,0,0.048774,1.5431e-06,0.2394
-69.02,140.02,0,0.045314,6.9616e-07,0.22496
-44.82,140.02,0,0.046813,0.00025244,0.17697
-41.25,140.02,0,0.062111,0.00035125,0.23687
-37.87,140.02,0,0.10712,0.0038184,0.32341
-34.64,140.02,0,0.14129,0.017831,0.34598
-31.53,140.02,0,0.28357,0.066317,0.5686
-28.52,140.02,0,0.29385,0.052717,0.62276
-25.59,140.02,0,0.16418,0.01837,0.41267
-22.74,140.02,0,0.11117,0.0053853,0.32123
-14.48,140.02,0,0.044441,1.1268e-05,0.19084
-11.81,140.02,0,0.030497,1.0199e-06,0.14436
41.25,140.02,0,0.0044119,1.7548e-12,0.022247
44.82,140.02,0,0.0052442,1.8684e-12,0.02651
48.63,140.02,0,0.0037795,3.7846e-13,0.01881
62.55,140.02,0,0.0065826,1.686e-09,0.036027
69.02,140.02,0,0.032945,3.6321e-07,0.16838
-69.02,142.53,0,0.039739,6.1924e-07,0.19967
-41.25,142.53,0,0.093776,0.00049602,0.34202
-37.87,142.53,0,0.15262,0.0073406,0.42333
-34.64,142.53,0,0.21424,0.035089,0.47483
-31.53,142.53,0,0.31511,0.077524,0.61438
-28.52,142.53,0,0.2546,0.041824,0.56522
-25.59,142.53,0,0.13778,0.012362,0.37376
44.82,142.53,0,0.0043294,6.6602e-13,0.021654
48.63,142.53,0,0.0031284,1.1464e-13,0.015329
52.75,142.53,0,0.0016263,3.6713e-15,0.0071846
57.32,142.53,0,0.0017266,2.674e-14,0.0085981
62.55,142.53,0,0.0058326,1.9737e-10,0.032098
69.02,142.53,0,0.027683,7.7228e-08,0.15134
-69.02,145.04,0,0.039621,7.071e-07,0.19813
-48.63,145.04,0,0.034692,9.1012e-05,0.13948
-44.82,145.04,0,0.040981,0.0001392,0.16209
-41.25,145.04,0,0.11851,0.00078896,0.41003
-37.87,145.04,0,0.19821,0.011658,0.51374
-34.64,145.04,0,0.25945,0.045023,0.5491
-31.53,145.04,0,0.21926,0.043763,0.47391
-28.52,145.04,0,0.19701,0.026406,0.47532
-11.81,145.04,0,0.030407,3.4154e-07,0.14954
9.16,145.04,0,0.005702,1.3143e-10,0.032693
48.63,145.04,0,0.002482,6.1535e-14,0.011642
62.55,145.04,0,0.0060539,3.2931e-11,0.03423
69.02,145.04,0,0.023679,3.9206e-08,0.12224
-69.02,147.55,0,0.039091,8.0166e-07,0.19644
-41.25,147.55,0,0.073381,0.00033677,0.27672
-37.87,147.55,0,0.12304,0.0048359,0.35481
-34.64,147.55,0,0.1631,0.021452,0.38883
-31.53,147.55,0,0.14443,0.021649,0.35359
-28.52,147.55,0,0.13871,0.011929,0.3824
-14.48,147.55,0,0.044285,3.3036e-06,0.20186
62.55,147.55,0,0.0055987,2.6036e-12,0.031131
69.02,147.55,0,0.022424,1.5203e-08,0.11895
-69.02,150.06,0,0.036361,7.3112e-07,0.18304
-41.25,150.06,0,0.046608,0.00012515,0.18982
-37.87,150.06,0,0.074212,0.0015898,0.24639
-34.64,150.06,0,0.09643,0.0079989,0.26251
62.55,150.06,0,0.0062622,2.2903e-13,0.035216
69.02,150.06,0,0.017117,2.3069e-09,0.091382
-69.02,152.57,0,0.034674,6.9658e-07,0.17692
-34.64,152.57,0,0.070526,0.0037301,0.2098
-28.52,152.57,1,0.11345,0.0079948,0.32832
62.55,152.57,0,0.0075502,2.1352e-14,0.043737
69.02,152.57,0,0.017168,8.2459e-10,0.09128
-69.02,155.08,0,0.030616,5.1091e-07,0.15882
57.32,155.08,0,0.0026049,6.6562e-16,0.01346
62.55,155.08,0,0.0073232,5.1066e-15,0.04459
69.02,155.08,0,0.018197,3.4308e-10,0.10049
-1.3,157.59,0,0.011612,8.4851e-12,0.065552
57.32,157.59,0,0.0037753,4.5664e-16,0.020915
69.02,157.59,0,0.017269,2.4476e-10,0.095536
57.32,160.1,0,0.0026409,4.2315e-16,0.014121
69.02,160.1,0,0.018025,2.1481e-10,0.1031
-1.3,162.61,0,0.013901,6.7843e-12,0.079992
62.55,162.61,0,0.0067223,4.5143e-15,0.039419
69.02,162.61,0,0.016445,1.4906e-10,0.094229
62.55,165.12,0,0.0070397,2.9184e-15,0.041683
69.02,165.12,0,0.016491,1.4985e-10,0.095214
69.02,167.63,0,0.018351,2.0301e-10,0.10664
-9.16,170.14,0,0.026267,5.13e-09,0.14704
62.55,170.14,0,0.0060852,2.9356e-14,0.035791
69.02,170.14,0,0.016154,1.3068e-10,0.092347
69.02,172.65,0,0.01393,8.4247e-11,0.080909
-44.82,175.16,0,0.048964,3.9777e-07,0.23401
-41.25,175.16,0,0.054506,2.6367e-06,0.24401
-37.87,175.16,0,0.050803,1.1248e-05,0.22026
69.02,175.16,0,0.013129,8.0976e-11,0.074648
-48.63,177.67,0,0.042913,2.0077e-06,0.20146
-44.82,177.67,0,0.056154,4.678e-07,0.26777
-41.25,177.67,0,0.052731,1.1908e-06,0.24602
69.02,177.67,0,0.010915,5.875e-11,0.062723
