0
0
0
0.012715
0
0.025842
0
0.029691
0.020109
0.034536
0.022503
0.043787
0.02509
0.052093
0.028039
0.059134
0.032661
0.054118
0.068519
0.038456
0.0623
0.043631
0
0.07841
0.056823
0.079117
0.075512
0.064928
0.10747
0.1474
0.17179
0.11034
0
0
1
0.15565
0.34466
0.16358
0
0.17765
0
1
0.24933
0.1144
0.17127
0.21159
0.06465
0.15043
0.14827
0.068193
0
0
0.098009
0
0.035614
0.097188
0.065593
0.37475
0.15229
0.084269
0.021595
0.029529
0.055728
0.044209
0.27988
0
0.10716
0.044093
0.015341
0.043693
0.099428
0.025849
0.10394
0
0.23719
0
0
0
0.046208
0.051344
0.017418
0
1
1
0
0.015359
0
0.052041
0.057504
0.015517
0.017102
0
0
0.16486
0
0
0.014596
0.056879
0.033588
0.013219
0.0051381
0.006443
0
0
0
0
0.016144
0.018788
0.042841
0.017836
0.0032671
0.0021633
0
0.013627
0.056274
0.043321
0
0.01841
0.014635
0.015864
0.0085939
0.002917
0.0025453
0.0015187
0.0018551
0.0041122
0.010235
0
0.028739
0.028736
0.01254
0.0064831
0.0053509
0.0054722
0.0027689
0.0019471
0.0012201
0.0014929
0.0019385
0
0.013205
0
0.025354
0
0.0026457
0.0026307
0.0038829
0.0034642
0.0044675
0.0036205
0.0024248
0.0022147
0
0
0
0
0
0.0031998
0.0023877
0.0023111
0.0022562
0.0036226
0
0
0.0023403
0.0023988
0
0
0.0056291
0.0020679
0.00195
0.0022541
0.0017667
0.0049854
0.0018916
0.0030986
0.0041472
0.0035961
0.0029971
0.0010359
0.001249
0.0031386
0.0019532
0.0017788
0.0037032
0.0036722
0.002638
0.0016901
0.0014803
0.00062088
0.0011761
0.0020439
0.0014015
0.0015047
0.0016875
0.00093073
0.0019471
0.0014452
0.00089151
0.00062156
0.00038331
0.00093723
0.0010489
0.00086587
0.0011106
0.00087882
0
0
0
0.00050957
0.0005532
0.00049948
0.00049138
0.00032058
0.0006703
0.00068016
0.00067125
0.00094435
0.00037768
0.00017304
0.00025536
0.00031358
0.00030744
0.00025601
0.00063949
0.00061001
0.00063323
0.00081155
0.0013956
0
0.00024959
0.00032523
0.00034291
0.00034818
0.00023314
0.00053965
0.00069605
0.00065078
0.00063951
0.00044704
0
0.0014774
0.00098878
0
0.00038498
0.00060133
0.0003517
0.00039982
0.0001881
0.0003795
0.000501
0.0005563
0.00055719
0.00053081
0.00016316
0.00027861
0.0013118
0
0.000902
0.00076599
0.00061354
0
0
0.0010371
0.00045651
0.00062894
0.00016801
0.000249
0.00029845
0.00039198
0.00044956
0.29558
1
0
0.0013595
0.00015993
0.00014131
0.00055981
0.002582
0.0030179
0.00089517
0
0.0005417
0.001237
0.0014584
0.00081642
0.00064606
0.00014111
0.0001512
0.0002641
0.00033347
0.00039012
0.51095
0
0.32751
0.24242
0.11196
0.034475
0.011182
0.0068191
0.0071494
0
0
0.00020315
0.00037574
0.00083768
0.0011242
0
0.00068371
0.00066117
0.00062692
0
0
0
0.00059306
0.0004719
0.00014513
0.00010361
0.00020618
0.00026959
0.00035047
0
0.22694
0.13015
0.053746
0.015136
0.0061189
0.0059485
0
0
0.0015495
0.0036861
0.00079746
0.00037707
0.0003392
0.00030108
0
0.00066229
0.00061046
0.00063659
0.001065
0.0024253
0.0013966
0
0
0.00022445
0.00017288
6.6436e-05
0.00018885
0.00025603
0.00023388
0.50489
0.12776
0.052962
0.021219
0.0074421
0
0
0
0.0011387
0
0.00089977
0.00076683
0.00015054
0.00022624
0
0.00056025
0.00034801
0.00047368
0.0014233
0
0
0.00017948
0.00018456
5.7441e-05
0.00017033
0.00022813
0.00028418
1
1
0.062539
0.024902
0.0071108
0.0058095
0.0056743
0.0038712
0.001332
0
0.0018155
0.00052741
0.00012827
0.00026738
0.00045681
0.00033815
0.00051692
0.0019464
0.00016687
6.9462e-05
0.00018351
0.00024313
0.00044481
0
0.0089752
0.0066968
0.0039867
0.0024863
0.0022313
0.0049182
0.0046647
0.00027528
0.00012869
0.00032319
0.00043878
0.00059658
0.00061066
9.5619e-05
0.0002597
0
0.0033604
0.0019536
0.0018378
0.0019509
0.0036574
0.0002948
0.00017297
0.00036909
0.00086612
0.0006363
0.00043301
0
0
0.00016127
0
0.0058822
0.0030504
0.0021225
0.0012456
0.00076761
0.0021218
0.0047855
0.00060021
0.00033027
0.00049222
0
0.00086192
0
0.00045512
9.7161e-05
0.0026655
0.00084306
0.00077105
0.00061804
0.00079013
0.0026735
0.0012453
0.00061778
0.00085774
0.0016191
0.00099161
0.00054867
0.00041714
0.0023205
0.00036561
0.00021243
0.00033202
0.00022757
0.0012744
0.00093739
0.00057849
0.0011551
0.0020389
0.00040354
0.00022017
0.00012312
9.8536e-05
0.00028054
0.00067325
0.00063865
0
0
0.00089022
0.0002349
0.00035999
9.7999e-05
6.1185e-05
0.00013902
0.00023878
0.00049098
0.001347
0.001709
0.00013885
0.00024253
0
4.9638e-05
5.9762e-05
0.00012298
0.00044093
0.0008772
0.0010013
0.00028186
0.00026824
0.00025599
7.6755e-05
4.8562e-05
7.1025e-05
0.00018464
0.0004662
0.00050269
0.00028411
0.00028985
0.00016711
0.0002663
0.00036334
0.00026341
0.00050003
0.00063607
0.00056373
0.00029601
0.00031765
0.0003766
7.0158e-06
0.00036941
0
4.7433e-05
9.6689e-06
9.9366e-06
1.0332e-05
0.00045141
0.00030969
0.00020439
3.4742e-05
2.2773e-05
2.8595e-05
1.8082e-05
5.746e-05
0.00040892
0.00061586
0.0004821
0.00017395
5.1411e-05
7.386e-05
0.00011428
3.7403e-05
6.6259e-05
0.00032054
0.00017968
0.00011706
0.00040284
0.00054021
0
0.00074138
0.00036138
0.00018682
0.00023169
0.00030803
9.9182e-05
0.00010437
0
0
0
0.0001217
0
0.00065497
0.00086602
0.0006764
0.0010164
0.00060918
0.0006566
0.00064005
0.00035977
0.00036929
0
0
0
0
0.00029929
0.00048058
0.00074787
0.00073393
0.00051144
0.00072074
0.001365
0.0015793
0.0013549
0.001147
0.0009374
0
9.0752e-05
0
0
0
0.00028522
0.00091243
0.00055674
0.00033374
0.0003918
0.00096323
0.002259
0.0023181
0.0015019
0.00092013
0.0006581
4.9562e-05
0
0
0
0.00018673
0.0003275
0
0.00052831
0.00029584
0.00033652
0.00084326
0.0022432
0.0017177
0.00072592
0.00053696
0.00062044
0
5.5757e-06
0
0
0.00029986
0
0.0011831
0.00061567
0.00044854
0.00045936
0.0010146
0.0025578
0.0013889
0.00053841
0.00056106
0
3.4441e-06
0
0
0.00041784
0
0.0010942
0
0
0.00076313
0.0005404
0.00063821
0.0013541
0.002626
0.001026
0.00039055
0.00047579
0.00071579
0
0
0
0.00042338
0.00021228
0.00014194
0.00021153
0
0.00088687
0.0010268
0
0.00057929
0.00078143
0.0017623
0.0020468
0.00091093
0.00039051
0.00050068
0.0008972
0
0
0.00063643
0
0
0.00049355
0.00029997
0.00030109
0.00021628
0.00014835
0.00011583
0.00011525
0.00010231
0.00012226
0.00021309
0.00071716
0.00091232
0.0010329
0.00094146
0.00071478
0.001045
0.0022896
0.0012524
0.00045152
0.00035309
0
0
0
0
0
0
0.00030091
0.0009474
0.0004882
0.00033639
0.00030549
0.00020337
0.00013744
0.00011586
0.00011859
0.00013863
0.00044609
0.0020973
0.0020229
0.0016248
0.00154
0.0012874
0.0017284
0.0028196
0.00075415
0.00020108
0.00024173
0.00035219
0.00046357
0
0
0
0
0
0
0.00022637
0.0003328
0.0080034
0
0
0.00074263
0.00048808
0
0.0004168
0.00019863
0.00016363
0.00019992
0.00054404
0.001722
0.0039446
0.0043111
0.0038394
0.0034549
0.0027818
0.003293
0.002263
0.00057021
0.0001624
0.00021259
0
0
0
0
0
0
0.00017243
0.00023184
0
0
0.0042251
0.0029188
0.0024787
0.0015594
0.0019758
0.0019851
0.00062963
0.00045538
0.0011446
0.0030741
0.0044267
0.0058793
0.0066435
0.0061576
0.0058537
0.0060818
0.0056141
0.0020331
0.00049221
0.00021919
0.00026709
0.00024913
0
0
0
0.00027999
0.00013261
0.00023395
0.00019413
0.0068102
0.0052953
0.0063669
0.0071715
0.0063109
0.0062937
0.0064879
0.0032465
0.0030087
0.0046828
0.006948
0.0075398
0.0080356
0.0091115
0.0088873
0.0091043
0.0092215
0.0037112
0.0020212
0.00055719
0.00025335
0.00029723
0.00021994
0.00013309
0
0
0
0
0.00022278
0.00010967
0.00017498
0.00018021
0.00020708
0.0058248
0.0034751
0.003191
0.002512
0.0024625
0.0020557
0.0021288
0.0034327
0.0078292
0.0091379
0.0096226
0.0096954
0.0096159
0.0097768
0.010778
0.0092423
0.0053327
0.0017451
0.0010191
0.00076104
0.00041952
0.0003957
0.00026248
9.2809e-05
0
0
0
0
0
0
0.00013989
0.00017955
0.00016493
0.00019384
0.0069338
0.0027428
0.0014585
0.0010035
0.00083286
0.00061202
0.00065834
0.0012321
0.0034064
0.0036788
0.0055163
0.0057106
0.006794
0.0069204
0.0074348
0.0069256
0.0027929
0.00074449
0.00047446
0.00062111
0.0008477
0.00080545
0.00036556
8.557e-05
0
0
0.00026503
0.00017764
0.00015345
0.0022935
0.0011735
0.0007423
0.00054907
0.00048183
0.00040538
0.00066944
0.00083135
0.00098208
0.0020953
0.0034458
0.0044122
0.0049267
0.00533
0.0050489
0.0016487
0.00046869
0.00028051
0.00037047
0.00069982
0.00090599
0
0
0
0.0013489
0.00027256
0.00016264
0.00013105
0.00017532
0.00075932
0.00049291
0.00042731
0.00039734
0.00046849
0.00050635
0.00063103
0.00079303
0.0016357
0.0020084
0.0021928
0.0029092
0.0029877
0.0011784
0.00042837
0.0002439
0.00032587
0.00055463
0
0
7.3856e-05
0
0
0
0.00086962
0
0.00025583
0.0001953
0.00010104
0.00015505
0.7831
0.00040692
0.00041116
0.00054778
0.00079741
0.0010039
0
0.00075382
0.00082559
0.0012952
0.0011446
0.00074387
0.00057281
0.00028695
0.00043408
0.00071612
0
0.00029665
6.7133e-05
4.618e-05
0
0.00022488
0.00017967
0.00010149
0.00017065
0
0.00039753
0.00047283
0.00061747
0.00097186
0.0010877
0.0013121
0
0.00023477
0.00047679
0.00041743
0
0
0.00045476
0
0.00056692
0.00073158
0.00020541
9.5212e-05
0.00011182
0.00012489
0
0
0.00051416
0.00024422
0.00016085
0.00011811
0.00017078
0
0
0.00017188
0.00033124
0.00024142
0.00078029
0
0.00039803
0.00058785
0.00064947
0.00047244
0.0002054
0.00016493
0
0.00013509
0
0.00092084
0.00031845
0.00025693
0.00017391
0.00013269
0.00014744
0.78176
0.00016625
0.00023234
0.00023134
0.00053124
0.0004751
0.00097511
0.00096209
0.00061539
0.00021378
0
0
0.00011367
0
0.00024108
0.00015906
0.00010283
0.75219
0.0011965
0.00091454
0.00097615
0.00018556
0.0001794
0.00030456
0.0012094
0.00036305
0.00037585
0.001008
0.0014964
0.0007187
0.00016556
8.6894e-05
0.00019829
0.00011444
7.7553e-05
0.00028962
0.00017277
8.4197e-05
0.746
0.0011
0.00070322
0.00034793
0.00033707
0
0.00067425
0.000264
0.00071434
0.0012877
0
0.0001144
8.6537e-05
0
0.00022061
0.00073997
0.00019126
8.2403e-05
0.77434
0
0.00018327
0.00054789
0.00098665
0.00044351
9.1444e-05
9.2435e-05
0
0
0.00022624
8.2538e-05
0.76502
0
0.00015507
0
0
0.00033033
7.7341e-05
0
0.00030292
0.00014184
0.00016271
0.0004355
0
0.00024923
0.00010772
0.00016856
0.7651
0
0.00014547
0.00044817
0.00025875
4.5314e-05
6.2094e-05
0.00016748
4.3427e-05
0.00017348
0.00026899
0.0006336
0.0012457
0.00016347
0.00014714
0.77343
0.00021082
0
4.1e-05
4.7019e-05
7.4194e-05
0.00013153
0.00012123
0
0.00089723
0.00014355
0.00018519
0.00015093
0.79989
0.00024708
3.4651e-05
5.0923e-05
5.8088e-05
8.1442e-05
9.7349e-05
0.00032354
0
0.00065382
0.00016059
0.00018095
0.00016134
0.83102
0.00027174
0.00018627
8.2547e-05
0
0.00018195
6.076e-05
7.7239e-05
0.00026723
0.0012736
0.00049108
0.00021907
0.86526
0
0.00024933
6.6698e-05
4.6796e-05
0.00034598
2.505e-05
7.0457e-05
0.00022368
0.00072315
0.00035669
0.00023274
0.0001878
0.00019226
0.92123
8.4021e-07
0.00016935
0
6.0829e-05
2.5838e-05
0
7.0794e-05
0
0.00028285
0.00054527
0.00030367
0.00026272
0.00019839
3.2245e-06
2.5619e-07
4.6202e-06
0.00011531
0
0
1.8523e-05
0.0019413
0.0017392
1.4676e-05
0.00038486
0.00038263
0.00029841
0.00027507
0.00021942
0
0.00010423
0
1.2975e-07
1.4895e-07
4.4376e-06
0.0001045
0.00031009
6.5215e-05
0
0.0016471
0.0016206
1.6827e-05
0.00043716
0.00038491
0.00034663
0.00016705
0.00022312
0.95452
0
0.00021377
8.7871e-06
1.4108e-07
2.0283e-07
1.0509e-05
9.6794e-05
0.00020527
0
0.0014662
0.0010844
0.00013886
3.1199e-05
0
0.00030633
0
0.00013071
0.00030695
1
0
0
1.1577e-05
1.1457e-07
7.8788e-07
6.7122e-06
3.655e-05
0
6.103e-06
0.00097155
0.00064637
3.8624e-05
7.0097e-05
0
0.00026519
0.00020799
0.00015582
0.00019499
1
2.4564e-07
7.7525e-07
5.699e-06
0
0
6.9811e-07
0.0006807
0.00041604
3.0297e-05
0.00021121
0.00026863
0.00016109
0.00011071
0.00016353
0.00013956
0.00023276
0.90433
9.7712e-06
2.3437e-05
2.5839e-06
0.0046625
0.00048121
0.00032487
3.0196e-05
0
0.00036575
0.00015008
5.5893e-05
0.00010516
0
0.00028106
0.86084
4.8069e-07
4.9723e-05
0.00033797
0.00031686
0.00016668
0.00028885
0
7.2908e-05
1.2666e-05
6.5582e-05
0.0003248
0.00017831
0.81818
2.8415e-05
1.1771e-05
0
0.00021785
0.000337
0
0
0.00070812
2.5534e-05
7.681e-06
5.4771e-05
0.00029846
0.00011968
0.77605
0
1.3962e-05
0
9.5895e-07
7.6626e-07
8.8825e-05
0.00037143
0.00030816
0.00024562
0.00091491
1.3664e-05
6.3002e-06
3.9755e-05
0.00018695
8.7994e-05
0.7302
5.7796e-05
0
2.3267e-07
9.296e-07
7.133e-06
0.00032917
5.4181e-05
0.00032537
0.0010893
2.2796e-05
1.0266e-05
3.8113e-05
0.00011572
8.1103e-05
0.6918
3.4722e-05
1.8184e-05
6.3541e-06
2.3797e-06
3.2099e-06
0
9.5088e-05
0.00030357
6.391e-05
0
0.0007632
3.1923e-05
5.675e-06
3.4527e-05
9.0217e-05
9.9514e-05
0.66424
0.00051851
0
2.1933e-05
4.0815e-05
0
8.136e-06
0
0
1.5236e-06
2.2916e-05
0.00022113
0.00036274
0.00029798
6.5258e-05
9.1729e-06
3.38e-05
9.201e-05
0.00015011
0.63378
0.00090762
0
0
0
0
7.1327e-05
2.8707e-05
0
2.153e-05
0
0
9.2369e-06
0
0
0.00011347
7.1209e-05
2.2656e-05
5.1978e-05
0.00010633
0.00014932
0.60195
0
0
0
0.00030276
1.2915e-05
0
0
0
2.8539e-05
1.7591e-06
0
0
9.4955e-05
6.5534e-05
0.00023442
7.1652e-05
0.00017921
0.00016819
0.57153
0
0
0
0
0.00021387
4.3976e-05
0
0
6.1534e-06
3.5016e-06
2.9172e-06
6.6188e-05
0.00020664
9.8655e-05
5.0093e-05
0.001641
0.00032596
0.00030559
0.00019881
0.54231
0
0
0
0
0
0
0
4.8834e-06
9.6021e-05
0.00021765
8.9043e-05
6.2749e-05
0.00075793
0
0.00028864
0.00024706
0.50874
0.011194
0.0045663
0.00058293
0
0
0
0
5.1212e-06
3.1262e-05
0.00021344
0.00049307
0.00010333
7.3567e-05
0.00086686
0
0.00036828
0.00031637
0.48902
0.022372
0.014095
0
0.0060987
0.0021305
0.0010851
0
0.00066855
0
0
2.3625e-05
3.4487e-05
0.00057251
0.001093
0.00016287
0.00011338
0.0017917
0.00077818
0.00059928
0.00048499
0.45954
0.015694
0.015723
0.0071974
0.0022454
0
0.00042825
0
0
2.9703e-05
0
2.1121e-05
0.000625
0.00029194
0.00019236
0.001413
0.0012379
0.00075229
0.00071463
0.43085
0.014465
0.020518
0.0095203
0.0023978
0
0
0
0
0
4.489e-05
0
0
0.00026668
0.00019028
0.0021895
0.0031065
0.001096
0.0011181
0.40302
0.012341
0.015713
0
0.0034541
0.001164
0
0
5.2075e-05
0
0
0.00095047
0.00047062
0.00048685
0.0015694
0.0053588
0.0014718
0.0018202
0.37499
0.0098532
0.012083
0.016629
0.0048931
0.0014156
0.00076727
0
0
1.5729e-05
3.8734e-06
0
0
0.00051608
0.0017079
0.0037765
0.0075099
0.0020722
0.0018882
0.35379
0.00836
0.0081059
0.016254
0.0071633
0.0015748
0.00038256
0.00039369
0.00087549
0.00054957
0.0018866
0.011726
0
0.0031841
0.0024332
0.33556
0.0073928
0.0062582
0.011786
0.0072648
0.0020207
0.00089074
0.00054709
0.00041539
0
0
0
0.0033623
0.028541
0
0.0051239
0.0021977
0.31602
0.0066792
0.0074391
0.0098057
0.0066138
0.0021988
0.0010398
0.00073531
0
0.0011958
0
0
0
0
0
0
0
0
0
0.03166
0.0085858
0
0.30334
0.011507
0.0066206
0.0050397
0.0068227
0.0059604
0.0022294
0.0017258
0
0
0
0.002128
0
0.082722
0.059425
0.015578
0.0038511
0.28614
0.011034
0.0051624
0
0.0047987
0
0.0026524
0
0.010902
0
0.03721
0.21588
0.018926
0
0.27225
0
0.0025266
0.0039057
0.0052908
0.0012231
0
0.0018851
0
0
0
0.019101
0.0053533
0.26412
0.013854
0.010886
0.0037003
0.0019868
0.0033982
0
0.0028616
0.0015361
0.0011389
0.0012379
0
0
0
0.029559
0.0069064
0.25575
0
0.0036435
0.0022666
0.0036707
0.0046167
0.0041397
0
1
1
1
0.048586
0.0088543
0.24706
0.019792
0.0092747
0
0.0045928
0.0028151
0.0019099
0.003961
0
0
0
0.089749
0.011108
0.23987
0.0056469
0.0019323
0.0012455
0.0014352
0
0
0.12977
0.013906
0.22647
0
0.0015807
0.00085182
0.19944
0.01819
0.21162
0
0
0
0.022004
0.19799
0.76957
0
0
0
1
0.023339
0.75318
0.027193
0
0.43694
0.020959
1
0.018351
0.020477
0
0.24516
0.015689
0.017024
0
0.0042791
0
0.017413
0.016543
0
0
0.012211
