69.02,-178.75,0.90987,0.82218,0.99856
69.02,-176.24,0.90553,0.81503,0.99775
62.55,-173.73,0.9918,0.91378,1.0703
62.55,-168.71,1.0083,0.93062,1.0868
69.02,-168.71,0.89048,0.80353,0.98102
62.55,-163.69,1.0269,0.95396,1.099
69.02,-163.69,0.90154,0.82535,0.98032
62.55,-161.18,1.0356,0.96605,1.1052
69.02,-161.18,0.90757,0.83809,0.97932
57.32,-158.67,1.0969,1.0231,1.1691
62.55,-158.67,1.0455,0.97737,1.1146
69.02,-158.67,0.91239,0.84488,0.97999
62.55,-153.65,1.0649,0.99618,1.1311
69.02,-153.65,0.92593,0.8609,0.99008
62.55,-151.14,1.0698,1.0004,1.1357
69.02,-151.14,0.92975,0.86402,0.99652
62.55,-148.63,1.0952,1.0245,1.1631
62.55,-146.12,1.0756,1.0009,1.1474
69.02,-146.12,0.92358,0.85271,0.99461
62.55,-138.59,1.1016,1.026,1.1728
69.02,-138.59,0.9165,0.84263,0.99328
62.55,-136.08,1.1046,1.0304,1.1754
69.02,-136.08,0.90338,0.82596,0.98101
57.32,-128.55,1.104,1.0342,1.1684
69.02,-128.55,0.86601,0.79571,0.9413
57.32,-126.04,1.1153,1.044,1.1803
62.55,-126.04,1.0356,0.97002,1.0991
69.02,-123.53,0.8474,0.77909,0.91845
62.55,-121.02,0.98631,0.92436,1.0497
69.02,-121.02,0.83729,0.76678,0.91003
48.63,-118.51,1.0744,0.99883,1.1496
57.32,-118.51,1.0716,1.0023,1.1387
62.55,-118.51,0.96853,0.9037,1.0352
37.87,-116,1.0258,0.95221,1.0974
44.82,-116,1.0598,0.98897,1.1318
52.75,-116,1.0974,1.0154,1.176
57.32,-116,1.0316,0.96634,1.0961
69.02,-116,0.82159,0.75216,0.89362
37.87,-113.49,1.0484,0.97262,1.1256
44.82,-113.49,1.0436,0.97635,1.1122
34.64,-110.98,0.97355,0.8978,1.0464
41.25,-110.98,1.0616,0.92438,1.1928
44.82,-110.98,1.013,0.93246,1.0931
52.75,-110.98,1.0426,0.9751,1.1107
69.02,-110.98,0.81183,0.74616,0.8799
37.87,-108.47,1.0066,0.92497,1.089
41.25,-108.47,1.0132,0.9539,1.0728
62.55,-108.47,0.86787,0.80313,0.93519
69.02,-108.47,0.80879,0.74613,0.87402
28.52,-105.96,1.0056,0.94513,1.068
37.87,-105.96,1.0189,0.96028,1.0778
41.25,-105.96,1.0489,0.98347,1.1145
48.63,-105.96,0.98245,0.92647,1.0414
52.75,-105.96,0.96312,0.90344,1.0278
57.32,-105.96,0.92913,0.87216,0.98842
62.55,-105.96,0.85896,0.79607,0.9232
31.53,-103.45,1.0023,0.94441,1.0585
48.63,-103.45,0.9582,0.90356,1.0156
57.32,-103.45,0.91431,0.86,0.9694
19.94,-100.94,0.96998,0.9025,1.0356
28.52,-100.94,0.99774,0.93787,1.0584
31.53,-100.94,1.0202,0.96558,1.0734
37.87,-100.94,1.0393,0.98361,1.0929
41.25,-100.94,1.0174,0.96477,1.0715
52.75,-100.94,0.90934,0.84848,0.97436
57.32,-100.94,0.90149,0.84943,0.95436
62.55,-100.94,0.85164,0.7922,0.91215
19.94,-98.43,0.96806,0.89799,1.036
22.74,-98.43,0.97549,0.90085,1.0501
28.52,-98.43,0.98875,0.92945,1.0486
31.53,-98.43,1.0213,0.96803,1.0736
34.64,-98.43,1.0433,0.98972,1.0953
48.63,-98.43,0.93835,0.88328,0.99355
57.32,-98.43,0.89042,0.8381,0.94201
19.94,-95.92,0.972,0.89796,1.045
37.87,-95.92,1.0439,0.99161,1.0944
44.82,-95.92,0.94818,0.88652,1.0104
48.63,-95.92,0.91919,0.86568,0.97235
57.32,-95.92,0.88031,0.82584,0.93444
62.55,-95.92,0.85637,0.79746,0.91651
34.64,-93.41,1.0583,1.0058,1.1095
37.87,-93.41,1.0514,0.99663,1.1038
52.75,-93.41,0.87972,0.81606,0.94526
62.55,-93.41,0.86312,0.80135,0.92585
17.19,-90.9,0.89404,0.81871,0.96818
44.82,-90.9,0.9766,0.92993,1.0265
44.82,-88.39,0.99208,0.94485,1.0409
57.32,-88.39,0.8951,0.83958,0.95031
31.53,-85.88,1.0413,0.98026,1.1045
34.64,-85.88,1.0815,1.0236,1.1391
41.25,-85.88,1.052,0.99883,1.1045
44.82,-85.88,1.0104,0.96035,1.0609
52.75,-85.88,0.92656,0.87223,0.98093
57.32,-85.88,0.91402,0.86306,0.96431
69.02,-85.88,0.83073,0.76067,0.90202
11.81,-83.37,0.90915,0.84002,0.97894
37.87,-83.37,1.0872,1.032,1.1402
52.75,-83.37,0.94914,0.89696,0.99999
57.32,-83.37,0.93242,0.88361,0.98113
69.02,-83.37,0.83706,0.76623,0.9098
57.32,-80.86,0.94972,0.90142,0.99823
69.02,-80.86,0.84121,0.76799,0.91782
19.94,-78.35,0.85679,0.80112,0.91722
34.64,-78.35,1.0677,1.0096,1.1265
41.25,-78.35,1.0665,1.0154,1.1174
52.75,-78.35,0.99782,0.94329,1.0525
57.32,-78.35,0.96627,0.91608,1.016
62.55,-78.35,0.91878,0.8623,0.97739
-9.16,-75.84,1.2215,1.1607,1.2868
-6.53,-75.84,1.3033,1.2342,1.3773
-3.91,-75.84,1.3558,1.2859,1.4242
-1.3,-75.84,1.3523,1.2799,1.4235
34.64,-75.84,1.0503,0.99431,1.1067
62.55,-75.84,0.92478,0.87156,0.9825
69.02,-75.84,0.84779,0.77102,0.92762
-1.3,-73.33,1.3816,1.3055,1.4554
3.91,-73.33,1.1553,1.0909,1.2197
19.94,-73.33,0.80684,0.7328,0.88058
44.82,-73.33,1.0562,1,1.1117
48.63,-73.33,1.0482,0.99756,1.0986
69.02,-73.33,0.85095,0.77075,0.93263
-52.75,-70.82,1.0427,0.95117,1.1334
-44.82,-70.82,1.0261,0.93245,1.1194
-17.19,-70.82,1.0832,1.0162,1.1493
-11.81,-70.82,1.1558,1.1,1.212
1.3,-70.82,1.3222,1.2422,1.4015
3.91,-70.82,1.1526,1.0872,1.2178
9.16,-70.82,0.94956,0.88121,1.022
44.82,-70.82,1.0555,0.99606,1.1133
48.63,-70.82,1.057,1.0043,1.1082
62.55,-70.82,0.9348,0.87669,0.99534
-52.75,-68.31,1.0397,0.94701,1.13
-37.87,-68.31,0.92709,0.8617,0.99449
-31.53,-68.31,0.87009,0.80147,0.93908
-9.16,-68.31,1.2197,1.1603,1.281
3.91,-68.31,1.1362,1.0704,1.2016
6.53,-68.31,0.97683,0.88921,1.0609
17.19,-68.31,0.76674,0.68094,0.85958
48.63,-68.31,1.0616,1.0043,1.1162
57.32,-68.31,1.012,0.9555,1.068
-57.32,-65.8,1.0114,0.8994,1.1234
-48.63,-65.8,1.0496,0.94849,1.1494
-44.82,-65.8,1.0347,0.94408,1.1259
-37.87,-65.8,0.92227,0.85577,0.99162
-25.59,-65.8,0.93628,0.87294,1.0037
-22.74,-65.8,0.99075,0.92059,1.0646
-6.53,-65.8,1.3199,1.2623,1.3798
-3.91,-65.8,1.3978,1.3407,1.453
3.91,-65.8,1.1244,1.0594,1.1886
6.53,-65.8,0.97304,0.90186,1.0459
9.16,-65.8,0.8994,0.8312,0.96943
14.48,-65.8,0.81175,0.74088,0.88775
41.25,-65.8,1.0376,0.97306,1.1021
57.32,-65.8,1.0115,0.95203,1.0699
69.02,-65.8,0.87143,0.78985,0.95385
-57.32,-63.29,1.0121,0.91847,1.1114
-44.82,-63.29,1.0176,0.93088,1.1038
-37.87,-63.29,0.91269,0.84586,0.98171
-28.52,-63.29,0.88367,0.81616,0.95332
-25.59,-63.29,0.93945,0.87666,1.0048
-19.94,-63.29,1.0293,0.96233,1.099
-17.19,-63.29,1.0585,1.0029,1.1148
-9.16,-63.29,1.2233,1.1704,1.2767
-3.91,-63.29,1.3845,1.3306,1.4379
1.3,-63.29,1.2999,1.2369,1.3623
3.91,-63.29,1.1505,1.0783,1.2229
44.82,-63.29,1.0423,0.97777,1.107
48.63,-63.29,1.0604,0.99332,1.1243
52.75,-63.29,1.0667,1.0019,1.1311
69.02,-63.29,0.86335,0.78802,0.94143
-41.25,-60.78,0.96935,0.89086,1.0462
-37.87,-60.78,0.90671,0.83974,0.97417
-25.59,-60.78,0.92952,0.86698,0.99199
-19.94,-60.78,1.0194,0.95761,1.0829
-17.19,-60.78,1.054,1.0014,1.1044
-9.16,-60.78,1.2233,1.1707,1.2755
1.3,-60.78,1.2771,1.2186,1.3343
-37.87,-58.27,0.91896,0.84944,0.98774
-34.64,-58.27,0.85523,0.78698,0.92105
-31.53,-58.27,0.84782,0.7832,0.91143
-28.52,-58.27,0.88178,0.81606,0.9469
-25.59,-58.27,0.93149,0.87113,0.99206
-22.74,-58.27,0.97603,0.90947,1.0418
-19.94,-58.27,1.0179,0.95864,1.0761
-17.19,-58.27,1.0526,1.0012,1.1033
-11.81,-58.27,1.1517,1.0976,1.2078
-9.16,-58.27,1.2216,1.1712,1.2736
52.75,-58.27,1.0427,0.98125,1.1036
-41.25,-55.76,0.93245,0.84974,1.0167
-25.59,-55.76,0.93724,0.87748,0.99834
-14.48,-55.76,1.0967,1.0413,1.1525
-9.16,-55.76,1.2211,1.1705,1.272
-6.53,-55.76,1.2863,1.2345,1.3368
-1.3,-55.76,1.3298,1.2694,1.3894
52.75,-55.76,1.027,0.96716,1.0859
-31.53,-53.25,0.87829,0.81711,0.93742
-28.52,-53.25,0.90431,0.84205,0.96669
-22.74,-53.25,0.98748,0.93072,1.043
-19.94,-53.25,1.0136,0.9582,1.0658
-17.19,-53.25,1.0529,0.99916,1.1062
-11.81,-53.25,1.155,1.1012,1.2091
-6.53,-53.25,1.2827,1.2301,1.3351
1.3,-53.25,1.2155,1.1559,1.2731
48.63,-53.25,1.0223,0.96431,1.0795
-31.53,-50.74,0.89034,0.82979,0.95056
-28.52,-50.74,0.92284,0.86147,0.98468
-25.59,-50.74,0.96215,0.89808,1.0262
-11.81,-50.74,1.1551,1.1018,1.2069
-9.16,-50.74,1.22,1.1711,1.2686
-6.53,-50.74,1.2698,1.2164,1.3224
-28.52,-48.23,0.94733,0.88559,1.0097
-22.74,-48.23,1.0026,0.94383,1.0617
-17.19,-48.23,1.0557,0.99983,1.1121
-11.81,-48.23,1.1553,1.101,1.2076
-9.16,-48.23,1.2188,1.1674,1.269
-6.53,-48.23,1.2619,1.2045,1.3161
69.02,-48.23,0.84897,0.78205,0.91926
-11.81,-45.72,1.1574,1.1017,1.2127
-9.16,-45.72,1.217,1.1607,1.272
-3.91,-45.72,1.2589,1.1983,1.3165
-22.74,-43.21,1.029,0.96194,1.1006
-17.19,-43.21,1.0716,1.0153,1.1257
-6.53,-43.21,1.2393,1.1731,1.2999
-17.19,-40.7,1.0763,1.0198,1.1322
-14.48,-40.7,1.1125,1.0528,1.1709
-9.16,-40.7,1.209,1.1371,1.2764
62.55,-40.7,0.95047,0.88625,1.0176
-19.94,-38.19,1.0515,0.98711,1.1211
-17.19,-38.19,1.0817,1.0247,1.139
-11.81,-38.19,1.1721,1.1038,1.2386
62.55,-38.19,0.93827,0.87875,1.002
69.02,-38.19,0.90537,0.83451,0.97721
69.02,-23.13,0.91062,0.83965,0.98498
69.02,-20.62,0.89784,0.82765,0.97327
11.81,-15.6,1.0713,1.0091,1.1343
17.19,-15.6,0.86476,0.80792,0.92089
19.94,-15.6,0.75139,0.69459,0.81188
22.74,-15.6,0.64939,0.58782,0.71442
6.53,-13.09,1.1802,1.1109,1.2463
17.19,-13.09,0.86974,0.81288,0.92535
19.94,-13.09,0.73972,0.68343,0.7983
3.91,-10.58,1.2032,1.1356,1.2706
6.53,-10.58,1.1984,1.1273,1.268
14.48,-10.58,0.9946,0.93774,1.0489
17.19,-10.58,0.86464,0.80757,0.91871
25.59,-10.58,0.53793,0.47553,0.60387
37.87,-10.58,0.71568,0.65022,0.78276
52.75,-10.58,0.96577,0.91525,1.0169
9.16,-8.07,1.1691,1.1052,1.2306
14.48,-8.07,0.99812,0.9417,1.0503
19.94,-8.07,0.70724,0.65249,0.76255
28.52,-8.07,0.48882,0.41069,0.5693
37.87,-8.07,0.74226,0.66811,0.81923
41.25,-8.07,0.85804,0.78008,0.93608
57.32,-8.07,0.95437,0.9013,1.0057
3.91,-5.56,1.2142,1.1426,1.2835
6.53,-5.56,1.204,1.1374,1.2701
9.16,-5.56,1.1695,1.1137,1.2251
11.81,-5.56,1.1066,1.0531,1.1599
25.59,-5.56,0.49714,0.44173,0.55316
28.52,-5.56,0.46674,0.38673,0.55279
52.75,-5.56,0.97442,0.91952,1.0279
3.91,-3.05,1.2199,1.1499,1.2885
6.53,-3.05,1.2037,1.1396,1.2652
9.16,-3.05,1.1683,1.1164,1.2205
19.94,-3.05,0.66925,0.61682,0.71916
25.59,-3.05,0.48002,0.42644,0.53358
28.52,-3.05,0.49826,0.43451,0.56484
31.53,-3.05,0.52085,0.44976,0.59699
37.87,-3.05,0.68479,0.59862,0.77242
44.82,-3.05,0.92331,0.86192,0.98317
6.53,-0.54,1.2093,1.1473,1.2695
9.16,-0.54,1.1652,1.115,1.2154
17.19,-0.54,0.80992,0.7549,0.8642
22.74,-0.54,0.52706,0.47558,0.57819
28.52,-0.54,0.46842,0.40922,0.52875
31.53,-0.54,0.523,0.4569,0.59286
34.64,-0.54,0.59803,0.53108,0.6697
37.87,-0.54,0.6851,0.60386,0.76693
44.82,-0.54,0.93643,0.87484,0.99526
57.32,-0.54,0.96175,0.90269,1.0193
6.53,1.97,1.2125,1.1516,1.2739
9.16,1.97,1.1594,1.1089,1.2111
14.48,1.97,0.94531,0.89064,0.99904
19.94,1.97,0.62957,0.57708,0.67986
22.74,1.97,0.51829,0.46982,0.56705
31.53,1.97,0.53561,0.47372,0.60159
34.64,1.97,0.6026,0.54581,0.66172
37.87,1.97,0.6974,0.63023,0.76207
48.63,1.97,0.9887,0.91713,1.0575
3.91,4.48,1.2326,1.1675,1.2977
9.16,4.48,1.1625,1.1121,1.2135
11.81,4.48,1.0637,1.0121,1.1148
14.48,4.48,0.92714,0.87257,0.98047
17.19,4.48,0.76049,0.70535,0.81313
25.59,4.48,0.4502,0.39694,0.50195
28.52,4.48,0.43646,0.36361,0.50771
34.64,4.48,0.61152,0.55922,0.66445
37.87,4.48,0.70202,0.63573,0.76547
41.25,4.48,0.86384,0.80004,0.9267
57.32,4.48,0.9657,0.90393,1.025
1.3,6.99,1.2344,1.1688,1.2995
3.91,6.99,1.2395,1.176,1.3027
6.53,6.99,1.2135,1.1543,1.2737
9.16,6.99,1.1537,1.1028,1.2048
11.81,6.99,1.0494,0.99746,1.0995
19.94,6.99,0.58633,0.5338,0.64237
25.59,6.99,0.44646,0.39051,0.50024
44.82,6.99,0.93847,0.86184,1.0116
-19.94,9.5,1.0174,0.95984,1.0742
-3.91,9.5,1.1766,1.114,1.2405
-1.3,9.5,1.2225,1.1618,1.2839
3.91,9.5,1.2591,1.1951,1.3219
6.53,9.5,1.2246,1.1645,1.2851
9.16,9.5,1.1455,1.0919,1.1975
11.81,9.5,1.032,0.98002,1.0826
17.19,9.5,0.72103,0.66671,0.77556
22.74,9.5,0.47149,0.41822,0.52573
28.52,9.5,0.47151,0.40794,0.5326
31.53,9.5,0.53303,0.47814,0.58975
57.32,9.5,0.97151,0.90933,1.0318
62.55,9.5,0.95904,0.87815,1.0399
-22.74,12.01,0.99237,0.93153,1.055
-19.94,12.01,1.0281,0.96899,1.0884
-17.19,12.01,1.0601,1.0044,1.1159
-14.48,12.01,1.0763,1.0153,1.1387
-9.16,12.01,1.103,1.0423,1.1655
-6.53,12.01,1.1278,1.0651,1.1914
-1.3,12.01,1.221,1.1628,1.2795
3.91,12.01,1.2634,1.2007,1.3247
9.16,12.01,1.1352,1.0774,1.1903
11.81,12.01,1.0187,0.96544,1.0711
14.48,12.01,0.87086,0.81787,0.92376
17.19,12.01,0.70166,0.64798,0.75685
19.94,12.01,0.54745,0.49311,0.60649
37.87,12.01,0.74625,0.68402,0.80859
41.25,12.01,0.85755,0.79695,0.91757
44.82,12.01,0.94948,0.88944,1.0089
48.63,12.01,0.9895,0.92302,1.0549
62.55,12.01,0.95567,0.87534,1.0343
-28.52,14.52,0.96269,0.89908,1.0309
-25.59,14.52,0.97033,0.91175,1.032
-22.74,14.52,0.99405,0.93397,1.0583
-9.16,14.52,1.0995,1.0428,1.1599
-1.3,14.52,1.217,1.1611,1.2742
1.3,14.52,1.252,1.1935,1.3091
14.48,14.52,0.85771,0.80628,0.90884
25.59,14.52,0.44124,0.38362,0.49802
31.53,14.52,0.54418,0.4898,0.60114
34.64,14.52,0.63506,0.57723,0.69345
52.75,14.52,0.9747,0.91503,1.0334
62.55,14.52,0.95363,0.8748,1.0312
-34.64,17.03,0.97719,0.89443,1.0632
-17.19,17.03,1.0678,1.0145,1.1194
-14.48,17.03,1.0861,1.0275,1.1453
-6.53,17.03,1.1229,1.0669,1.1817
1.3,17.03,1.2454,1.1898,1.2994
6.53,17.03,1.1911,1.1377,1.2438
14.48,17.03,0.85107,0.8013,0.90169
17.19,17.03,0.6853,0.63214,0.74197
44.82,17.03,0.87594,0.80666,0.9451
48.63,17.03,0.93128,0.85829,1.0001
-34.64,19.54,0.99533,0.90974,1.0838
-31.53,19.54,0.97296,0.89605,1.0499
-25.59,19.54,0.96345,0.90791,1.0207
-19.94,19.54,1.0374,0.97885,1.0945
-17.19,19.54,1.0761,1.0243,1.1268
-9.16,19.54,1.1026,1.0513,1.1549
-3.91,19.54,1.1677,1.1127,1.2224
6.53,19.54,1.1783,1.1285,1.2276
14.48,19.54,0.85226,0.80198,0.90312
19.94,19.54,0.54831,0.49516,0.60534
25.59,19.54,0.44171,0.38646,0.49825
41.25,19.54,0.84989,0.78701,0.91161
44.82,19.54,0.91267,0.84931,0.9759
48.63,19.54,0.94221,0.8903,0.99461
52.75,19.54,0.96972,0.90916,1.0312
62.55,19.54,0.95779,0.88033,1.034
69.02,19.54,0.92399,0.83783,1.0123
-1.3,22.05,1.2091,1.1563,1.2597
6.53,22.05,1.163,1.1127,1.2141
11.81,22.05,0.99892,0.94308,1.0554
14.48,22.05,0.85794,0.8055,0.91093
17.19,22.05,0.70287,0.64776,0.76043
19.94,22.05,0.56633,0.51371,0.61981
37.87,22.05,0.72228,0.65699,0.78745
41.25,22.05,0.78087,0.71133,0.84699
48.63,22.05,0.93528,0.88209,0.98644
52.75,22.05,0.9681,0.90387,1.0315
57.32,22.05,0.97767,0.91109,1.043
62.55,22.05,0.95861,0.88077,1.035
69.02,22.05,0.92074,0.83824,1.0046
-34.64,24.56,0.99076,0.91011,1.0736
-31.53,24.56,0.9811,0.90815,1.054
-28.52,24.56,0.9669,0.90361,1.027
-25.59,24.56,0.97426,0.92138,1.0252
-22.74,24.56,1.007,0.9533,1.0612
-17.19,24.56,1.096,1.0443,1.1462
-11.81,24.56,1.1188,1.0635,1.1711
-9.16,24.56,1.1231,1.0709,1.1725
-3.91,24.56,1.174,1.1202,1.2298
-1.3,24.56,1.2045,1.1513,1.2566
3.91,24.56,1.1876,1.1336,1.242
22.74,24.56,0.49409,0.44026,0.54853
28.52,24.56,0.49335,0.43855,0.5476
31.53,24.56,0.51671,0.43861,0.59177
34.64,24.56,0.58613,0.5054,0.66309
37.87,24.56,0.67928,0.60767,0.75012
41.25,24.56,0.79876,0.73928,0.85676
48.63,24.56,0.94048,0.88107,0.99976
62.55,24.56,0.95931,0.88202,1.0358
69.02,24.56,0.92037,0.84248,1.0016
-34.64,27.07,0.9774,0.902,1.0556
-31.53,27.07,0.99211,0.9221,1.0612
-25.59,27.07,0.9852,0.92857,1.0369
-22.74,27.07,1.0187,0.96257,1.0738
-14.48,27.07,1.1231,1.0729,1.1723
-9.16,27.07,1.1356,1.088,1.1827
-3.91,27.07,1.1819,1.1286,1.2349
-1.3,27.07,1.1983,1.1453,1.2532
6.53,27.07,1.1086,1.0603,1.1579
11.81,27.07,0.97601,0.92413,1.0275
14.48,27.07,0.86465,0.81141,0.9198
17.19,27.07,0.72867,0.67163,0.78447
19.94,27.07,0.60634,0.55321,0.65856
25.59,27.07,0.48362,0.42439,0.54329
28.52,27.07,0.49931,0.44297,0.55545
48.63,27.07,0.91482,0.85766,0.97187
-31.53,29.58,0.97521,0.90926,1.0419
-19.94,29.58,1.0751,1.021,1.1289
-14.48,29.58,1.1282,1.0799,1.1764
-9.16,29.58,1.1434,1.094,1.193
-3.91,29.58,1.1776,1.123,1.2342
1.3,29.58,1.177,1.1223,1.2329
6.53,29.58,1.088,1.0394,1.1389
9.16,29.58,1.0374,0.98572,1.0891
19.94,29.58,0.63523,0.5824,0.68594
22.74,29.58,0.54418,0.48513,0.60202
62.55,29.58,0.96069,0.88835,1.0311
-25.59,32.09,0.99619,0.92775,1.0637
-19.94,32.09,1.0777,1.0209,1.1327
-17.19,32.09,1.1161,1.0637,1.1666
-14.48,32.09,1.1345,1.0836,1.1847
-6.53,32.09,1.1603,1.1064,1.2166
1.3,32.09,1.1619,1.1042,1.2204
6.53,32.09,1.0705,1.0191,1.1238
11.81,32.09,0.98035,0.93097,1.0295
14.48,32.09,0.8971,0.84227,0.95211
17.19,32.09,0.78134,0.72809,0.83287
19.94,32.09,0.66614,0.61185,0.71751
31.53,32.09,0.53153,0.46289,0.5966
34.64,32.09,0.6083,0.54723,0.67169
41.25,32.09,0.7381,0.68609,0.78916
48.63,32.09,0.899,0.83707,0.95844
52.75,32.09,0.96308,0.89873,1.0239
62.55,32.09,0.96125,0.8929,1.0262
-69.02,34.6,0.8525,0.72994,0.9803
-17.19,34.6,1.12,1.0661,1.171
-14.48,34.6,1.1423,1.0869,1.1977
-6.53,34.6,1.1664,1.1094,1.2247
-3.91,34.6,1.172,1.106,1.2384
1.3,34.6,1.146,1.0859,1.2084
11.81,34.6,0.99448,0.94423,1.0455
17.19,34.6,0.80883,0.75366,0.86252
19.94,34.6,0.68955,0.63368,0.74346
22.74,34.6,0.59049,0.52746,0.65171
25.59,34.6,0.55546,0.49343,0.62061
28.52,34.6,0.54239,0.48053,0.60415
37.87,34.6,0.66407,0.60688,0.72206
48.63,34.6,0.89138,0.82672,0.95188
52.75,34.6,0.96327,0.90356,1.0205
57.32,34.6,0.99662,0.93862,1.0548
62.55,34.6,0.95778,0.89266,1.0205
-17.19,37.11,1.1229,1.0672,1.1755
-6.53,37.11,1.1608,1.1021,1.2198
-3.91,37.11,1.1647,1.1042,1.2275
-1.3,37.11,1.1533,1.0823,1.2258
3.91,37.11,1.099,1.0355,1.1603
9.16,37.11,1.064,1.003,1.1273
17.19,37.11,0.8618,0.7928,0.93234
25.59,37.11,0.57849,0.51725,0.64208
37.87,37.11,0.63562,0.57765,0.69349
44.82,37.11,0.789,0.72835,0.84819
52.75,37.11,0.96235,0.90549,1.0168
57.32,37.11,1.0002,0.94101,1.0591
62.55,37.11,0.95626,0.89217,1.0182
-3.91,39.62,1.1447,1.0605,1.2292
1.3,39.62,1.137,1.0752,1.203
6.53,39.62,1.0627,0.99793,1.1268
9.16,39.62,1.0457,0.99104,1.1002
14.48,39.62,0.9728,0.91834,1.0274
22.74,39.62,0.66274,0.60247,0.72091
28.52,39.62,0.5712,0.51142,0.63191
31.53,39.62,0.55303,0.49001,0.61415
41.25,39.62,0.70875,0.64496,0.7693
62.55,39.62,0.95484,0.89175,1.017
-69.02,42.13,0.85502,0.74706,0.96813
1.3,42.13,1.136,1.0761,1.1989
3.91,42.13,1.1006,1.0356,1.164
19.94,42.13,0.78968,0.72985,0.84877
22.74,42.13,0.69339,0.63342,0.7523
25.59,42.13,0.62644,0.56792,0.6845
28.52,42.13,0.58031,0.52601,0.63572
31.53,42.13,0.55739,0.49762,0.61538
52.75,42.13,0.95922,0.90302,1.0144
-69.02,44.64,0.86661,0.76114,0.97942
-19.94,44.64,1.124,1.0551,1.1931
1.3,44.64,1.1386,1.0786,1.2002
3.91,44.64,1.1079,1.0418,1.1726
6.53,44.64,1.0822,1.0107,1.1531
14.48,44.64,1.0057,0.95001,1.0625
17.19,44.64,0.92178,0.86115,0.98438
19.94,44.64,0.81731,0.75324,0.87986
22.74,44.64,0.7177,0.65664,0.77621
25.59,44.64,0.64501,0.59073,0.69722
28.52,44.64,0.5993,0.54794,0.65162
62.55,44.64,0.94757,0.88471,1.0084
-19.94,47.15,1.1302,1.0604,1.1998
-17.19,47.15,1.1506,1.0892,1.2101
9.16,47.15,1.0722,1.0037,1.1396
14.48,47.15,1.0236,0.96779,1.0824
19.94,47.15,0.83398,0.77179,0.89583
25.59,47.15,0.66648,0.61481,0.71622
28.52,47.15,0.61789,0.56697,0.66817
-69.02,49.66,0.85898,0.74755,0.97215
14.48,49.66,1.0404,0.98153,1.101
17.19,49.66,0.95564,0.89301,1.0214
19.94,49.66,0.85482,0.7926,0.91832
22.74,49.66,0.75929,0.70217,0.81576
25.59,49.66,0.68908,0.63772,0.73904
31.53,49.66,0.61546,0.56276,0.66947
52.75,49.66,0.9403,0.88171,0.99954
57.32,49.66,0.9814,0.91597,1.047
62.55,49.66,0.93383,0.87384,0.99184
11.81,52.17,1.0797,1.0176,1.1411
17.19,52.17,0.97084,0.90814,1.0376
19.94,52.17,0.875,0.8102,0.94017
22.74,52.17,0.78253,0.72711,0.83794
31.53,52.17,0.63364,0.57912,0.68857
37.87,52.17,0.56301,0.51098,0.61585
41.25,52.17,0.58984,0.53531,0.64345
44.82,52.17,0.67733,0.62156,0.73395
48.63,52.17,0.80378,0.7462,0.86111
52.75,52.17,0.92927,0.87175,0.98769
62.55,52.17,0.92507,0.86645,0.98135
69.02,52.17,0.86411,0.78568,0.94507
22.74,54.68,0.8052,0.74854,0.86051
34.64,54.68,0.61073,0.55383,0.66727
37.87,54.68,0.58591,0.53491,0.63984
52.75,54.68,0.90817,0.84958,0.96362
57.32,54.68,0.95856,0.89873,1.0152
62.55,54.68,0.92281,0.86432,0.97843
-69.02,57.19,0.87763,0.777,0.98377
25.59,57.19,0.75431,0.69909,0.80692
37.87,57.19,0.55784,0.50057,0.61573
48.63,57.19,0.78351,0.7217,0.8467
57.32,57.19,0.94303,0.88524,0.99735
62.55,57.19,0.90476,0.84661,0.95984
-69.02,59.7,0.87832,0.78252,0.97856
-17.19,59.7,1.1507,1.0944,1.205
34.64,59.7,0.66205,0.60051,0.72321
48.63,59.7,0.72383,0.65487,0.79339
52.75,59.7,0.87535,0.8174,0.92974
62.55,59.7,0.89522,0.83767,0.95113
-69.02,62.21,0.87712,0.78548,0.97322
22.74,62.21,0.86995,0.81126,0.92816
31.53,62.21,0.77596,0.69745,0.85812
37.87,62.21,0.55889,0.49188,0.62505
44.82,62.21,0.59201,0.53143,0.65704
48.63,62.21,0.73142,0.67478,0.79064
52.75,62.21,0.86046,0.80262,0.91394
57.32,62.21,0.91563,0.85718,0.97162
-69.02,64.72,0.87345,0.78506,0.9672
28.52,64.72,0.82873,0.77147,0.88392
34.64,64.72,0.75229,0.67511,0.82973
41.25,64.72,0.5145,0.45374,0.57716
48.63,64.72,0.71533,0.65834,0.7728
52.75,64.72,0.85104,0.79301,0.90496
57.32,64.72,0.90615,0.84598,0.96497
-69.02,67.23,0.84893,0.75653,0.9446
22.74,67.23,0.91933,0.85601,0.9817
25.59,67.23,0.88447,0.8253,0.9453
31.53,67.23,0.81256,0.74544,0.87696
37.87,67.23,0.64281,0.56811,0.71775
41.25,67.23,0.52167,0.46163,0.58162
48.63,67.23,0.69923,0.64122,0.75665
11.81,69.74,1.2344,1.1703,1.2963
14.48,69.74,1.1878,1.1203,1.2538
34.64,69.74,0.8426,0.74993,0.93493
44.82,69.74,0.54199,0.48459,0.60183
52.75,69.74,0.82903,0.76981,0.88432
6.53,72.25,1.3166,1.2314,1.4007
9.16,72.25,1.2855,1.2099,1.357
11.81,72.25,1.2623,1.1912,1.3315
19.94,72.25,1.04,0.98082,1.0971
28.52,72.25,0.97233,0.8946,1.045
31.53,72.25,0.95214,0.87437,1.029
34.64,72.25,0.87048,0.77825,0.96307
37.87,72.25,0.7116,0.62245,0.80242
44.82,72.25,0.53587,0.47698,0.59488
48.63,72.25,0.67253,0.61343,0.72905
52.75,72.25,0.81698,0.75585,0.87281
62.55,72.25,0.87199,0.81987,0.92543
-69.02,74.76,0.8481,0.7577,0.94087
9.16,74.76,1.2913,1.2139,1.3636
11.81,74.76,1.2569,1.1886,1.3213
17.19,74.76,1.1487,1.0799,1.2153
19.94,74.76,1.0607,1.004,1.1166
22.74,74.76,1.0086,0.95075,1.0674
31.53,74.76,1.0477,0.9454,1.1499
34.64,74.76,0.89749,0.80505,0.99004
37.87,74.76,0.67787,0.60958,0.74667
41.25,74.76,0.52317,0.46234,0.58165
44.82,74.76,0.5196,0.45807,0.58255
48.63,74.76,0.66337,0.60441,0.72205
62.55,74.76,0.87045,0.81955,0.92239
-69.02,77.27,0.86747,0.77393,0.96208
6.53,77.27,1.3189,1.2346,1.3997
11.81,77.27,1.2636,1.1958,1.3279
19.94,77.27,1.076,1.022,1.1291
22.74,77.27,1.0372,0.98332,1.0924
31.53,77.27,1.0858,0.98137,1.1914
34.64,77.27,0.9258,0.83101,1.0208
37.87,77.27,0.65368,0.58493,0.72
41.25,77.27,0.51387,0.45053,0.57639
48.63,77.27,0.65387,0.59392,0.7148
52.75,77.27,0.80883,0.7468,0.8671
57.32,77.27,0.88319,0.82182,0.94297
-69.02,79.78,0.88237,0.78988,0.9752
14.48,79.78,1.2349,1.1708,1.2972
17.19,79.78,1.1615,1.1043,1.2203
19.94,79.78,1.0881,1.0353,1.1429
22.74,79.78,1.0355,0.96799,1.099
25.59,79.78,1.0925,1.0213,1.1675
31.53,79.78,1.1259,1.0149,1.2358
41.25,79.78,0.5109,0.44577,0.57765
48.63,79.78,0.65355,0.59319,0.71576
62.55,79.78,0.87315,0.82312,0.9236
-69.02,82.29,0.8899,0.80603,0.97562
22.74,82.29,1.0752,1.0237,1.1285
28.52,82.29,1.2327,1.1148,1.3487
34.64,82.29,0.98052,0.88162,1.0801
37.87,82.29,0.68982,0.62023,0.75853
52.75,82.29,0.81535,0.75791,0.86807
57.32,82.29,0.88645,0.82988,0.94214
62.55,82.29,0.84348,0.77009,0.91334
-69.02,84.8,0.89404,0.81196,0.97967
25.59,84.8,1.1162,1.0511,1.1823
28.52,84.8,1.2177,1.117,1.314
31.53,84.8,1.1955,1.0797,1.3092
34.64,84.8,1.0057,0.90626,1.1052
37.87,84.8,0.75185,0.67439,0.82694
41.25,84.8,0.51155,0.44363,0.58345
48.63,84.8,0.65795,0.59496,0.72341
52.75,84.8,0.845,0.7881,0.89902
62.55,84.8,0.87321,0.82152,0.92458
-69.02,87.31,0.89548,0.81354,0.98094
28.52,87.31,1.2216,1.1271,1.3109
34.64,87.31,1.0311,0.93192,1.1304
44.82,87.31,0.52383,0.46073,0.5915
52.75,87.31,0.8568,0.79996,0.91059
57.32,87.31,0.89434,0.83874,0.9507
62.55,87.31,0.87108,0.8175,0.9232
-69.02,89.82,0.89564,0.81382,0.98356
17.19,89.82,1.1773,1.1276,1.2296
19.94,89.82,1.1233,1.0687,1.1797
31.53,89.82,1.2404,1.1263,1.3501
34.64,89.82,1.0564,0.95619,1.1543
37.87,89.82,0.81006,0.72784,0.89074
48.63,89.82,0.71086,0.64974,0.77195
69.02,89.82,0.87527,0.80511,0.94732
22.74,92.33,1.1005,1.0377,1.1617
25.59,92.33,1.1437,1.0813,1.2042
34.64,92.33,1.0783,0.98287,1.1719
52.75,92.33,0.86121,0.80468,0.91799
-69.02,94.84,0.89828,0.8136,0.98913
6.53,94.84,1.3606,1.2974,1.425
17.19,94.84,1.2042,1.1492,1.2587
25.59,94.84,1.1312,1.0679,1.19
28.52,94.84,1.2193,1.1352,1.2937
34.64,94.84,1.0994,1.0061,1.1897
41.25,94.84,0.63825,0.57457,0.70448
44.82,94.84,0.61311,0.55591,0.67216
62.55,94.84,0.87076,0.81817,0.92345
69.02,94.84,0.84136,0.77794,0.90263
-69.02,97.35,0.89581,0.81054,0.98628
3.91,97.35,1.3845,1.3224,1.4488
25.59,97.35,1.1741,1.1107,1.2355
37.87,97.35,0.83835,0.77355,0.90137
44.82,97.35,0.65223,0.5957,0.70992
48.63,97.35,0.79708,0.737,0.85657
62.55,97.35,0.86443,0.81211,0.91698
1.3,99.86,1.3682,1.305,1.4301
6.53,99.86,1.3785,1.3111,1.4478
11.81,99.86,1.3328,1.2666,1.3999
17.19,99.86,1.2266,1.165,1.2881
22.74,99.86,1.1277,1.0741,1.1824
25.59,99.86,1.1629,1.1043,1.2231
31.53,99.86,1.2249,1.1394,1.3065
34.64,99.86,1.0597,0.98684,1.1285
37.87,99.86,0.87881,0.81673,0.94006
48.63,99.86,0.7986,0.74386,0.85134
62.55,99.86,0.85993,0.80811,0.9123
-69.02,102.37,0.89687,0.81053,0.98414
3.91,102.37,1.3725,1.3076,1.4382
6.53,102.37,1.3691,1.301,1.4397
19.94,102.37,1.1654,1.11,1.2208
22.74,102.37,1.1272,1.0763,1.1784
25.59,102.37,1.1419,1.0878,1.1968
31.53,102.37,1.1362,1.0635,1.2056
37.87,102.37,0.92051,0.85473,0.98263
48.63,102.37,0.81676,0.76253,0.87018
62.55,102.37,0.85222,0.79721,0.90659
-69.02,104.88,0.89739,0.81286,0.98273
-1.3,104.88,1.3884,1.3154,1.4611
14.48,104.88,1.329,1.2677,1.3918
22.74,104.88,1.114,1.0631,1.1658
25.59,104.88,1.1076,1.0552,1.1601
28.52,104.88,1.136,1.0759,1.196
37.87,104.88,0.96413,0.9047,1.0232
57.32,104.88,0.90925,0.84996,0.96571
-69.02,107.39,0.89769,0.81441,0.98178
6.53,107.39,1.3949,1.3272,1.465
22.74,107.39,1.1177,1.0638,1.1717
25.59,107.39,1.0821,1.0249,1.1402
41.25,107.39,0.88406,0.82752,0.9405
44.82,107.39,0.82862,0.77789,0.88001
48.63,107.39,0.86307,0.80773,0.91822
52.75,107.39,0.9207,0.86397,0.97497
-31.53,109.9,0.99036,0.92818,1.0533
-3.91,109.9,1.4138,1.3216,1.5033
11.81,109.9,1.3994,1.34,1.4583
34.64,109.9,1.084,1.0182,1.148
37.87,109.9,1.0283,0.96627,1.0916
44.82,109.9,0.87444,0.82318,0.92495
52.75,109.9,0.92915,0.87591,0.9801
57.32,109.9,0.9392,0.88093,0.99724
62.55,109.9,0.84861,0.79567,0.90265
69.02,109.9,0.76867,0.70195,0.83638
-69.02,112.41,0.89692,0.81626,0.97784
-37.87,112.41,0.93218,0.86364,1.0005
-34.64,112.41,0.96716,0.90832,1.0284
-3.91,112.41,1.4265,1.3313,1.5181
6.53,112.41,1.4307,1.369,1.495
28.52,112.41,1.0855,1.0265,1.1473
52.75,112.41,0.93044,0.87896,0.98117
57.32,112.41,0.94433,0.88974,1.0005
62.55,112.41,0.84698,0.79451,0.8991
-69.02,114.92,0.90005,0.82247,0.97821
-34.64,114.92,0.95818,0.90076,1.0184
-31.53,114.92,0.99061,0.92444,1.0572
-28.52,114.92,1.0218,0.95188,1.0933
-1.3,114.92,1.4371,1.3523,1.5191
6.53,114.92,1.4868,1.4192,1.5561
28.52,114.92,1.1027,1.045,1.1642
48.63,114.92,0.92838,0.87298,0.98444
52.75,114.92,0.94515,0.89434,0.99604
57.32,114.92,0.94502,0.88915,1.0016
62.55,114.92,0.85203,0.79955,0.90549
-37.87,117.43,0.92992,0.85515,1.0026
-34.64,117.43,0.95518,0.89555,1.0158
1.3,117.43,1.4455,1.372,1.5204
3.91,117.43,1.4531,1.3873,1.5196
6.53,117.43,1.4712,1.4082,1.535
28.52,117.43,1.1151,1.0575,1.1757
31.53,117.43,1.1171,1.0644,1.1712
34.64,117.43,1.1016,1.0468,1.1571
57.32,117.43,0.93791,0.87875,0.99738
62.55,117.43,0.85545,0.79886,0.91226
69.02,117.43,0.76426,0.69875,0.83015
-25.59,119.94,1.062,0.9977,1.1279
6.53,119.94,1.4916,1.4251,1.5579
28.52,119.94,1.1154,1.0581,1.1742
34.64,119.94,1.1132,1.0586,1.1678
52.75,119.94,0.96698,0.91554,1.0213
-31.53,122.45,0.97877,0.91858,1.0379
-28.52,122.45,1.0146,0.9538,1.0767
-25.59,122.45,1.0614,0.99628,1.1279
-22.74,122.45,1.1243,1.059,1.1881
28.52,122.45,1.1309,1.0756,1.188
37.87,122.45,1.1073,1.0509,1.164
48.63,122.45,0.97801,0.92391,1.0335
52.75,122.45,0.96999,0.91605,1.0272
69.02,122.45,0.77435,0.70913,0.83967
-69.02,124.96,0.92435,0.8567,0.99364
-28.52,124.96,1.0126,0.95405,1.0712
41.25,124.96,1.0997,1.0464,1.1543
44.82,124.96,1.0454,0.99409,1.098
48.63,124.96,0.99513,0.94118,1.0519
69.02,124.96,0.80945,0.73473,0.88044
-69.02,127.47,0.92916,0.85991,0.99876
-37.87,127.47,0.94122,0.88418,0.99685
-34.64,127.47,0.96804,0.92123,1.0138
-31.53,127.47,0.99157,0.94132,1.0418
-25.59,127.47,1.0582,0.99217,1.125
-11.81,127.47,1.3839,1.3147,1.4532
-9.16,127.47,1.4248,1.348,1.4987
44.82,127.47,1.0624,1.0125,1.1134
62.55,127.47,0.89673,0.83504,0.95837
69.02,127.47,0.80702,0.73227,0.88008
-37.87,129.98,0.95469,0.90437,1.0056
-34.64,129.98,0.97161,0.92885,1.0138
-25.59,129.98,1.06,0.99328,1.126
-22.74,129.98,1.1216,1.0512,1.1926
-11.81,129.98,1.3869,1.3149,1.4598
-9.16,129.98,1.4555,1.3819,1.5288
-1.3,129.98,1.4893,1.4175,1.5571
3.91,129.98,1.5201,1.4491,1.5898
6.53,129.98,1.5495,1.4598,1.6344
44.82,129.98,1.0643,1.014,1.1155
57.32,129.98,0.98487,0.92203,1.0467
-69.02,132.49,0.9409,0.86299,1.0186
-37.87,132.49,0.9672,0.91888,1.0159
-34.64,132.49,0.97668,0.93381,1.0194
-31.53,132.49,0.99162,0.94646,1.038
-11.81,132.49,1.4197,1.3443,1.4961
3.91,132.49,1.5223,1.4498,1.5933
44.82,132.49,1.0775,1.0249,1.1302
48.63,132.49,1.0389,0.97514,1.1045
52.75,132.49,1.0296,0.96398,1.0968
-37.87,135,0.98233,0.93072,1.0331
-34.64,135,0.95589,0.88762,1.0236
-28.52,135,1.0318,0.9778,1.0887
-25.59,135,1.0627,0.99565,1.1313
-19.94,135,1.1996,1.1352,1.2659
37.87,135,1.1702,1.0949,1.2451
48.63,135,1.0684,1.0013,1.1369
52.75,135,1.0187,0.94971,1.0893
62.55,135,0.94062,0.87976,1.0023
-31.53,137.51,1.0097,0.95713,1.0622
-28.52,137.51,1.0347,0.98075,1.0898
6.53,137.51,1.5285,1.4438,1.6097
37.87,137.51,1.1771,1.1032,1.2504
48.63,137.51,1.0579,0.9863,1.1304
69.02,137.51,0.84356,0.76743,0.91805
-69.02,140.02,0.94443,0.85143,1.0371
-44.82,140.02,0.97329,0.90781,1.0387
-41.25,140.02,0.98576,0.91523,1.0547
-34.64,140.02,1.013,0.96052,1.0655
-28.52,140.02,1.0537,0.99326,1.1149
-22.74,140.02,1.1411,1.0796,1.2058
44.82,140.02,1.1046,1.0418,1.1673
62.55,140.02,0.97892,0.91621,1.0444
69.02,140.02,0.83384,0.76495,0.90299
-34.64,142.53,1.0309,0.97566,1.0866
-31.53,142.53,1.0388,0.97595,1.0995
-28.52,142.53,1.0581,0.99583,1.1195
44.82,142.53,1.1097,1.0438,1.175
48.63,142.53,1.0798,0.93846,1.2178
52.75,142.53,1.041,0.9084,1.1689
57.32,142.53,1.0077,0.88351,1.1258
69.02,142.53,0.86596,0.79691,0.9351
-69.02,145.04,0.9468,0.85296,1.042
-44.82,145.04,0.99591,0.93312,1.0587
-37.87,145.04,1.0335,0.97027,1.0963
9.16,145.04,1.4758,1.3985,1.5512
69.02,145.04,0.83856,0.77153,0.90583
-41.25,147.55,1.0309,0.96518,1.094
-34.64,147.55,1.0568,0.99739,1.1161
-28.52,147.55,1.0764,1.0096,1.1453
62.55,147.55,0.9968,0.92754,1.0667
-69.02,150.06,0.95494,0.86506,1.0457
-41.25,150.06,1.0254,0.9639,1.0857
-69.02,152.57,0.96337,0.87779,1.0496
-34.64,152.57,1.0686,1.0111,1.1242
-69.02,155.08,0.97113,0.8888,1.0544
57.32,155.08,1.0324,0.9382,1.1242
69.02,155.08,0.84974,0.77388,0.9267
-1.3,157.59,1.4208,1.3551,1.4841
57.32,157.59,1.0299,0.90542,1.1488
57.32,160.1,1.0244,0.93183,1.115
69.02,160.1,0.85899,0.77782,0.93947
-1.3,162.61,1.4017,1.3349,1.466
62.55,162.61,0.97252,0.89093,1.0517
69.02,165.12,0.8857,0.80115,0.96907
69.02,167.63,0.88755,0.80176,0.97115
62.55,170.14,0.96438,0.88774,1.0384
69.02,170.14,0.90518,0.81887,0.99117
69.02,172.65,0.89453,0.80561,0.98166
69.02,175.16,0.89304,0.80166,0.98281
-48.63,177.67,1.0652,0.98815,1.1429
-44.82,177.67,1.0792,0.9892,1.1721
