-67.4,-70.5,NaN,0.6095,0.17921,0.94519
-67.4,-67.5,NaN,0.61685,0.17665,0.9531
-67.4,-64.5,NaN,0.54859,0.12957,0.92224
-67.4,-61.5,0,0.49517,0.097301,0.89246
-67.4,46.5,NaN,0.25737,0.0014011,0.75548
-67.4,49.5,NaN,0.25587,0.0013355,0.74774
-67.4,52.5,NaN,0.25649,0.0012237,0.74075
-67.4,76.5,0,0.12891,8.5104e-07,0.53268
-67.4,79.5,0,0.13219,9.3644e-07,0.54083
-67.4,94.5,NaN,0.23853,0.0005287,0.68857
-67.4,97.5,NaN,0.27942,0.0014057,0.73818
-67.4,100.5,NaN,0.29271,0.0023031,0.74983
-67.4,103.5,NaN,0.31626,0.0039693,0.77225
-67.4,106.5,NaN,0.32287,0.0052618,0.77477
-67.4,109.5,NaN,0.34637,0.0083157,0.797
-67.4,112.5,NaN,0.37002,0.012566,0.81695
-67.4,115.5,NaN,0.39374,0.017481,0.83597
-67.4,118.5,NaN,0.41739,0.024725,0.85459
-67.4,121.5,NaN,0.44088,0.033878,0.8725
-67.4,124.5,NaN,0.46408,0.043264,0.88835
-67.4,127.5,NaN,0.50602,0.061911,0.91391
-67.4,130.5,NaN,0.52829,0.074972,0.92674
-67.4,133.5,NaN,0.54987,0.091405,0.93829
-67.4,136.5,NaN,0.57067,0.10859,0.9487
-67.4,139.5,NaN,0.59061,0.12719,0.95765
-67.4,142.5,NaN,0.60961,0.14384,0.96378
-67.4,145.5,NaN,0.60943,0.14626,0.96487
-67.4,148.5,NaN,0.64217,0.17683,0.97443
-54.75,-70.5,1,0.60022,0.22522,0.9205
-54.75,-67.5,1,0.5948,0.22198,0.91652
-49.8,-70.5,0,0.72128,0.39468,0.9498
-49.8,-67.5,NaN,0.60648,0.28962,0.88728
-49.8,148.5,NaN,0.86634,0.60238,0.9978
-49.8,178.5,NaN,0.94995,0.75214,1
-45.32,-178.5,1,0.81774,0.30035,1
-45.32,-70.5,1,0.57499,0.26089,0.86279
-45.32,145.5,NaN,0.86596,0.61168,0.99598
-45.32,148.5,NaN,0.8824,0.64113,0.99769
-45.32,175.5,1,0.95863,0.77061,1
-45.32,178.5,1,0.95849,0.76749,1
-41.17,-67.5,NaN,0.43166,0.14676,0.75131
-41.17,-64.5,NaN,0.43501,0.14008,0.76723
-41.17,-55.5,0,0.49338,0.1298,0.86605
-41.17,-52.5,1,0.49217,0.12899,0.86333
-41.17,112.5,NaN,0.7609,0.4847,0.95243
-41.17,115.5,NaN,0.73528,0.45112,0.94433
-41.17,118.5,NaN,0.76733,0.49139,0.95938
-41.17,121.5,NaN,0.79077,0.51814,0.9705
-41.17,133.5,NaN,0.82594,0.55157,0.98696
-41.17,136.5,NaN,0.81526,0.52386,0.98764
-41.17,139.5,NaN,0.84255,0.55561,0.99301
-41.17,142.5,1,0.84793,0.55267,0.9952
-41.17,145.5,1,0.84715,0.54402,0.99575
-41.17,148.5,1,0.86231,0.57964,0.99686
-41.17,151.5,1,0.90862,0.6925,0.99896
-41.17,178.5,1,0.96606,0.82105,1
-37.27,-70.5,NaN,0.32981,0.08364,0.6362
-37.27,-67.5,NaN,0.30825,0.070802,0.61901
-37.27,-64.5,NaN,0.28684,0.055658,0.60005
-37.27,-58.5,NaN,0.29811,0.056358,0.62668
-37.27,19.5,1,0.59953,0.19672,0.94007
-37.27,112.5,NaN,0.78684,0.54067,0.95691
-37.27,115.5,NaN,0.74612,0.4707,0.94625
-37.27,118.5,NaN,0.7767,0.51245,0.95871
-37.27,121.5,NaN,0.80793,0.5521,0.97179
-37.27,124.5,NaN,0.81993,0.56434,0.97755
-37.27,127.5,NaN,0.82629,0.56775,0.98133
-37.27,130.5,NaN,0.8168,0.54344,0.98127
-37.27,133.5,NaN,0.80596,0.51933,0.98097
-37.27,136.5,NaN,0.78133,0.46906,0.97929
-37.27,139.5,NaN,0.8128,0.52048,0.98572
-37.27,142.5,NaN,0.82929,0.54954,0.98907
-37.27,145.5,NaN,0.83109,0.54267,0.98998
-37.27,148.5,NaN,0.87302,0.63475,0.9944
-37.27,151.5,NaN,0.91672,0.73666,0.99791
-33.57,-67.5,NaN,0.20215,0.020599,0.47644
-33.57,-64.5,NaN,0.13968,0.0084001,0.37848
-33.57,-61.5,NaN,0.15061,0.0099759,0.39805
-33.57,-58.5,NaN,0.18461,0.016309,0.4494
-33.57,-52.5,NaN,0.19651,0.022096,0.46007
-33.57,16.5,NaN,0.68491,0.28749,0.96551
-33.57,19.5,1,0.57848,0.17227,0.93546
-33.57,22.5,NaN,0.71779,0.30596,0.97835
-33.57,25.5,NaN,0.73693,0.3445,0.97865
-33.57,112.5,NaN,0.82873,0.60649,0.96996
-33.57,115.5,NaN,0.79876,0.55048,0.96375
-33.57,118.5,NaN,0.78739,0.52658,0.96371
-33.57,121.5,NaN,0.77534,0.49715,0.96346
-33.57,124.5,NaN,0.78242,0.50104,0.9681
-33.57,127.5,NaN,0.78653,0.49882,0.97184
-33.57,130.5,NaN,0.77662,0.46997,0.97288
-33.57,133.5,NaN,0.7615,0.43343,0.97285
-33.57,136.5,0,0.73643,0.37798,0.97166
-33.57,139.5,NaN,0.75623,0.40902,0.97548
-33.57,142.5,NaN,0.81732,0.52686,0.98431
-33.57,145.5,NaN,0.86827,0.6371,0.99119
-33.57,148.5,NaN,0.90884,0.72866,0.99569
-33.57,151.5,NaN,0.93715,0.7963,0.99818
-30.02,-67.5,NaN,0.17023,0.0058054,0.46953
-30.02,-64.5,0,0.074291,0.00064274,0.25728
-30.02,-61.5,0,0.075481,0.00069386,0.2566
-30.02,-52.5,NaN,0.10987,0.0040148,0.30947
-30.02,-49.5,NaN,0.14199,0.0088461,0.36079
-30.02,13.5,NaN,0.6275,0.28381,0.91781
-30.02,16.5,NaN,0.59818,0.24108,0.91142
-30.02,19.5,NaN,0.55695,0.19031,0.90124
-30.02,22.5,NaN,0.56039,0.18854,0.90596
-30.02,25.5,NaN,0.71206,0.33986,0.96459
-30.02,28.5,NaN,0.72433,0.36923,0.96394
-30.02,115.5,NaN,0.87997,0.69209,0.98641
-30.02,118.5,NaN,0.8756,0.67937,0.98628
-30.02,121.5,NaN,0.84893,0.61955,0.98206
-30.02,124.5,NaN,0.81303,0.54329,0.97772
-30.02,127.5,NaN,0.7945,0.50292,0.97646
-30.02,130.5,NaN,0.78511,0.47588,0.97702
-30.02,133.5,NaN,0.81407,0.52463,0.98236
-30.02,136.5,NaN,0.83475,0.56228,0.98656
-30.02,139.5,1,0.84527,0.57617,0.98887
-30.02,142.5,NaN,0.87452,0.64323,0.99191
-30.02,145.5,NaN,0.91129,0.73136,0.99565
-26.59,-67.5,0,0.11933,0.0011419,0.37798
-26.59,-64.5,0,0.082096,0.0004088,0.28921
-26.59,-61.5,0,0.04731,0.00010997,0.17922
-26.59,-52.5,NaN,0.081295,0.0015175,0.24583
-26.59,-49.5,NaN,0.098515,0.0032508,0.27608
-26.59,13.5,NaN,0.75666,0.44403,0.96368
-26.59,16.5,NaN,0.59219,0.26364,0.88908
-26.59,19.5,NaN,0.53895,0.18965,0.87799
-26.59,22.5,NaN,0.53217,0.17192,0.88418
-26.59,25.5,NaN,0.61685,0.26618,0.916
-26.59,28.5,NaN,0.75108,0.42954,0.9649
-26.59,37.5,0,0.75898,0.43897,0.96944
-26.59,43.5,NaN,0.83158,0.56103,0.98316
-26.59,121.5,NaN,0.90651,0.73412,0.99413
-26.59,124.5,NaN,0.8867,0.68586,0.9921
-26.59,127.5,NaN,0.88847,0.68531,0.99294
-26.59,130.5,NaN,0.87584,0.65209,0.99205
-26.59,133.5,NaN,0.89731,0.70136,0.9947
-26.59,136.5,NaN,0.91042,0.72851,0.99622
-26.59,139.5,NaN,0.92445,0.7612,0.99739
-26.59,142.5,NaN,0.92377,0.7588,0.99735
-23.26,-64.5,NaN,0.13697,0.0018228,0.41995
-23.26,-61.5,NaN,0.051049,0.00020165,0.1874
-23.26,-58.5,NaN,0.066302,0.00049433,0.22493
-23.26,-55.5,NaN,0.073877,0.00093165,0.23796
-23.26,-52.5,NaN,0.07095,0.0011181,0.22821
-23.26,-49.5,NaN,0.097263,0.0031882,0.27717
-23.26,-46.5,NaN,0.19009,0.017242,0.43626
-23.26,13.5,NaN,0.80895,0.51309,0.98003
-23.26,16.5,NaN,0.674,0.3656,0.9196
-23.26,19.5,NaN,0.55331,0.21592,0.87076
-23.26,22.5,NaN,0.54072,0.18907,0.87738
-23.26,25.5,NaN,0.62309,0.28797,0.90761
-23.26,28.5,NaN,0.6925,0.37823,0.93361
-23.26,31.5,NaN,0.75501,0.46655,0.95449
-23.26,43.5,NaN,0.85836,0.6273,0.98505
-23.26,46.5,NaN,0.84734,0.62687,0.97896
-23.26,130.5,NaN,0.925,0.75829,0.99813
-23.26,133.5,NaN,0.93035,0.77041,0.99859
-23.26,178.5,NaN,0.96283,0.84552,0.99992
-20.01,-67.5,0,0.10732,0.00075616,0.36638
-20.01,-64.5,0,0.20025,0.0031484,0.57861
-20.01,-61.5,0,0.057787,0.00017915,0.22386
-20.01,-58.5,NaN,0.068276,0.00052465,0.24223
-20.01,-55.5,NaN,0.077936,0.0011568,0.25697
-20.01,-52.5,NaN,0.12395,0.0045567,0.35296
-20.01,-49.5,NaN,0.10828,0.00462,0.30412
-20.01,-46.5,NaN,0.15177,0.012701,0.36804
-20.01,-43.5,NaN,0.2883,0.051649,0.56819
-20.01,-40.5,NaN,0.39266,0.096931,0.70531
-20.01,13.5,NaN,0.64785,0.37652,0.88394
-20.01,16.5,NaN,0.60333,0.29947,0.87555
-20.01,19.5,NaN,0.5474,0.20881,0.86714
-20.01,22.5,NaN,0.52127,0.16584,0.86941
-20.01,25.5,NaN,0.60615,0.26964,0.89849
-20.01,28.5,NaN,0.6902,0.39032,0.9266
-20.01,31.5,NaN,0.75612,0.49246,0.9473
-20.01,34.5,NaN,0.79433,0.55018,0.96068
-20.01,46.5,NaN,0.89044,0.70479,0.98964
-16.83,-67.5,NaN,0.377,0.049507,0.74938
-16.83,-64.5,NaN,0.35167,0.039065,0.72855
-16.83,-61.5,NaN,0.13239,0.0054625,0.37539
-16.83,-58.5,NaN,0.10485,0.0029233,0.32597
-16.83,-55.5,NaN,0.10965,0.0038321,0.33277
-16.83,-52.5,NaN,0.1571,0.0097333,0.4161
-16.83,-49.5,NaN,0.179,0.017765,0.42709
-16.83,-46.5,NaN,0.17631,0.021453,0.4143
-16.83,-43.5,NaN,0.38671,0.095106,0.70218
-16.83,-40.5,NaN,0.49037,0.16039,0.79941
-16.83,10.5,NaN,0.70562,0.45867,0.90626
-16.83,13.5,NaN,0.79354,0.53978,0.96318
-16.83,16.5,NaN,0.62192,0.32221,0.88222
-16.83,19.5,NaN,0.56537,0.22743,0.87477
-16.83,22.5,NaN,0.51052,0.14355,0.87395
-16.83,25.5,NaN,0.59051,0.23891,0.89876
-16.83,28.5,NaN,0.66194,0.33717,0.92212
-16.83,31.5,NaN,0.82971,0.57229,0.97991
-16.83,34.5,NaN,0.83621,0.60081,0.97755
-16.83,37.5,NaN,0.81448,0.58172,0.96665
-16.83,145.5,NaN,0.97106,0.86769,0.99999
-13.71,-178.5,1,0.84871,0.39705,0.99999
-13.71,-70.5,NaN,0.63963,0.23721,0.93199
-13.71,-67.5,NaN,0.53687,0.17699,0.85398
-13.71,-64.5,NaN,0.29555,0.061677,0.58826
-13.71,-61.5,NaN,0.24395,0.038052,0.53077
-13.71,-58.5,NaN,0.19671,0.022099,0.48472
-13.71,-55.5,NaN,0.2494,0.031593,0.57964
-13.71,-52.5,NaN,0.26082,0.036224,0.59047
-13.71,-49.5,NaN,0.23826,0.03726,0.53348
-13.71,-46.5,NaN,0.22051,0.036882,0.49443
-13.71,-43.5,NaN,0.50308,0.1871,0.80486
-13.71,-40.5,NaN,0.59008,0.26111,0.86358
-13.71,-37.5,NaN,0.50858,0.23864,0.74922
-13.71,13.5,NaN,0.791,0.54838,0.95786
-13.71,16.5,NaN,0.66481,0.37291,0.90586
-13.71,19.5,NaN,0.60852,0.27083,0.89768
-13.71,22.5,NaN,0.55104,0.17913,0.89432
-13.71,25.5,NaN,0.55542,0.17154,0.90449
-13.71,28.5,NaN,0.6226,0.25284,0.92518
-13.71,31.5,NaN,0.79376,0.48877,0.97747
-13.71,34.5,NaN,0.84163,0.59296,0.98261
-13.71,37.5,NaN,0.83355,0.60182,0.97649
-13.71,130.5,1,0.96312,0.83507,0.99999
-13.71,139.5,NaN,0.9664,0.84379,1
-13.71,148.5,1,0.95504,0.79102,1
-10.62,-73.5,NaN,0.75664,0.4316,0.96511
-10.62,-70.5,NaN,0.55343,0.25163,0.84093
-10.62,-67.5,NaN,0.49647,0.20152,0.79769
-10.62,-64.5,NaN,0.43828,0.15531,0.75133
-10.62,-61.5,NaN,0.37017,0.10496,0.69524
-10.62,-58.5,NaN,0.42229,0.12705,0.76308
-10.62,-55.5,NaN,0.42095,0.13872,0.74257
-10.62,-52.5,NaN,0.33945,0.10182,0.63373
-10.62,-49.5,NaN,0.34663,0.1115,0.62938
-10.62,-46.5,NaN,0.36964,0.13554,0.6364
-10.62,-43.5,NaN,0.60563,0.29835,0.8672
-10.62,-40.5,NaN,0.64532,0.3496,0.88257
-10.62,-37.5,NaN,0.66188,0.39011,0.87764
-10.62,13.5,NaN,0.72692,0.46004,0.93322
-10.62,16.5,NaN,0.67882,0.37913,0.92166
-10.62,19.5,NaN,0.62149,0.27681,0.91292
-10.62,22.5,NaN,0.56358,0.17776,0.91166
-10.62,25.5,NaN,0.67382,0.27712,0.95819
-10.62,28.5,NaN,0.81187,0.47627,0.98831
-10.62,31.5,NaN,0.85918,0.57452,0.99341
-10.62,34.5,NaN,0.84043,0.5775,0.98548
-10.62,37.5,1,0.84646,0.59322,0.98669
-10.62,142.5,1,0.96569,0.83457,1
-10.62,145.5,1,0.96391,0.82639,1
-7.56,-73.5,1,0.76379,0.46277,0.96737
-7.56,-70.5,NaN,0.6974,0.38533,0.94057
-7.56,-67.5,NaN,0.62758,0.30771,0.9115
-7.56,-64.5,1,0.57276,0.23948,0.88637
-7.56,-61.5,NaN,0.48781,0.16649,0.83348
-7.56,-58.5,NaN,0.47728,0.17476,0.80483
-7.56,-55.5,NaN,0.51313,0.23465,0.79719
-7.56,-52.5,NaN,0.54191,0.28465,0.79578
-7.56,-49.5,NaN,0.5478,0.30275,0.78608
-7.56,-46.5,NaN,0.5475,0.31116,0.77432
-7.56,-43.5,NaN,0.57339,0.34416,0.78638
-7.56,-40.5,NaN,0.5425,0.31515,0.7586
-7.56,-37.5,NaN,0.68678,0.45252,0.87722
-7.56,-34.5,NaN,0.75272,0.50155,0.9331
-7.56,13.5,NaN,0.71818,0.42514,0.94066
-7.56,16.5,NaN,0.65935,0.33255,0.92704
-7.56,19.5,NaN,0.59785,0.22859,0.91664
-7.56,22.5,NaN,0.54208,0.14334,0.91572
-7.56,25.5,NaN,0.71363,0.32955,0.96865
-7.56,28.5,NaN,0.83769,0.52403,0.99166
-7.56,31.5,NaN,0.88546,0.6343,0.99573
-7.56,34.5,NaN,0.88241,0.65306,0.99297
-7.56,37.5,NaN,0.85139,0.61112,0.98679
-7.56,112.5,NaN,0.98074,0.91086,1
-7.56,169.5,1,0.96744,0.82925,1
-4.53,-76.5,NaN,0.90486,0.70226,0.99584
-4.53,-73.5,0,0.80948,0.54757,0.97619
-4.53,-70.5,NaN,0.75606,0.46767,0.96236
-4.53,-67.5,1,0.72585,0.41194,0.95654
-4.53,-64.5,1,0.69299,0.37334,0.94293
-4.53,-61.5,NaN,0.61192,0.28641,0.90017
-4.53,-58.5,NaN,0.59759,0.29482,0.87417
-4.53,-55.5,NaN,0.6408,0.38192,0.87308
-4.53,-52.5,NaN,0.68183,0.45106,0.88182
-4.53,-49.5,NaN,0.70188,0.48221,0.88689
-4.53,-46.5,NaN,0.68271,0.4678,0.86704
-4.53,-43.5,NaN,0.71205,0.49417,0.88941
-4.53,-40.5,NaN,0.67822,0.46563,0.8607
-4.53,-37.5,NaN,0.72541,0.51605,0.89313
-4.53,10.5,NaN,0.7231,0.41894,0.94979
-4.53,13.5,NaN,0.68054,0.35423,0.93762
-4.53,16.5,NaN,0.62372,0.26487,0.92277
-4.53,19.5,NaN,0.56754,0.18416,0.91443
-4.53,22.5,NaN,0.51087,0.11115,0.90843
-4.53,25.5,NaN,0.7414,0.35624,0.9773
-4.53,28.5,NaN,0.83364,0.51478,0.99093
-4.53,31.5,NaN,0.88615,0.63985,0.99563
-4.53,34.5,NaN,0.86253,0.62488,0.98921
-4.53,40.5,1,0.84477,0.58657,0.98798
-4.53,109.5,1,0.97875,0.89386,1
-4.53,112.5,1,0.98075,0.90474,1
-4.53,121.5,NaN,0.98874,0.94387,1
-1.51,-76.5,NaN,0.90961,0.7412,0.99325
-1.51,-73.5,NaN,0.80828,0.5927,0.95864
-1.51,-70.5,NaN,0.76247,0.51986,0.9439
-1.51,-67.5,NaN,0.76793,0.53159,0.94571
-1.51,-64.5,NaN,0.73301,0.48249,0.92964
-1.51,-61.5,NaN,0.66351,0.38291,0.90069
-1.51,-58.5,NaN,0.6212,0.3328,0.8786
-1.51,-55.5,NaN,0.66907,0.42061,0.88417
-1.51,-52.5,NaN,0.7227,0.50347,0.90199
-1.51,10.5,1,0.70893,0.36523,0.95993
-1.51,13.5,NaN,0.64247,0.28817,0.93291
-1.51,16.5,NaN,0.5716,0.19966,0.90822
-1.51,19.5,NaN,0.50339,0.1219,0.89084
-1.51,22.5,NaN,0.4535,0.072503,0.88297
-1.51,25.5,NaN,0.6183,0.22685,0.93728
-1.51,28.5,NaN,0.79102,0.44752,0.98282
-1.51,31.5,NaN,0.84734,0.56117,0.99033
-1.51,34.5,NaN,0.84604,0.59453,0.98571
-1.51,37.5,0,0.80453,0.53442,0.9769
-1.51,103.5,1,0.9743,0.88051,1
-1.51,106.5,1,0.97341,0.87313,1
-1.51,109.5,NaN,0.9787,0.89757,1
-1.51,112.5,NaN,0.98292,0.91662,1
-1.51,115.5,1,0.98826,0.94213,1
-1.51,124.5,1,0.99399,0.96816,1
-1.51,127.5,1,0.99456,0.9714,1
-1.51,157.5,1,0.98289,0.90571,1
-1.51,163.5,1,0.97868,0.8833,1
1.51,-73.5,NaN,0.85749,0.68671,0.97189
1.51,-70.5,1,0.78901,0.57595,0.94665
1.51,-67.5,NaN,0.79782,0.58532,0.95
1.51,-64.5,NaN,0.8157,0.60191,0.96257
1.51,-61.5,NaN,0.80983,0.56007,0.96945
1.51,-58.5,NaN,0.74213,0.48231,0.93761
1.51,-55.5,1,0.68279,0.4171,0.90371
1.51,-52.5,NaN,0.69117,0.44253,0.8986
1.51,-49.5,NaN,0.74464,0.52007,0.91947
1.51,4.5,1,0.68155,0.34088,0.94596
1.51,10.5,NaN,0.73948,0.43387,0.95901
1.51,13.5,NaN,0.59947,0.26634,0.90074
1.51,16.5,NaN,0.52252,0.17307,0.86641
1.51,19.5,NaN,0.44947,0.098405,0.84544
1.51,22.5,NaN,0.38546,0.04735,0.82625
1.51,25.5,NaN,0.4351,0.086183,0.83735
1.51,28.5,NaN,0.65929,0.29946,0.93618
1.51,31.5,NaN,0.74494,0.4222,0.95941
1.51,34.5,NaN,0.73589,0.45194,0.94376
1.51,37.5,NaN,0.70267,0.43617,0.91965
1.51,40.5,NaN,0.72135,0.463,0.925
1.51,43.5,NaN,0.74641,0.50328,0.93173
1.51,100.5,NaN,0.97074,0.88001,0.99994
1.51,103.5,NaN,0.97315,0.8833,0.99998
1.51,106.5,1,0.97856,0.90236,0.99999
1.51,115.5,NaN,0.99301,0.96436,1
1.51,118.5,1,0.99299,0.96401,1
1.51,130.5,NaN,0.99595,0.97947,1
1.51,133.5,NaN,0.99673,0.98334,1
4.53,-73.5,NaN,0.82928,0.64042,0.95925
4.53,-70.5,NaN,0.82789,0.62374,0.9644
4.53,-67.5,0,0.78365,0.5387,0.95545
4.53,-64.5,NaN,0.8554,0.62357,0.98474
4.53,-61.5,NaN,0.84225,0.58055,0.98595
4.53,-58.5,NaN,0.78055,0.51413,0.95999
4.53,-55.5,NaN,0.71569,0.44685,0.92447
4.53,-52.5,NaN,0.81875,0.58319,0.96948
4.53,-49.5,NaN,0.73501,0.48919,0.92426
4.53,-10.5,NaN,0.73181,0.47184,0.93368
4.53,-7.5,NaN,0.72955,0.46177,0.93673
4.53,-4.5,NaN,0.66604,0.3855,0.90657
4.53,-1.5,NaN,0.66181,0.37524,0.90856
4.53,4.5,NaN,0.65357,0.35753,0.90769
4.53,7.5,NaN,0.72652,0.4357,0.94497
4.53,10.5,NaN,0.77017,0.46059,0.96935
4.53,13.5,NaN,0.68499,0.362,0.93278
4.53,16.5,NaN,0.53816,0.21064,0.85469
4.53,19.5,NaN,0.37238,0.070241,0.75678
4.53,22.5,NaN,0.31086,0.029848,0.73521
4.53,25.5,NaN,0.32359,0.038489,0.73702
4.53,28.5,NaN,0.36956,0.07207,0.74756
4.53,31.5,NaN,0.42624,0.12599,0.77057
4.53,34.5,NaN,0.53544,0.24209,0.81688
4.53,37.5,NaN,0.54831,0.27279,0.81228
4.53,40.5,NaN,0.55842,0.28547,0.81552
4.53,43.5,NaN,0.58924,0.324,0.8295
4.53,73.5,1,0.81867,0.53476,0.98416
4.53,100.5,1,0.95249,0.82796,0.99949
4.53,103.5,1,0.96472,0.86099,0.99981
4.53,112.5,1,0.98566,0.934,0.99999
4.53,115.5,1,0.98901,0.94807,1
4.53,118.5,1,0.99135,0.95774,1
4.53,130.5,1,0.99285,0.96441,1
4.53,133.5,1,0.99235,0.96119,1
4.53,136.5,1,0.99209,0.95833,1
7.56,-64.5,0,0.73924,0.43947,0.95022
7.56,-61.5,1,0.82176,0.53392,0.98251
7.56,-58.5,NaN,0.77172,0.48154,0.96304
7.56,-55.5,1,0.71558,0.40915,0.94108
7.56,-10.5,NaN,0.78503,0.49192,0.96864
7.56,-7.5,NaN,0.76457,0.46261,0.96204
7.56,-4.5,NaN,0.63272,0.35423,0.88081
7.56,-1.5,NaN,0.55381,0.27871,0.82594
7.56,1.5,NaN,0.56944,0.29986,0.83423
7.56,4.5,NaN,0.53083,0.26176,0.80794
7.56,7.5,NaN,0.58846,0.31216,0.84846
7.56,10.5,NaN,0.44833,0.17916,0.75292
7.56,13.5,NaN,0.42619,0.15226,0.73587
7.56,16.5,NaN,0.33642,0.077031,0.67671
7.56,19.5,NaN,0.27625,0.035443,0.64675
7.56,22.5,NaN,0.22594,0.012497,0.62075
7.56,25.5,NaN,0.24155,0.020189,0.61884
7.56,28.5,NaN,0.27996,0.042411,0.63252
7.56,31.5,NaN,0.33486,0.082358,0.65986
7.56,34.5,NaN,0.52659,0.22431,0.81414
7.56,37.5,1,0.55352,0.2581,0.82779
7.56,49.5,0,0.49773,0.22215,0.76465
7.56,73.5,1,0.73243,0.39081,0.96724
7.56,76.5,1,0.74932,0.41905,0.9705
7.56,100.5,1,0.92644,0.76468,0.99774
7.56,103.5,1,0.95052,0.82434,0.99924
7.56,106.5,1,0.96145,0.8598,0.99959
7.56,115.5,1,0.98499,0.93361,0.99999
7.56,118.5,1,0.98782,0.94477,1
7.56,127.5,1,0.99013,0.95076,1
7.56,130.5,1,0.98977,0.94897,1
7.56,133.5,1,0.98981,0.94774,1
7.56,145.5,1,0.99027,0.94807,1
10.62,-82.5,1,0.89474,0.74362,0.98446
10.62,-13.5,1,0.77089,0.4951,0.9566
10.62,-10.5,NaN,0.62323,0.35256,0.86752
10.62,-7.5,NaN,0.47405,0.19251,0.76938
10.62,-4.5,NaN,0.45324,0.17951,0.75082
10.62,-1.5,NaN,0.45027,0.18528,0.73826
10.62,1.5,NaN,0.44619,0.18953,0.72567
10.62,4.5,NaN,0.40231,0.15089,0.6932
10.62,7.5,NaN,0.45424,0.19238,0.73662
10.62,10.5,NaN,0.3307,0.096628,0.62968
10.62,13.5,NaN,0.27611,0.05648,0.59031
10.62,16.5,NaN,0.23002,0.029666,0.55593
10.62,19.5,NaN,0.18605,0.011846,0.52345
10.62,22.5,NaN,0.16653,0.0073878,0.49812
10.62,25.5,NaN,0.30352,0.049775,0.66546
10.62,28.5,NaN,0.33352,0.078525,0.66394
10.62,31.5,NaN,0.24383,0.047104,0.52337
10.62,34.5,NaN,0.43299,0.14224,0.75052
10.62,37.5,1,0.44843,0.14521,0.77525
10.62,40.5,0,0.32578,0.075097,0.64724
10.62,43.5,NaN,0.35646,0.10086,0.65738
10.62,46.5,0,0.36429,0.10856,0.65663
10.62,70.5,NaN,0.68261,0.38409,0.92231
10.62,73.5,NaN,0.57257,0.25875,0.86642
10.62,76.5,NaN,0.68426,0.39227,0.91963
10.62,79.5,NaN,0.73671,0.4662,0.93934
10.62,97.5,0,0.91731,0.75535,0.99632
10.62,100.5,1,0.90626,0.721,0.99639
10.62,103.5,1,0.93696,0.79407,0.99845
10.62,106.5,NaN,0.96335,0.86869,0.99939
10.62,109.5,1,0.97141,0.89254,0.9997
10.62,121.5,1,0.98872,0.95085,1
13.71,-85.5,1,0.83684,0.62532,0.97392
13.71,-64.5,1,0.81055,0.59756,0.95812
13.71,-16.5,NaN,0.66656,0.43065,0.8707
13.71,-13.5,NaN,0.60636,0.3641,0.83037
13.71,-10.5,NaN,0.51857,0.2618,0.77349
13.71,-7.5,NaN,0.43616,0.17248,0.72577
13.71,-4.5,NaN,0.35807,0.096559,0.68404
13.71,-1.5,NaN,0.35322,0.10284,0.66715
13.71,1.5,NaN,0.33879,0.10029,0.64051
13.71,4.5,NaN,0.30171,0.075764,0.6046
13.71,7.5,NaN,0.26951,0.05834,0.56941
13.71,10.5,NaN,0.2316,0.038572,0.5296
13.71,13.5,NaN,0.18793,0.018989,0.49024
13.71,16.5,NaN,0.16743,0.014198,0.45638
13.71,19.5,NaN,0.14923,0.010893,0.42473
13.71,22.5,NaN,0.13038,0.0075674,0.3925
13.71,25.5,NaN,0.18003,0.024413,0.44208
13.71,28.5,NaN,0.17221,0.02911,0.40211
13.71,31.5,NaN,0.16311,0.028079,0.37117
13.71,34.5,NaN,0.19145,0.040555,0.40795
13.71,40.5,0,0.24625,0.051235,0.51335
13.71,43.5,NaN,0.17051,0.027405,0.38672
13.71,52.5,0,0.15908,0.02192,0.38059
13.71,70.5,1,0.59375,0.27455,0.87225
13.71,73.5,NaN,0.56861,0.27183,0.84454
13.71,76.5,NaN,0.56577,0.26516,0.84501
13.71,79.5,NaN,0.69289,0.41184,0.91642
13.71,82.5,NaN,0.79611,0.55487,0.96186
13.71,97.5,NaN,0.93729,0.79095,0.99845
13.71,100.5,1,0.9237,0.74256,0.99854
13.71,103.5,NaN,0.9526,0.82483,0.99942
13.71,106.5,1,0.9689,0.87673,0.99978
16.83,-94.5,1,0.79141,0.52961,0.96528
16.83,-91.5,NaN,0.78885,0.53567,0.96317
16.83,-88.5,NaN,0.83925,0.61558,0.97781
16.83,-85.5,NaN,0.82743,0.60421,0.97356
16.83,-73.5,1,0.84751,0.6276,0.98119
16.83,-70.5,1,0.8466,0.62912,0.98028
16.83,-67.5,1,0.84087,0.62792,0.97592
16.83,-13.5,NaN,0.59168,0.36612,0.80526
16.83,-10.5,NaN,0.49029,0.24461,0.74367
16.83,-7.5,NaN,0.3928,0.1332,0.69194
16.83,-4.5,NaN,0.31547,0.06709,0.6504
16.83,-1.5,NaN,0.28149,0.049041,0.62118
16.83,1.5,NaN,0.26251,0.044102,0.58854
16.83,4.5,NaN,0.23033,0.031135,0.5519
16.83,7.5,NaN,0.20028,0.021359,0.51199
16.83,10.5,NaN,0.20034,0.029415,0.47874
16.83,13.5,NaN,0.19221,0.032688,0.44437
16.83,16.5,NaN,0.17297,0.028649,0.40893
16.83,19.5,NaN,0.14706,0.020525,0.36569
16.83,22.5,NaN,0.12066,0.012836,0.3217
16.83,25.5,NaN,0.10316,0.0095056,0.28464
16.83,28.5,NaN,0.11106,0.015446,0.27773
16.83,31.5,NaN,0.12314,0.020791,0.28676
16.83,34.5,NaN,0.13349,0.022995,0.30331
16.83,40.5,NaN,0.10987,0.014074,0.27219
16.83,43.5,NaN,0.06938,0.0048556,0.19821
16.83,46.5,NaN,0.075602,0.0049986,0.21476
16.83,52.5,0,0.074215,0.0026938,0.23049
16.83,55.5,0,0.087662,0.0036143,0.26413
16.83,73.5,NaN,0.47042,0.17286,0.77129
16.83,76.5,NaN,0.50242,0.18945,0.81811
16.83,79.5,NaN,0.6319,0.31324,0.90386
16.83,82.5,NaN,0.76916,0.4825,0.96617
16.83,85.5,NaN,0.84963,0.5999,0.98852
16.83,91.5,NaN,0.95916,0.84632,0.99964
16.83,94.5,NaN,0.94912,0.8052,0.99965
16.83,97.5,NaN,0.95326,0.81705,0.99981
16.83,100.5,1,0.95781,0.82421,0.99991
16.83,103.5,NaN,0.97681,0.89679,0.99997
16.83,121.5,1,0.99085,0.95592,1
20.01,-97.5,NaN,0.82891,0.58846,0.97478
20.01,-94.5,1,0.79254,0.53856,0.96502
20.01,-76.5,1,0.82941,0.5963,0.9765
20.01,-73.5,0,0.83523,0.6115,0.97763
20.01,-13.5,NaN,0.615,0.39264,0.81974
20.01,-10.5,NaN,0.52052,0.27767,0.76489
20.01,-7.5,NaN,0.44443,0.18883,0.72132
20.01,-4.5,NaN,0.36927,0.11521,0.67989
20.01,-1.5,NaN,0.29948,0.060591,0.63335
20.01,1.5,NaN,0.23824,0.027382,0.58952
20.01,4.5,NaN,0.24236,0.039728,0.55805
20.01,7.5,NaN,0.2386,0.048305,0.52712
20.01,10.5,NaN,0.23754,0.059492,0.49991
20.01,13.5,NaN,0.23189,0.064,0.46881
20.01,16.5,NaN,0.20813,0.054361,0.42812
20.01,19.5,NaN,0.1709,0.037344,0.37665
20.01,22.5,NaN,0.13192,0.021261,0.31868
20.01,25.5,NaN,0.092506,0.0087188,0.25705
20.01,28.5,NaN,0.092282,0.010286,0.24459
20.01,31.5,NaN,0.091583,0.0097362,0.23592
20.01,37.5,NaN,0.16444,0.01751,0.40508
20.01,40.5,NaN,0.14097,0.010775,0.37975
20.01,43.5,NaN,0.044536,0.0014618,0.14268
20.01,52.5,0,0.056963,0.0012794,0.18881
20.01,64.5,0,0.17398,0.013475,0.43887
20.01,67.5,NaN,0.24376,0.035736,0.53354
20.01,70.5,NaN,0.3381,0.07651,0.65225
20.01,73.5,NaN,0.42915,0.13074,0.75647
20.01,76.5,NaN,0.48794,0.16395,0.82433
20.01,79.5,NaN,0.58421,0.2325,0.90227
20.01,82.5,NaN,0.72843,0.38399,0.96784
20.01,85.5,NaN,0.85063,0.57016,0.99412
20.01,88.5,NaN,0.92225,0.71751,0.99933
20.01,91.5,1,0.94203,0.76481,0.99986
20.01,94.5,NaN,0.98487,0.92619,1
20.01,97.5,1,0.99119,0.95469,1
20.01,100.5,NaN,0.99277,0.9625,1
20.01,103.5,NaN,0.98739,0.93829,1
20.01,106.5,NaN,0.98981,0.94956,1
20.01,109.5,NaN,0.98819,0.94052,1
23.26,-100.5,NaN,0.78985,0.51597,0.96582
23.26,-97.5,NaN,0.79583,0.51928,0.96927
23.26,-85.5,NaN,0.70211,0.44971,0.9104
23.26,-13.5,NaN,0.67607,0.4482,0.87083
23.26,-10.5,NaN,0.62845,0.38908,0.84446
23.26,-7.5,NaN,0.55486,0.29764,0.80572
23.26,-4.5,NaN,0.47457,0.20648,0.76037
23.26,-1.5,NaN,0.39264,0.12825,0.70883
23.26,1.5,NaN,0.32283,0.075499,0.66005
23.26,4.5,NaN,0.32307,0.090524,0.62955
23.26,7.5,NaN,0.32818,0.10873,0.60783
23.26,10.5,1,0.31682,0.1047,0.58686
23.26,13.5,NaN,0.31619,0.11598,0.56799
23.26,16.5,NaN,0.29893,0.10305,0.544
23.26,19.5,NaN,0.24618,0.070509,0.48053
23.26,22.5,NaN,0.18182,0.03777,0.39629
23.26,25.5,NaN,0.12257,0.016202,0.31192
23.26,28.5,NaN,0.10187,0.0093641,0.27363
23.26,31.5,0,0.092024,0.0056218,0.26163
23.26,34.5,0,0.074733,0.0030836,0.22667
23.26,37.5,NaN,0.15529,0.0095159,0.42539
23.26,40.5,NaN,0.086376,0.0046265,0.24618
23.26,43.5,NaN,0.04499,0.001189,0.14637
23.26,49.5,0,0.041668,0.00063609,0.14476
23.26,67.5,NaN,0.23094,0.034353,0.51256
23.26,70.5,NaN,0.26939,0.047455,0.58081
23.26,73.5,NaN,0.34402,0.074818,0.68656
23.26,76.5,NaN,0.53757,0.21477,0.85202
23.26,79.5,NaN,0.74408,0.42119,0.96783
23.26,82.5,NaN,0.87472,0.63241,0.9945
23.26,85.5,NaN,0.94389,0.79182,0.99943
23.26,88.5,NaN,0.97424,0.88593,0.99996
23.26,91.5,1,0.98605,0.92978,1
23.26,94.5,NaN,0.98971,0.94714,1
23.26,97.5,NaN,0.99307,0.96297,1
23.26,100.5,1,0.99681,0.98339,1
23.26,103.5,1,0.9974,0.98651,1
23.26,106.5,1,0.99459,0.97225,1
23.26,109.5,1,0.98999,0.94792,1
23.26,112.5,NaN,0.99191,0.95992,1
23.26,115.5,NaN,0.99244,0.96327,1
26.59,-106.5,NaN,0.39248,0.14471,0.67819
26.59,-103.5,NaN,0.6418,0.33469,0.88961
26.59,-100.5,NaN,0.64259,0.3357,0.89097
26.59,-97.5,NaN,0.65855,0.38306,0.88429
26.59,-10.5,NaN,0.72946,0.47588,0.92426
26.59,-7.5,1,0.68166,0.39844,0.90947
26.59,-4.5,0,0.61043,0.31604,0.87571
26.59,-1.5,NaN,0.52418,0.23449,0.81365
26.59,1.5,NaN,0.47443,0.19862,0.76592
26.59,4.5,NaN,0.45074,0.19372,0.72883
26.59,7.5,NaN,0.46645,0.23073,0.71559
26.59,10.5,NaN,0.48059,0.24913,0.71556
26.59,13.5,NaN,0.4662,0.22854,0.71037
26.59,16.5,NaN,0.4156,0.17601,0.67705
26.59,19.5,1,0.37073,0.12901,0.64671
26.59,22.5,NaN,0.30375,0.093872,0.56214
26.59,25.5,NaN,0.24693,0.063431,0.48726
26.59,28.5,NaN,0.19474,0.040495,0.41839
26.59,34.5,NaN,0.219,0.034832,0.49273
26.59,37.5,NaN,0.17598,0.019502,0.42899
26.59,40.5,NaN,0.081876,0.0056424,0.22458
26.59,55.5,0,0.063919,0.0019468,0.20241
26.59,58.5,NaN,0.089028,0.0049284,0.25012
26.59,61.5,NaN,0.17094,0.02167,0.39808
26.59,64.5,NaN,0.21217,0.034838,0.46303
26.59,67.5,NaN,0.33753,0.086018,0.63903
26.59,70.5,NaN,0.22002,0.032368,0.50828
26.59,73.5,NaN,0.4441,0.15237,0.76807
26.59,76.5,1,0.56415,0.22613,0.88498
26.59,79.5,NaN,0.64509,0.29985,0.93441
26.59,82.5,NaN,0.79601,0.50264,0.98163
26.59,85.5,NaN,0.89421,0.6762,0.99658
26.59,88.5,NaN,0.9467,0.8043,0.9995
26.59,91.5,NaN,0.97202,0.8833,0.99993
26.59,94.5,1,0.98428,0.92718,0.99999
26.59,97.5,1,0.99074,0.95589,1
26.59,100.5,1,0.99509,0.97586,1
26.59,103.5,1,0.99416,0.97158,1
26.59,106.5,1,0.99601,0.98008,1
26.59,109.5,1,0.98113,0.91113,1
26.59,112.5,NaN,0.98002,0.90941,1
26.59,115.5,1,0.9808,0.9128,1
26.59,118.5,NaN,0.98356,0.92438,1
26.59,121.5,1,0.98142,0.91437,1
30.02,-109.5,NaN,0.24908,0.05193,0.52902
30.02,-106.5,NaN,0.44788,0.15509,0.74684
30.02,-103.5,0,0.40661,0.11955,0.71864
30.02,-100.5,NaN,0.45343,0.16886,0.74032
30.02,-97.5,NaN,0.35122,0.11949,0.62488
30.02,-85.5,1,0.57451,0.27561,0.85321
30.02,-7.5,1,0.74731,0.4935,0.93677
30.02,-4.5,1,0.74328,0.49044,0.9335
30.02,-1.5,NaN,0.72227,0.47768,0.91451
30.02,1.5,1,0.63849,0.38175,0.85957
30.02,4.5,0,0.64264,0.40331,0.84704
30.02,7.5,NaN,0.63996,0.4181,0.83272
30.02,10.5,NaN,0.64678,0.42246,0.83824
30.02,13.5,0,0.64288,0.40247,0.84993
30.02,22.5,0,0.50312,0.23893,0.76271
30.02,31.5,0,0.29187,0.088913,0.5402
30.02,37.5,NaN,0.2122,0.044839,0.43465
30.02,40.5,0,0.12671,0.012974,0.31766
30.02,43.5,0,0.1012,0.0072502,0.27554
30.02,46.5,NaN,0.087875,0.0055215,0.2459
30.02,49.5,NaN,0.075605,0.0040815,0.21823
30.02,52.5,NaN,0.11835,0.011003,0.29859
30.02,55.5,NaN,0.069651,0.0039516,0.20389
30.02,58.5,NaN,0.068642,0.0040246,0.20134
30.02,61.5,NaN,0.12239,0.016261,0.29736
30.02,64.5,NaN,0.11674,0.014048,0.29372
30.02,67.5,NaN,0.19292,0.037467,0.41699
30.02,70.5,NaN,0.34403,0.094788,0.65314
30.02,73.5,NaN,0.37336,0.11376,0.69112
30.02,76.5,NaN,0.40723,0.12977,0.73434
30.02,79.5,NaN,0.44717,0.14502,0.79123
30.02,82.5,NaN,0.59097,0.26444,0.89317
30.02,85.5,1,0.72057,0.39946,0.96061
30.02,88.5,NaN,0.81497,0.54117,0.98499
30.02,91.5,NaN,0.87708,0.65132,0.99491
30.02,94.5,NaN,0.91415,0.72529,0.99836
30.02,97.5,1,0.9422,0.79215,0.99957
30.02,100.5,1,0.93376,0.76356,0.9995
30.02,103.5,1,0.97352,0.88876,0.99995
30.02,106.5,1,0.95703,0.83705,0.99982
30.02,109.5,NaN,0.92372,0.7339,0.99944
30.02,112.5,NaN,0.93753,0.77141,0.9997
30.02,115.5,1,0.94807,0.79415,0.99988
30.02,118.5,NaN,0.96068,0.83685,0.99995
30.02,121.5,1,0.96242,0.83595,0.99998
30.02,124.5,1,0.96566,0.8511,0.99998
33.57,-112.5,0,0.18453,0.022768,0.46004
33.57,-109.5,0,0.33161,0.079653,0.64502
33.57,-106.5,0,0.28016,0.058158,0.57406
33.57,-103.5,0,0.17008,0.024784,0.39647
33.57,-100.5,NaN,0.1703,0.02742,0.39455
33.57,-97.5,NaN,0.25752,0.069598,0.50493
33.57,-94.5,NaN,0.36435,0.13217,0.63381
33.57,-91.5,NaN,0.46295,0.19702,0.74408
33.57,-88.5,NaN,0.52226,0.24169,0.80165
33.57,-85.5,NaN,0.55118,0.26524,0.82851
33.57,-82.5,NaN,0.6685,0.36898,0.91765
33.57,-4.5,1,0.69525,0.46383,0.88906
33.57,-1.5,0,0.72569,0.50965,0.89789
33.57,1.5,NaN,0.72915,0.53819,0.88622
33.57,4.5,NaN,0.74666,0.56943,0.891
33.57,7.5,NaN,0.77521,0.60235,0.91206
33.57,10.5,1,0.77759,0.58776,0.92613
33.57,13.5,1,0.78449,0.58355,0.93843
33.57,22.5,1,0.76412,0.52934,0.94259
33.57,25.5,1,0.73118,0.48812,0.92471
33.57,40.5,0,0.3072,0.080445,0.58641
33.57,43.5,NaN,0.33581,0.092008,0.62332
33.57,46.5,0,0.33368,0.071391,0.66132
33.57,49.5,0,0.21764,0.031741,0.48661
33.57,52.5,0,0.11509,0.0079329,0.31592
33.57,55.5,NaN,0.090483,0.0065527,0.25605
33.57,58.5,NaN,0.13327,0.018184,0.3195
33.57,61.5,NaN,0.084938,0.0082713,0.22948
33.57,64.5,NaN,0.11185,0.014737,0.27537
33.57,67.5,0,0.13145,0.018216,0.32417
33.57,70.5,NaN,0.1835,0.029536,0.43186
33.57,73.5,NaN,0.19571,0.034545,0.44696
33.57,76.5,NaN,0.2072,0.037672,0.47056
33.57,79.5,NaN,0.22045,0.03855,0.49995
33.57,82.5,NaN,0.27351,0.056315,0.57564
33.57,85.5,NaN,0.36614,0.10187,0.69065
33.57,88.5,NaN,0.4607,0.15912,0.78136
33.57,91.5,NaN,0.5473,0.22508,0.8553
33.57,94.5,NaN,0.53881,0.22218,0.85216
33.57,97.5,NaN,0.6441,0.31472,0.92137
33.57,100.5,NaN,0.68485,0.36451,0.94059
33.57,103.5,NaN,0.77289,0.48892,0.96857
33.57,106.5,NaN,0.87783,0.66343,0.99199
33.57,109.5,NaN,0.91418,0.74057,0.99673
33.57,112.5,NaN,0.89108,0.67964,0.99557
33.57,115.5,NaN,0.92632,0.75074,0.99875
33.57,118.5,1,0.94558,0.79285,0.9997
33.57,121.5,1,0.95463,0.81911,0.99986
33.57,130.5,NaN,0.98055,0.91706,0.99997
33.57,133.5,NaN,0.98371,0.92819,0.99998
37.27,-112.5,1,0.2778,0.077849,0.54169
37.27,-109.5,1,0.32022,0.11626,0.56486
37.27,-106.5,0,0.38188,0.14468,0.64973
37.27,-103.5,NaN,0.17936,0.040929,0.37932
37.27,-100.5,0,0.19268,0.043338,0.41044
37.27,-97.5,0,0.26992,0.084847,0.51231
37.27,-94.5,NaN,0.35879,0.13936,0.618
37.27,-91.5,NaN,0.43865,0.1937,0.70988
37.27,-88.5,NaN,0.49204,0.22593,0.77325
37.27,-85.5,NaN,0.52846,0.24531,0.81946
37.27,-82.5,NaN,0.58384,0.27643,0.87528
37.27,-79.5,NaN,0.72272,0.4044,0.95883
37.27,-76.5,NaN,0.80861,0.48358,0.98864
37.27,-67.5,1,0.78483,0.40397,0.99241
37.27,-7.5,1,0.67968,0.42717,0.89064
37.27,-4.5,0,0.67098,0.41108,0.88799
37.27,-1.5,1,0.68197,0.42973,0.88993
37.27,4.5,0,0.74865,0.54212,0.91282
37.27,10.5,1,0.83171,0.64988,0.95856
37.27,13.5,1,0.86596,0.69285,0.97693
37.27,16.5,1,0.8922,0.72773,0.98662
37.27,19.5,1,0.9089,0.75517,0.99142
37.27,22.5,1,0.95132,0.84037,0.99819
37.27,25.5,1,0.94415,0.8278,0.99717
37.27,28.5,1,0.95364,0.83794,0.99871
37.27,31.5,1,0.94278,0.81402,0.99774
37.27,34.5,1,0.90652,0.72876,0.99412
37.27,37.5,1,0.85141,0.62912,0.98205
37.27,40.5,1,0.737,0.46478,0.94046
37.27,43.5,NaN,0.65184,0.36494,0.8925
37.27,46.5,NaN,0.49857,0.22658,0.76521
37.27,55.5,NaN,0.28623,0.073448,0.55341
37.27,58.5,NaN,0.14486,0.017367,0.36286
37.27,61.5,NaN,0.11788,0.01219,0.30561
37.27,64.5,NaN,0.081634,0.0064811,0.22622
37.27,67.5,NaN,0.068619,0.005363,0.19231
37.27,70.5,NaN,0.064201,0.004735,0.18242
37.27,73.5,NaN,0.090419,0.0068414,0.25013
37.27,76.5,NaN,0.035289,0.0012147,0.11753
37.27,79.5,NaN,0.031586,0.00076972,0.11069
37.27,82.5,NaN,0.030177,0.00051237,0.11144
37.27,85.5,NaN,0.048794,0.0012902,0.16534
37.27,88.5,0,0.1014,0.0045417,0.30397
37.27,91.5,NaN,0.16499,0.011827,0.44001
37.27,94.5,NaN,0.18711,0.016598,0.47226
37.27,97.5,NaN,0.21169,0.026079,0.49608
37.27,100.5,0,0.26202,0.040735,0.57432
37.27,103.5,0,0.40706,0.10895,0.73644
37.27,106.5,NaN,0.57815,0.25175,0.86722
37.27,109.5,NaN,0.81657,0.53719,0.98127
37.27,112.5,NaN,0.88272,0.66016,0.99352
37.27,115.5,NaN,0.88157,0.66345,0.9939
37.27,118.5,NaN,0.92621,0.75655,0.99855
37.27,121.5,1,0.95266,0.81823,0.99973
37.27,127.5,1,0.97395,0.88292,0.99998
37.27,130.5,1,0.9794,0.90359,0.99999
37.27,136.5,1,0.98505,0.928,1
41.17,-115.5,1,0.54243,0.2507,0.81306
41.17,-112.5,0,0.48551,0.2204,0.75413
41.17,-109.5,NaN,0.57783,0.32886,0.80804
41.17,-106.5,1,0.64137,0.36529,0.87981
41.17,-103.5,NaN,0.37906,0.15711,0.63689
41.17,-100.5,NaN,0.34888,0.11957,0.62668
41.17,-97.5,0,0.4146,0.17036,0.68713
41.17,-94.5,NaN,0.46434,0.21288,0.73201
41.17,-91.5,NaN,0.50172,0.23785,0.7738
41.17,-88.5,NaN,0.5274,0.24917,0.80734
41.17,-85.5,NaN,0.54687,0.24781,0.83933
41.17,-82.5,NaN,0.60637,0.29807,0.88961
41.17,-79.5,NaN,0.67455,0.35896,0.93593
41.17,-76.5,NaN,0.73484,0.41236,0.96598
41.17,-73.5,NaN,0.83876,0.53568,0.99309
41.17,-64.5,1,0.82622,0.47517,0.99612
41.17,-7.5,NaN,0.7653,0.54684,0.93184
41.17,-4.5,NaN,0.73328,0.49722,0.92113
41.17,-1.5,1,0.72046,0.46515,0.92041
41.17,1.5,0,0.75869,0.51791,0.93759
41.17,4.5,1,0.78112,0.56405,0.94361
41.17,10.5,1,0.87125,0.71139,0.97501
41.17,13.5,1,0.90571,0.76843,0.98619
41.17,16.5,1,0.93082,0.81174,0.99298
41.17,19.5,1,0.95599,0.86393,0.99735
41.17,22.5,1,0.9535,0.85712,0.99734
41.17,25.5,1,0.94811,0.84375,0.99679
41.17,37.5,1,0.83888,0.6297,0.97303
41.17,43.5,1,0.67561,0.39944,0.90389
41.17,64.5,NaN,0.10263,0.0057394,0.29579
41.17,67.5,0,0.054047,0.001206,0.18214
41.17,70.5,NaN,0.034291,0.00045961,0.12317
41.17,73.5,0,0.020287,0.00011256,0.080406
41.17,76.5,NaN,0.015892,6.786e-05,0.065109
41.17,79.5,NaN,0.020055,9.184e-05,0.080435
41.17,82.5,0,0.015499,3.5461e-05,0.066721
41.17,85.5,NaN,0.01558,3.6341e-05,0.067894
41.17,88.5,0,0.023166,5.3564e-05,0.10066
41.17,91.5,NaN,0.025804,7.2247e-05,0.11039
41.17,94.5,0,0.042037,0.00031944,0.16074
41.17,97.5,NaN,0.068026,0.0014162,0.22821
41.17,100.5,0,0.12975,0.0063579,0.36808
41.17,103.5,0,0.20896,0.021746,0.50243
41.17,106.5,NaN,0.45029,0.13707,0.77179
41.17,109.5,NaN,0.67652,0.33754,0.92922
41.17,112.5,NaN,0.7583,0.46699,0.95842
41.17,115.5,NaN,0.82597,0.57796,0.97988
41.17,118.5,NaN,0.87187,0.65187,0.99153
41.17,121.5,NaN,0.92402,0.75749,0.99815
41.17,124.5,NaN,0.95768,0.83858,0.99975
41.17,127.5,1,0.98079,0.91161,0.99999
41.17,133.5,1,0.98323,0.92139,1
41.17,136.5,1,0.98491,0.9284,1
41.17,139.5,1,0.98523,0.92994,1
45.32,-118.5,NaN,0.75199,0.50683,0.93374
45.32,-115.5,NaN,0.67275,0.39534,0.89479
45.32,-112.5,1,0.69973,0.42827,0.9121
45.32,-109.5,0,0.79584,0.54359,0.96266
45.32,-106.5,1,0.72507,0.45306,0.92811
45.32,-103.5,NaN,0.53922,0.23495,0.83079
45.32,-100.5,1,0.50582,0.18546,0.82633
45.32,-97.5,NaN,0.51103,0.19144,0.82482
45.32,-94.5,0,0.54425,0.22399,0.84629
45.32,-91.5,NaN,0.54396,0.22825,0.84212
45.32,-88.5,NaN,0.54431,0.22441,0.84888
45.32,-85.5,NaN,0.57989,0.26351,0.86952
45.32,-82.5,NaN,0.63666,0.33275,0.89959
45.32,-79.5,NaN,0.68929,0.39518,0.92863
45.32,-76.5,NaN,0.73153,0.44238,0.95025
45.32,-73.5,NaN,0.7672,0.48076,0.96677
45.32,-70.5,NaN,0.80541,0.53064,0.97978
45.32,-67.5,NaN,0.88631,0.66299,0.99514
45.32,-64.5,NaN,0.85031,0.59477,0.99051
45.32,-61.5,NaN,0.85562,0.60727,0.9909
45.32,-58.5,NaN,0.86045,0.61711,0.99145
45.32,1.5,1,0.87354,0.68287,0.98817
45.32,4.5,1,0.87338,0.6782,0.98829
45.32,7.5,1,0.90793,0.75018,0.9935
45.32,10.5,1,0.92837,0.7919,0.99581
45.32,13.5,1,0.94523,0.83302,0.99729
45.32,16.5,1,0.95683,0.86205,0.99835
45.32,19.5,1,0.96336,0.87961,0.9989
45.32,22.5,1,0.96544,0.88385,0.99903
45.32,25.5,0,0.9631,0.87791,0.99882
45.32,28.5,NaN,0.94976,0.84705,0.99721
45.32,31.5,1,0.94233,0.82938,0.99603
45.32,55.5,1,0.39502,0.10741,0.72369
45.32,58.5,NaN,0.32761,0.069787,0.66034
45.32,61.5,NaN,0.2428,0.037852,0.54359
45.32,64.5,NaN,0.15989,0.016146,0.40464
45.32,67.5,NaN,0.10532,0.0061076,0.30133
45.32,70.5,NaN,0.069477,0.0022166,0.21964
45.32,73.5,NaN,0.045142,0.00072929,0.15921
45.32,76.5,0,0.029006,0.00018741,0.11385
45.32,79.5,NaN,0.024228,0.0001252,0.096788
45.32,82.5,NaN,0.020687,8.0251e-05,0.085263
45.32,85.5,0,0.020238,6.0608e-05,0.08422
45.32,88.5,NaN,0.036268,0.0002451,0.14077
45.32,91.5,NaN,0.029887,0.00012778,0.1232
45.32,94.5,NaN,0.057528,0.00096526,0.20418
45.32,97.5,NaN,0.11624,0.0066236,0.33314
45.32,100.5,NaN,0.13517,0.012168,0.36243
45.32,103.5,NaN,0.22148,0.037731,0.49542
45.32,106.5,NaN,0.33499,0.093703,0.62814
45.32,109.5,NaN,0.463,0.18459,0.75509
45.32,112.5,NaN,0.58952,0.30082,0.85314
45.32,115.5,NaN,0.7538,0.49161,0.94483
45.32,118.5,NaN,0.80635,0.56328,0.96915
45.32,121.5,NaN,0.878,0.6788,0.98964
45.32,124.5,NaN,0.92377,0.76471,0.99708
45.32,127.5,1,0.94891,0.81943,0.99919
45.32,130.5,NaN,0.95965,0.84751,0.99962
45.32,133.5,1,0.98417,0.92593,0.99998
45.32,139.5,1,0.97169,0.88244,0.99991
45.32,142.5,1,0.96996,0.87904,0.99988
49.8,-118.5,NaN,0.86597,0.65137,0.986
49.8,-115.5,1,0.87545,0.66454,0.98915
49.8,-112.5,NaN,0.85966,0.6495,0.9834
49.8,-109.5,NaN,0.75149,0.49743,0.93779
49.8,-106.5,NaN,0.60796,0.29737,0.87769
49.8,-103.5,NaN,0.57351,0.25607,0.86225
49.8,-100.5,NaN,0.53709,0.20889,0.84926
49.8,-97.5,NaN,0.50061,0.15936,0.84423
49.8,-94.5,NaN,0.46433,0.1141,0.84119
49.8,-91.5,NaN,0.45748,0.10361,0.84313
49.8,-88.5,NaN,0.50655,0.15284,0.85517
49.8,-85.5,NaN,0.55592,0.21079,0.87028
49.8,-82.5,NaN,0.60178,0.27008,0.88702
49.8,-79.5,NaN,0.64609,0.33107,0.90687
49.8,-76.5,NaN,0.69434,0.40286,0.92718
49.8,-73.5,NaN,0.7341,0.45929,0.94234
49.8,-70.5,NaN,0.76953,0.5094,0.95555
49.8,-67.5,NaN,0.79444,0.54832,0.96551
49.8,-64.5,NaN,0.80561,0.56399,0.96994
49.8,-61.5,NaN,0.82132,0.58754,0.97448
49.8,-58.5,NaN,0.84615,0.63264,0.9805
49.8,-55.5,NaN,0.86455,0.66214,0.985
49.8,-52.5,NaN,0.87491,0.68069,0.98717
49.8,-49.5,NaN,0.89458,0.71919,0.99135
49.8,-4.5,NaN,0.94249,0.80512,0.99958
49.8,-1.5,NaN,0.94404,0.80709,0.99966
49.8,1.5,NaN,0.94915,0.81626,0.9998
49.8,4.5,1,0.95585,0.82992,0.9999
49.8,7.5,1,0.96187,0.84784,0.99993
49.8,10.5,1,0.96277,0.85429,0.99992
49.8,13.5,1,0.96555,0.86793,0.99988
49.8,16.5,1,0.97119,0.89101,0.99985
49.8,19.5,NaN,0.97474,0.90899,0.99977
49.8,22.5,NaN,0.97336,0.90736,0.99959
49.8,25.5,1,0.97065,0.90052,0.99933
49.8,28.5,NaN,0.95762,0.86833,0.99808
49.8,31.5,NaN,0.94057,0.82872,0.99575
49.8,34.5,NaN,0.91782,0.7795,0.99136
49.8,37.5,NaN,0.88506,0.71483,0.98408
49.8,40.5,NaN,0.84805,0.64432,0.9739
49.8,43.5,NaN,0.80958,0.57383,0.96183
49.8,46.5,NaN,0.75498,0.48629,0.94277
49.8,49.5,NaN,0.69293,0.39413,0.92045
49.8,52.5,NaN,0.62248,0.30514,0.89095
49.8,55.5,NaN,0.57764,0.24337,0.87384
49.8,58.5,0,0.50382,0.16774,0.83518
49.8,61.5,NaN,0.38173,0.10051,0.71122
49.8,64.5,NaN,0.31409,0.068795,0.62679
49.8,67.5,NaN,0.24832,0.043838,0.537
49.8,70.5,NaN,0.19171,0.02539,0.44867
49.8,73.5,NaN,0.14695,0.013504,0.37702
49.8,76.5,0,0.11292,0.0071941,0.31784
49.8,79.5,NaN,0.099528,0.0055404,0.28816
49.8,82.5,NaN,0.091053,0.0041743,0.27141
49.8,85.5,NaN,0.090669,0.0036709,0.2833
49.8,88.5,NaN,0.10406,0.004143,0.32696
49.8,91.5,NaN,0.10439,0.0037983,0.34062
49.8,94.5,NaN,0.12455,0.0052736,0.39004
49.8,97.5,NaN,0.25607,0.031963,0.60056
49.8,100.5,NaN,0.31955,0.062042,0.66053
49.8,103.5,NaN,0.34001,0.081654,0.67156
49.8,106.5,NaN,0.41045,0.12796,0.73775
49.8,109.5,NaN,0.52671,0.2259,0.82037
49.8,112.5,NaN,0.60423,0.30784,0.87075
49.8,115.5,NaN,0.67582,0.39005,0.91156
49.8,118.5,NaN,0.82161,0.58444,0.97389
49.8,121.5,NaN,0.79784,0.54505,0.96907
49.8,124.5,NaN,0.83066,0.58221,0.9824
49.8,127.5,1,0.86352,0.62789,0.99117
49.8,130.5,1,0.90914,0.71671,0.99686
49.8,133.5,NaN,0.91005,0.7218,0.99692
49.8,136.5,1,0.93495,0.77779,0.9987
49.8,142.5,1,0.90957,0.72147,0.99673
54.75,-124.5,NaN,0.82882,0.54632,0.98531
54.75,-121.5,1,0.84157,0.54672,0.99045
54.75,-118.5,NaN,0.839,0.55404,0.98832
54.75,-115.5,NaN,0.806,0.50983,0.98049
54.75,-112.5,1,0.68275,0.31422,0.95266
54.75,-109.5,NaN,0.59901,0.22102,0.91674
54.75,-106.5,NaN,0.57939,0.21484,0.90021
54.75,-103.5,NaN,0.5564,0.20079,0.88758
54.75,-100.5,NaN,0.53115,0.17626,0.87456
54.75,-97.5,NaN,0.5046,0.14485,0.86675
54.75,-94.5,NaN,0.47768,0.11337,0.86453
54.75,-91.5,NaN,0.45122,0.083549,0.86522
54.75,-88.5,NaN,0.45187,0.080429,0.87136
54.75,-85.5,NaN,0.49988,0.12312,0.88446
54.75,-82.5,NaN,0.54963,0.17888,0.89608
54.75,-79.5,NaN,0.59963,0.24261,0.9059
54.75,-76.5,NaN,0.64826,0.31486,0.91901
54.75,-73.5,NaN,0.6943,0.38715,0.93213
54.75,-70.5,NaN,0.74298,0.46881,0.94678
54.75,-67.5,NaN,0.78635,0.54386,0.9592
54.75,-64.5,NaN,0.82334,0.60643,0.97032
54.75,-61.5,NaN,0.8544,0.6599,0.97891
54.75,-58.5,NaN,0.88061,0.70526,0.98576
54.75,-55.5,NaN,0.90312,0.74414,0.99143
54.75,-52.5,NaN,0.9171,0.76921,0.99443
54.75,-7.5,1,0.955,0.80554,0.99999
54.75,-4.5,NaN,0.95563,0.80997,0.99998
54.75,7.5,1,0.96926,0.86184,0.99999
54.75,13.5,NaN,0.9708,0.88359,0.99997
54.75,16.5,NaN,0.96294,0.86217,0.99991
54.75,19.5,NaN,0.95194,0.83159,0.99973
54.75,22.5,NaN,0.94073,0.80158,0.99932
54.75,25.5,NaN,0.9349,0.79289,0.9987
54.75,28.5,NaN,0.92244,0.76509,0.99742
54.75,31.5,NaN,0.90067,0.71317,0.99496
54.75,34.5,NaN,0.8744,0.65432,0.99107
54.75,37.5,NaN,0.84675,0.59763,0.98677
54.75,40.5,NaN,0.82019,0.54495,0.98151
54.75,43.5,NaN,0.79284,0.48992,0.97664
54.75,46.5,NaN,0.75958,0.42605,0.97241
54.75,49.5,1,0.72449,0.35689,0.96919
54.75,52.5,1,0.75739,0.39894,0.97676
54.75,55.5,NaN,0.71903,0.36895,0.96003
54.75,58.5,NaN,0.65556,0.30929,0.92745
54.75,61.5,NaN,0.59574,0.25918,0.88776
54.75,64.5,NaN,0.50114,0.18256,0.81682
54.75,67.5,NaN,0.45906,0.15681,0.7736
54.75,70.5,NaN,0.41796,0.12975,0.73402
54.75,73.5,NaN,0.38054,0.10561,0.70104
54.75,76.5,NaN,0.36887,0.10147,0.68399
54.75,79.5,NaN,0.37106,0.10452,0.68282
54.75,82.5,NaN,0.37724,0.11058,0.69173
54.75,85.5,NaN,0.38702,0.11606,0.70561
54.75,88.5,NaN,0.39995,0.1211,0.7236
54.75,91.5,NaN,0.46583,0.16378,0.78816
54.75,94.5,NaN,0.43987,0.136,0.78025
54.75,97.5,NaN,0.46238,0.14058,0.81057
54.75,100.5,NaN,0.50117,0.16038,0.84825
54.75,103.5,NaN,0.54465,0.18871,0.88324
54.75,106.5,1,0.59067,0.22406,0.9149
54.75,109.5,NaN,0.6933,0.35519,0.94632
54.75,112.5,NaN,0.71571,0.40291,0.94851
54.75,115.5,NaN,0.77034,0.49196,0.96318
54.75,118.5,NaN,0.76953,0.50194,0.95987
54.75,121.5,NaN,0.80012,0.54992,0.96776
54.75,124.5,NaN,0.82397,0.58942,0.97485
54.75,127.5,1,0.86652,0.6566,0.98567
54.75,130.5,NaN,0.92108,0.75662,0.99595
54.75,133.5,NaN,0.87972,0.69433,0.98683
54.75,136.5,NaN,0.86889,0.67112,0.98475
54.75,142.5,1,0.81938,0.57538,0.97419
54.75,157.5,0,0.70815,0.40589,0.93356
60.42,-154.5,NaN,0.89605,0.67104,0.99837
60.42,-151.5,1,0.8647,0.59653,0.9967
60.42,-130.5,0,0.84774,0.6099,0.98329
60.42,-127.5,NaN,0.82411,0.56344,0.97864
60.42,-124.5,1,0.79141,0.49922,0.97411
60.42,-121.5,NaN,0.65749,0.29981,0.93058
60.42,-118.5,NaN,0.55415,0.17003,0.8971
60.42,-115.5,NaN,0.542,0.16403,0.89053
60.42,-112.5,NaN,0.52762,0.1551,0.88363
60.42,-109.5,NaN,0.52306,0.15214,0.88267
60.42,-106.5,NaN,0.51721,0.14793,0.8824
60.42,-103.5,NaN,0.50777,0.13873,0.8806
60.42,-100.5,NaN,0.49561,0.12346,0.87819
60.42,-97.5,NaN,0.48145,0.106,0.87859
60.42,-94.5,NaN,0.46599,0.086617,0.88099
60.42,-91.5,NaN,0.48231,0.097893,0.88798
60.42,-88.5,NaN,0.53223,0.14947,0.89754
60.42,-85.5,NaN,0.58378,0.21581,0.90897
60.42,-82.5,NaN,0.6355,0.28872,0.91946
60.42,-79.5,NaN,0.68622,0.36838,0.93209
60.42,-76.5,NaN,0.73484,0.45301,0.94397
60.42,-73.5,NaN,0.77937,0.53053,0.95514
60.42,-70.5,NaN,0.81954,0.60422,0.96713
60.42,-67.5,NaN,0.85395,0.66351,0.97686
60.42,-64.5,NaN,0.88258,0.71613,0.98433
60.42,-61.5,NaN,0.90573,0.75712,0.99037
60.42,-58.5,NaN,0.92344,0.78745,0.99434
60.42,-37.5,NaN,0.94694,0.82535,0.9991
60.42,-1.5,1,0.9666,0.83918,1
60.42,7.5,NaN,0.97242,0.87557,0.99999
60.42,10.5,NaN,0.97067,0.87345,0.99998
60.42,13.5,NaN,0.96043,0.84308,0.99993
60.42,16.5,NaN,0.95367,0.82688,0.99984
60.42,19.5,NaN,0.94561,0.80704,0.99968
60.42,22.5,NaN,0.93497,0.7815,0.99935
60.42,25.5,NaN,0.94109,0.80543,0.99917
60.42,28.5,NaN,0.94601,0.82388,0.99901
60.42,31.5,NaN,0.94808,0.83158,0.99884
60.42,34.5,NaN,0.94608,0.82709,0.99851
60.42,37.5,NaN,0.94006,0.81162,0.99791
60.42,40.5,NaN,0.93245,0.79384,0.99709
60.42,43.5,NaN,0.91867,0.75976,0.99538
60.42,46.5,NaN,0.90145,0.72319,0.99313
60.42,49.5,NaN,0.88337,0.68656,0.98962
60.42,52.5,NaN,0.86536,0.65279,0.98585
60.42,55.5,NaN,0.85432,0.63196,0.98279
60.42,58.5,NaN,0.88108,0.68257,0.98857
60.42,61.5,NaN,0.86392,0.65031,0.98402
60.42,64.5,NaN,0.81631,0.57057,0.96892
60.42,67.5,NaN,0.79937,0.54848,0.96219
60.42,70.5,NaN,0.78222,0.52629,0.95498
60.42,73.5,NaN,0.78588,0.53057,0.95637
60.42,76.5,NaN,0.79026,0.53461,0.95943
60.42,79.5,NaN,0.79555,0.53602,0.96429
60.42,82.5,0,0.80365,0.53858,0.97052
60.42,85.5,NaN,0.79402,0.52884,0.96602
60.42,88.5,NaN,0.79166,0.52302,0.96656
60.42,91.5,NaN,0.79111,0.51816,0.96762
60.42,94.5,NaN,0.79211,0.51421,0.9705
60.42,97.5,NaN,0.80213,0.51875,0.97641
60.42,100.5,NaN,0.82531,0.54697,0.98413
60.42,103.5,NaN,0.8469,0.5723,0.98994
60.42,106.5,1,0.86862,0.60011,0.99473
60.42,109.5,1,0.87022,0.60596,0.99476
60.42,112.5,NaN,0.8523,0.58752,0.99063
60.42,115.5,NaN,0.84776,0.59557,0.98718
60.42,118.5,NaN,0.85599,0.629,0.98561
60.42,121.5,NaN,0.86378,0.65707,0.98451
60.42,124.5,NaN,0.87059,0.67492,0.984
60.42,127.5,1,0.87652,0.68769,0.98427
60.42,130.5,NaN,0.87313,0.6917,0.98047
60.42,133.5,NaN,0.89712,0.74142,0.98615
60.42,136.5,NaN,0.91064,0.75267,0.99066
60.42,139.5,NaN,0.89623,0.72343,0.98739
60.42,142.5,0,0.82122,0.61066,0.96056
60.42,145.5,NaN,0.83264,0.61456,0.96828
60.42,148.5,NaN,0.78257,0.54319,0.94887
60.42,151.5,NaN,0.73846,0.47383,0.93349
60.42,157.5,1,0.60072,0.28185,0.88462
60.42,166.5,0,0.59447,0.25837,0.8892
67.4,-178.5,NaN,0.94986,0.73453,1
67.4,-175.5,1,0.9512,0.73547,1
67.4,-172.5,1,0.95111,0.73632,1
67.4,-169.5,NaN,0.94789,0.73606,1
67.4,-166.5,NaN,0.94349,0.73372,1
67.4,-163.5,NaN,0.93798,0.7271,0.99999
67.4,-160.5,NaN,0.93013,0.71437,0.99996
67.4,-157.5,NaN,0.91411,0.68023,0.9998
67.4,-154.5,NaN,0.88947,0.63148,0.99911
67.4,-151.5,NaN,0.88135,0.63664,0.9977
67.4,-148.5,NaN,0.86165,0.60902,0.99446
67.4,-145.5,1,0.85032,0.59744,0.99072
67.4,-142.5,1,0.82339,0.55319,0.98524
67.4,-139.5,1,0.86379,0.61987,0.99104
67.4,-136.5,1,0.83903,0.57431,0.98685
67.4,-133.5,1,0.79566,0.50903,0.97536
67.4,-130.5,0,0.74056,0.43392,0.95629
67.4,-127.5,NaN,0.7694,0.50071,0.95698
67.4,-124.5,NaN,0.79154,0.54819,0.95688
67.4,-121.5,NaN,0.7163,0.43012,0.93029
67.4,-118.5,NaN,0.66333,0.34387,0.91472
67.4,-115.5,NaN,0.65501,0.33238,0.91134
67.4,-112.5,NaN,0.65443,0.3319,0.91
67.4,-109.5,NaN,0.65208,0.32749,0.91011
67.4,-106.5,NaN,0.65183,0.32605,0.91165
67.4,-103.5,NaN,0.65025,0.32332,0.91282
67.4,-100.5,NaN,0.64726,0.3146,0.91458
67.4,-97.5,NaN,0.64307,0.30432,0.91734
67.4,-94.5,NaN,0.64042,0.29458,0.92088
67.4,-91.5,NaN,0.67286,0.34488,0.92922
67.4,-88.5,NaN,0.70331,0.39283,0.93679
67.4,-85.5,NaN,0.73128,0.44009,0.9444
67.4,-82.5,NaN,0.75901,0.48806,0.95216
67.4,-79.5,NaN,0.78817,0.54022,0.95995
67.4,-76.5,NaN,0.81527,0.5907,0.96732
67.4,-73.5,NaN,0.83928,0.63421,0.97344
67.4,-70.5,NaN,0.86359,0.67941,0.97933
67.4,-67.5,NaN,0.88406,0.7178,0.98506
67.4,-64.5,NaN,0.90072,0.74996,0.98908
67.4,-61.5,NaN,0.91529,0.7784,0.99247
67.4,-58.5,NaN,0.92742,0.80002,0.99484
67.4,-55.5,NaN,0.93851,0.82158,0.99679
67.4,-43.5,NaN,0.94775,0.83566,0.99856
67.4,-40.5,NaN,0.94252,0.82069,0.99842
67.4,-37.5,NaN,0.93649,0.8015,0.99836
67.4,-34.5,NaN,0.9421,0.81298,0.99886
67.4,-31.5,NaN,0.94906,0.82894,0.99926
67.4,-28.5,NaN,0.95494,0.84163,0.99953
67.4,-25.5,NaN,0.95965,0.85255,0.99969
67.4,16.5,NaN,0.97808,0.90862,0.99993
67.4,19.5,NaN,0.98273,0.92707,0.99995
67.4,22.5,NaN,0.97873,0.91554,0.99989
67.4,25.5,NaN,0.97533,0.90574,0.9998
67.4,28.5,NaN,0.96722,0.88254,0.99957
67.4,31.5,NaN,0.96,0.86136,0.99925
67.4,34.5,NaN,0.9587,0.85964,0.99909
67.4,37.5,NaN,0.95995,0.86334,0.99906
67.4,40.5,NaN,0.96264,0.86766,0.99919
67.4,58.5,NaN,0.95291,0.84026,0.99836
67.4,61.5,NaN,0.94609,0.82655,0.99752
67.4,64.5,NaN,0.94579,0.8233,0.99756
67.4,67.5,NaN,0.94576,0.82185,0.99767
67.4,70.5,NaN,0.94562,0.82084,0.99767
67.4,73.5,NaN,0.94451,0.81798,0.99756
67.4,76.5,NaN,0.94079,0.81017,0.99704
67.4,79.5,NaN,0.93876,0.80584,0.9968
67.4,82.5,NaN,0.93542,0.79975,0.9963
67.4,85.5,NaN,0.93086,0.79035,0.99552
67.4,88.5,NaN,0.92612,0.78457,0.99486
67.4,91.5,NaN,0.92085,0.7739,0.99401
67.4,94.5,NaN,0.91937,0.77023,0.99386
67.4,97.5,NaN,0.92489,0.78078,0.99511
67.4,100.5,NaN,0.92848,0.78465,0.99595
67.4,103.5,NaN,0.93004,0.78849,0.99636
67.4,106.5,NaN,0.92954,0.78454,0.99636
67.4,109.5,NaN,0.92789,0.78177,0.99621
67.4,112.5,NaN,0.92494,0.77439,0.99575
67.4,115.5,NaN,0.91932,0.76331,0.99494
67.4,118.5,NaN,0.91051,0.74483,0.9937
67.4,121.5,NaN,0.91767,0.75878,0.9947
67.4,124.5,NaN,0.90603,0.73121,0.99354
67.4,127.5,NaN,0.87636,0.66153,0.98989
67.4,130.5,1,0.86455,0.62441,0.98949
67.4,133.5,NaN,0.85244,0.6015,0.98692
67.4,136.5,1,0.83877,0.57168,0.98516
67.4,139.5,NaN,0.81679,0.54783,0.97772
67.4,142.5,NaN,0.78935,0.50495,0.97015
67.4,145.5,NaN,0.75486,0.44768,0.96111
67.4,148.5,NaN,0.72727,0.39918,0.95547
67.4,151.5,1,0.74257,0.40308,0.96502
67.4,154.5,1,0.7414,0.40056,0.96518
67.4,157.5,NaN,0.73395,0.40513,0.95805
67.4,160.5,NaN,0.69819,0.3707,0.94112
67.4,163.5,NaN,0.72555,0.41156,0.94984
67.4,166.5,NaN,0.81301,0.53278,0.97881
67.4,169.5,NaN,0.7604,0.46666,0.9589
67.4,172.5,NaN,0.81676,0.5455,0.97711
67.4,175.5,NaN,0.83009,0.57132,0.97958
67.4,178.5,NaN,0.81351,0.54511,0.97384
