-67.4,-70.5,NaN,0.50337,0.062966,0.96266
-67.4,-67.5,NaN,0.47459,0.039299,0.96142
-67.4,-64.5,NaN,0.47509,0.052857,0.95686
-67.4,-61.5,1,0.55398,0.095047,0.97555
-67.4,46.5,NaN,0.652,0.046451,0.99999
-67.4,49.5,NaN,0.64343,0.043373,0.99999
-67.4,52.5,NaN,0.68751,0.079191,1
-67.4,76.5,1,0.90556,0.51667,1
-67.4,79.5,1,0.90153,0.50128,1
-67.4,94.5,NaN,0.6572,0.069177,1
-67.4,97.5,NaN,0.60799,0.034663,0.99999
-67.4,100.5,NaN,0.56211,0.019042,0.99997
-67.4,103.5,NaN,0.52317,0.010953,0.99987
-67.4,106.5,NaN,0.47731,0.0048062,0.99953
-67.4,109.5,NaN,0.44177,0.0021406,0.9988
-67.4,112.5,NaN,0.40805,0.00094793,0.99709
-67.4,115.5,NaN,0.37628,0.00035443,0.99405
-67.4,118.5,NaN,0.34657,0.00014527,0.98927
-67.4,121.5,NaN,0.31899,5.647e-05,0.98062
-67.4,124.5,NaN,0.29355,2.1621e-05,0.96975
-67.4,127.5,NaN,0.27721,9.9505e-06,0.95813
-67.4,130.5,NaN,0.25569,3.7248e-06,0.94017
-67.4,133.5,NaN,0.23614,1.3595e-06,0.9174
-67.4,136.5,NaN,0.21847,4.918e-07,0.89027
-67.4,139.5,NaN,0.20252,2.1181e-07,0.86582
-67.4,142.5,NaN,0.18816,9.5497e-08,0.83815
-67.4,145.5,NaN,0.16947,2.5977e-08,0.79176
-67.4,148.5,NaN,0.18294,4.2414e-08,0.80944
-54.75,-70.5,0,0.46338,0.093946,0.84867
-54.75,-67.5,0,0.46863,0.10109,0.84895
-49.8,-70.5,1,0.22258,0.012826,0.59204
-49.8,-67.5,NaN,0.1618,0.0080725,0.45138
-49.8,148.5,NaN,0.032729,1.1799e-20,0.19183
-49.8,178.5,NaN,0.033194,1.7078e-23,0.203
-45.32,-178.5,0,0.081613,5.2174e-19,0.49824
-45.32,-70.5,0,0.094951,0.00010313,0.3576
-45.32,145.5,NaN,0.018207,3.6545e-27,0.11133
-45.32,148.5,NaN,0.015837,7.9725e-28,0.095245
-45.32,175.5,0,0.027271,2.9521e-29,0.17455
-45.32,178.5,0,0.029772,1.2058e-29,0.19371
-41.17,-67.5,NaN,0.021367,8.6453e-09,0.11483
-41.17,-64.5,NaN,0.02205,3.8985e-09,0.1196
-41.17,-55.5,0,0.05314,8.011e-10,0.28895
-41.17,-52.5,0,0.052064,5.9356e-10,0.28322
-41.17,112.5,NaN,0.025122,1.1603e-17,0.14613
-41.17,115.5,NaN,0.011961,1.8133e-20,0.067769
-41.17,118.5,NaN,0.017794,2.7954e-20,0.10361
-41.17,121.5,NaN,0.030913,2.8222e-20,0.17448
-41.17,133.5,NaN,0.022235,1.4349e-26,0.13241
-41.17,136.5,NaN,0.014206,1.0658e-29,0.084924
-41.17,139.5,NaN,0.02438,3.0848e-30,0.15047
-41.17,142.5,0,0.027096,3.066e-32,0.17129
-41.17,145.5,0,0.016063,2.2317e-35,0.097859
-41.17,148.5,0,0.010432,1.1337e-36,0.061573
-41.17,151.5,0,0.017126,7.092e-34,0.10153
-41.17,178.5,0,0.015628,3.9219e-29,0.098061
-37.27,-70.5,NaN,0.022144,1.3531e-10,0.12205
-37.27,-67.5,NaN,0.0093383,9.2372e-13,0.054428
-37.27,-64.5,NaN,0.011187,1.0499e-12,0.064565
-37.27,-58.5,NaN,0.01779,5.1546e-12,0.10241
-37.27,19.5,0,0.057231,4.7839e-23,0.38236
-37.27,112.5,NaN,0.0087656,4.7229e-21,0.050032
-37.27,115.5,NaN,0.0033642,2.9861e-25,0.016886
-37.27,118.5,NaN,0.0052593,1.4161e-24,0.028702
-37.27,121.5,NaN,0.0094795,3.2738e-24,0.055642
-37.27,124.5,NaN,0.011375,5.0899e-25,0.067247
-37.27,127.5,NaN,0.011823,2.1352e-26,0.068731
-37.27,130.5,NaN,0.0080188,9.3389e-29,0.044414
-37.27,133.5,NaN,0.0053268,2.7764e-31,0.028109
-37.27,136.5,NaN,0.0028782,7.0003e-36,0.012573
-37.27,139.5,NaN,0.0036284,2.7511e-35,0.017145
-37.27,142.5,NaN,0.0032964,3.305e-36,0.015534
-37.27,145.5,NaN,0.002125,4.0401e-39,0.0083965
-37.27,148.5,NaN,0.0026873,3.0521e-37,0.012765
-37.27,151.5,NaN,0.0056651,2.8265e-34,0.030753
-33.57,-67.5,NaN,0.012627,2.4228e-15,0.073925
-33.57,-64.5,NaN,0.0053785,2.8038e-18,0.02833
-33.57,-61.5,NaN,0.0069225,1.6895e-17,0.037263
-33.57,-58.5,NaN,0.014507,2.2797e-15,0.088161
-33.57,-52.5,NaN,0.0093366,8.5727e-16,0.054162
-33.57,16.5,NaN,0.027142,8.7696e-26,0.17267
-33.57,19.5,0,0.010425,1.2133e-32,0.053819
-33.57,22.5,NaN,0.021646,1.3538e-28,0.13501
-33.57,25.5,NaN,0.03111,1.6469e-25,0.20196
-33.57,112.5,NaN,0.004897,1.5554e-22,0.026211
-33.57,115.5,NaN,0.0021426,4.0326e-26,0.0099898
-33.57,118.5,NaN,0.0016392,1.4163e-28,0.0068097
-33.57,121.5,NaN,0.0013225,2.7514e-31,0.0049741
-33.57,124.5,NaN,0.0014964,1.6943e-32,0.0057913
-33.57,127.5,NaN,0.0016563,1.5774e-33,0.0066379
-33.57,130.5,NaN,0.0015187,4.3667e-36,0.0053833
-33.57,133.5,NaN,0.0013813,4.2197e-39,0.0043309
-33.57,136.5,0,0.0012869,7.4513e-44,0.0029141
-33.57,139.5,NaN,0.00098238,1.5324e-44,0.002017
-33.57,142.5,NaN,0.0011357,3.5207e-40,0.0036189
-33.57,145.5,NaN,0.0016106,1.2685e-36,0.0067705
-33.57,148.5,NaN,0.0030321,1.141e-33,0.015331
-33.57,151.5,NaN,0.0066655,3.7511e-31,0.035605
-30.02,-67.5,NaN,0.020546,5.0795e-20,0.13229
-30.02,-64.5,0,0.005205,4.7329e-25,0.025423
-30.02,-61.5,0,0.010871,2.7585e-22,0.063406
-30.02,-52.5,NaN,0.0050858,1.7447e-20,0.02681
-30.02,-49.5,NaN,0.0074536,1.6947e-18,0.043122
-30.02,13.5,NaN,0.009272,1.8323e-24,0.054469
-30.02,16.5,NaN,0.0043802,1.6944e-28,0.019482
-30.02,19.5,NaN,0.0021238,6.1491e-34,0.0061945
-30.02,22.5,NaN,0.0019651,3.825e-35,0.0052761
-30.02,25.5,NaN,0.0060524,7.7351e-30,0.027596
-30.02,28.5,NaN,0.01076,9.3876e-27,0.061821
-30.02,115.5,NaN,0.0044609,1.2244e-22,0.02391
-30.02,118.5,NaN,0.0035254,2.1347e-24,0.018307
-30.02,121.5,NaN,0.0014431,3.1899e-28,0.0061019
-30.02,124.5,NaN,0.0006882,2.0616e-33,0.0020123
-30.02,127.5,NaN,0.00055444,6.3306e-37,0.0013069
-30.02,130.5,NaN,0.00053047,1.7404e-39,0.0010628
-30.02,133.5,NaN,0.00078517,6.0541e-38,0.0020986
-30.02,136.5,NaN,0.0011224,5.001e-37,0.0036658
-30.02,139.5,0,0.0014326,5.133e-37,0.005396
-30.02,142.5,NaN,0.0014296,2.163e-35,0.0057598
-30.02,145.5,NaN,0.0026755,4.2828e-32,0.012805
-26.59,-67.5,0,0.026444,1.4012e-23,0.1774
-26.59,-64.5,0,0.0089524,1.8549e-27,0.05078
-26.59,-61.5,0,0.0089449,3.938e-26,0.0517
-26.59,-52.5,NaN,0.0031948,1.1698e-23,0.016216
-26.59,-49.5,NaN,0.0026292,7.8893e-23,0.012234
-26.59,13.5,NaN,0.0085667,1.6339e-23,0.046424
-26.59,16.5,NaN,0.0013851,8.8919e-30,0.0041386
-26.59,19.5,NaN,0.00064778,2.7583e-36,0.00086773
-26.59,22.5,NaN,0.00055786,6.1457e-39,0.00053123
-26.59,25.5,NaN,0.0012195,2.2732e-33,0.002851
-26.59,28.5,NaN,0.0048035,3.0971e-28,0.021701
-26.59,37.5,0,0.010586,3.9419e-27,0.06003
-26.59,43.5,NaN,0.0078974,6.9498e-26,0.037593
-26.59,121.5,NaN,0.0021395,1.0889e-24,0.0099731
-26.59,124.5,NaN,0.00092158,8.8808e-29,0.0033863
-26.59,127.5,NaN,0.00094294,9.0983e-30,0.0034799
-26.59,130.5,NaN,0.00063263,1.1295e-32,0.0018216
-26.59,133.5,NaN,0.0011291,9.0402e-31,0.0043905
-26.59,136.5,NaN,0.0016739,5.1315e-30,0.0072654
-26.59,139.5,NaN,0.0027088,9.9131e-29,0.013176
-26.59,142.5,NaN,0.0018772,6.0102e-30,0.008469
-23.26,-64.5,NaN,0.0075159,1.5585e-27,0.041728
-23.26,-61.5,NaN,0.0024455,9.3094e-30,0.010837
-23.26,-58.5,NaN,0.0036023,1.6441e-27,0.018909
-23.26,-55.5,NaN,0.0025567,5.0758e-27,0.012321
-23.26,-52.5,NaN,0.00098542,6.0118e-29,0.0032005
-23.26,-49.5,NaN,0.0012957,2.3917e-26,0.0051625
-23.26,-46.5,NaN,0.0036832,1.0548e-22,0.018777
-23.26,13.5,NaN,0.0062219,3.733e-24,0.026239
-23.26,16.5,NaN,0.00091587,1.2063e-29,0.0019882
-23.26,19.5,NaN,0.00032817,1.0556e-36,0.00028924
-23.26,22.5,NaN,0.00026851,3.166e-40,0.00014155
-23.26,25.5,NaN,0.00053428,2.8264e-34,0.00071228
-23.26,28.5,NaN,0.0011707,2.7544e-30,0.0030073
-23.26,31.5,NaN,0.0031185,7.4099e-27,0.012681
-23.26,43.5,NaN,0.0052761,1.4779e-25,0.020328
-23.26,46.5,NaN,0.0052721,2.0685e-24,0.023885
-23.26,130.5,NaN,0.0010263,6.3559e-29,0.0036997
-23.26,133.5,NaN,0.0012767,8.2145e-29,0.0050435
-23.26,178.5,NaN,0.0034373,6.8292e-27,0.01661
-20.01,-67.5,0,0.021055,2.7629e-27,0.12902
-20.01,-64.5,0,0.012787,1.5745e-30,0.075273
-20.01,-61.5,0,0.0021131,3.1377e-36,0.005794
-20.01,-58.5,NaN,0.0013177,6.5749e-35,0.0033931
-20.01,-55.5,NaN,0.00086075,2.0377e-34,0.0019822
-20.01,-52.5,NaN,0.00049577,1.2177e-34,0.00092967
-20.01,-49.5,NaN,0.00053452,2.9645e-32,0.0010842
-20.01,-46.5,NaN,0.000893,4.3937e-28,0.0026155
-20.01,-43.5,NaN,0.0015396,4.9154e-25,0.0058659
-20.01,-40.5,NaN,0.0027893,3.5705e-23,0.012323
-20.01,13.5,NaN,0.00075923,9.9423e-27,0.0020058
-20.01,16.5,NaN,0.00031926,2.8988e-32,0.00040357
-20.01,19.5,NaN,0.00016378,9.2945e-39,7.2954e-05
-20.01,22.5,NaN,0.000126,1.6612e-43,2.7593e-05
-20.01,25.5,NaN,0.00022493,1.1139e-37,0.00014783
-20.01,28.5,NaN,0.00051741,5.5199e-32,0.00078989
-20.01,31.5,NaN,0.0012898,3.4156e-28,0.0036586
-20.01,34.5,NaN,0.0024628,6.3363e-26,0.0088386
-20.01,46.5,NaN,0.0040107,5.5909e-25,0.011816
-16.83,-67.5,NaN,0.013166,3.1567e-28,0.069836
-16.83,-64.5,NaN,0.005552,1.3469e-31,0.023989
-16.83,-61.5,NaN,0.0010893,2.2574e-37,0.0015964
-16.83,-58.5,NaN,0.00055385,2.5243e-42,0.00031833
-16.83,-55.5,NaN,0.00041671,7.5889e-42,0.00020864
-16.83,-52.5,NaN,0.00025618,7.6718e-42,0.00012238
-16.83,-49.5,NaN,0.00027736,2.4338e-37,0.00023135
-16.83,-46.5,NaN,0.00032561,1.1127e-34,0.00032354
-16.83,-43.5,NaN,0.00063517,1.1372e-30,0.00097571
-16.83,-40.5,NaN,0.0018376,9.5763e-26,0.0058766
-16.83,10.5,NaN,0.0016606,1.2753e-23,0.0068344
-16.83,13.5,NaN,0.001444,2.2682e-26,0.0035049
-16.83,16.5,NaN,0.00024212,1.1032e-32,0.00025383
-16.83,19.5,NaN,0.00012133,2.4098e-39,4.2122e-05
-16.83,22.5,NaN,7.916e-05,3.5702e-47,7.5456e-06
-16.83,25.5,NaN,0.00012674,3.3629e-41,3.6033e-05
-16.83,28.5,NaN,0.00022219,1.0052e-36,0.00015284
-16.83,31.5,NaN,0.0010635,1.6448e-31,0.00098242
-16.83,34.5,NaN,0.001266,1.0508e-29,0.0018029
-16.83,37.5,NaN,0.0015608,1.5014e-27,0.0042512
-16.83,145.5,NaN,0.0065367,6.113e-32,0.032757
-13.71,-178.5,0,0.039788,5.482e-21,0.26292
-13.71,-70.5,NaN,0.012272,9.8954e-30,0.058715
-13.71,-67.5,NaN,0.0047527,1.5301e-32,0.018644
-13.71,-64.5,NaN,0.0013097,4.4372e-37,0.0020305
-13.71,-61.5,NaN,0.00071458,9.9474e-41,0.00045211
-13.71,-58.5,NaN,0.00043512,5.261e-45,8.8266e-05
-13.71,-55.5,NaN,0.00023766,2.1321e-48,3.5859e-05
-13.71,-52.5,NaN,0.00019757,4.743e-47,2.7976e-05
-13.71,-49.5,NaN,0.00018018,2.558e-43,3.4208e-05
-13.71,-46.5,NaN,0.00019426,2.8533e-40,4.787e-05
-13.71,-43.5,NaN,0.00055574,4.343e-32,0.00065606
-13.71,-40.5,NaN,0.0014854,7.5543e-27,0.0039403
-13.71,-37.5,NaN,0.0018968,4.4426e-24,0.0063305
-13.71,13.5,NaN,0.0012805,1.4692e-26,0.0037848
-13.71,16.5,NaN,0.000296,3.1932e-32,0.00041312
-13.71,19.5,NaN,0.00013462,2.8649e-38,6.4172e-05
-13.71,22.5,NaN,8.086e-05,1.2081e-45,8.8641e-06
-13.71,25.5,NaN,8.1367e-05,1.3465e-47,6.6776e-06
-13.71,28.5,NaN,0.0001245,8.4736e-43,2.5502e-05
-13.71,31.5,NaN,0.00045718,1.0175e-37,0.00016306
-13.71,34.5,NaN,0.0010095,1.5845e-32,0.00103
-13.71,37.5,NaN,0.0018414,1.7357e-28,0.0047457
-13.71,130.5,0,0.0032152,3.5545e-32,0.014635
-13.71,139.5,NaN,0.0044074,5.1698e-35,0.020783
-13.71,148.5,0,0.008409,7.1429e-35,0.047719
-10.62,-73.5,NaN,0.012897,4.1886e-31,0.061977
-10.62,-70.5,NaN,0.0030659,9.1957e-37,0.0084056
-10.62,-67.5,NaN,0.0016502,7.578e-40,0.0023695
-10.62,-64.5,NaN,0.00099488,5.6196e-43,0.00073738
-10.62,-61.5,NaN,0.00061568,1.6683e-46,0.00015102
-10.62,-58.5,NaN,0.00032601,5.155e-50,5.253e-05
-10.62,-55.5,NaN,0.0002882,1.6178e-46,6.4177e-05
-10.62,-52.5,NaN,0.00032144,1.0668e-42,6.587e-05
-10.62,-49.5,NaN,0.00027521,3.3292e-40,7.2398e-05
-10.62,-46.5,NaN,0.00026887,5.5112e-37,0.00011388
-10.62,-43.5,NaN,0.00046662,4.1373e-33,0.00048488
-10.62,-40.5,NaN,0.00075262,1.0132e-28,0.0013853
-10.62,-37.5,NaN,0.0016937,1.4539e-24,0.0048757
-10.62,13.5,NaN,0.00087772,1.4937e-28,0.0026028
-10.62,16.5,NaN,0.00029603,8.8952e-34,0.00039123
-10.62,19.5,NaN,0.00013176,2.1242e-40,6.0227e-05
-10.62,22.5,NaN,8.0033e-05,4.912e-48,7.9741e-06
-10.62,25.5,NaN,0.00012569,2.4778e-48,1.1482e-05
-10.62,28.5,NaN,0.00056397,2.1533e-41,0.0001198
-10.62,31.5,NaN,0.0011783,2.392e-37,0.00052999
-10.62,34.5,NaN,0.0011717,9.0797e-34,0.0016018
-10.62,37.5,0,0.002729,2.1628e-31,0.0074692
-10.62,142.5,0,0.005944,6.2337e-36,0.032271
-10.62,145.5,0,0.0070526,8.1607e-36,0.04005
-7.56,-73.5,0,0.0093576,5.776e-37,0.036037
-7.56,-70.5,NaN,0.0033728,1.085e-42,0.0071998
-7.56,-67.5,NaN,0.00164,6.4461e-48,0.0013787
-7.56,-64.5,0,0.0011206,5.3706e-52,0.00041547
-7.56,-61.5,NaN,0.00067195,5.3201e-55,7.8484e-05
-7.56,-58.5,NaN,0.00052899,6.6059e-51,6.2578e-05
-7.56,-55.5,NaN,0.00051142,7.0693e-43,0.00015305
-7.56,-52.5,NaN,0.00055423,3.0744e-37,0.00034878
-7.56,-49.5,NaN,0.00054296,2.1382e-34,0.00043744
-7.56,-46.5,NaN,0.00050904,1.6807e-32,0.00049656
-7.56,-43.5,NaN,0.00067921,2.3917e-29,0.00097246
-7.56,-40.5,NaN,0.00041887,3.6745e-30,0.00042185
-7.56,-37.5,NaN,0.00077872,2.6984e-26,0.0015401
-7.56,-34.5,NaN,0.0015201,5.193e-24,0.0044938
-7.56,13.5,NaN,0.0007163,2.2338e-31,0.0018849
-7.56,16.5,NaN,0.000225,9.8428e-38,0.00023261
-7.56,19.5,NaN,0.00010537,1.3266e-44,2.7911e-05
-7.56,22.5,NaN,7.1976e-05,4.9967e-52,4.45e-06
-7.56,25.5,NaN,0.00015481,1.0407e-46,2.7093e-05
-7.56,28.5,NaN,0.00074882,6.5449e-39,0.00032734
-7.56,31.5,NaN,0.0020195,1.1305e-34,0.0026993
-7.56,34.5,NaN,0.0026766,7.792e-32,0.0078039
-7.56,37.5,NaN,0.0033177,1.6179e-30,0.012587
-7.56,112.5,NaN,0.0017518,2.7001e-34,0.0043349
-7.56,169.5,0,0.013519,1.051e-26,0.073931
-4.53,-76.5,NaN,0.015061,3.1058e-32,0.080789
-4.53,-73.5,0,0.0052493,1.0426e-39,0.017222
-4.53,-70.5,NaN,0.0023761,6.3382e-45,0.0033913
-4.53,-67.5,0,0.0017838,1.3855e-49,0.001424
-4.53,-64.5,0,0.0012929,4.3241e-50,0.00063346
-4.53,-61.5,NaN,0.00072942,8.4874e-52,0.00011046
-4.53,-58.5,NaN,0.00057135,2.8672e-47,9.5083e-05
-4.53,-55.5,NaN,0.00063521,1.0127e-38,0.00034172
-4.53,-52.5,NaN,0.00096068,2.1765e-32,0.0013377
-4.53,-49.5,NaN,0.0014541,1.4858e-28,0.0032197
-4.53,-46.5,NaN,0.0011241,1.153e-27,0.0021998
-4.53,-43.5,NaN,0.0023526,2.5539e-24,0.0069313
-4.53,-40.5,NaN,0.0011949,2.4974e-25,0.0027196
-4.53,-37.5,NaN,0.0011508,3.3678e-24,0.0029452
-4.53,10.5,NaN,0.001388,9.6442e-32,0.0042513
-4.53,13.5,NaN,0.00046702,2.6733e-36,0.00081389
-4.53,16.5,NaN,0.00017813,4.6297e-42,0.00010917
-4.53,19.5,NaN,9.2241e-05,1.9289e-48,1.6114e-05
-4.53,22.5,NaN,6.741e-05,9.8793e-56,2.6501e-06
-4.53,25.5,NaN,0.00019497,4.1673e-46,3.7956e-05
-4.53,28.5,NaN,0.0006813,5.7113e-39,0.00041919
-4.53,31.5,NaN,0.002341,2.8019e-34,0.0051156
-4.53,34.5,NaN,0.0039825,6.9563e-31,0.016988
-4.53,40.5,0,0.005453,7.8106e-32,0.021617
-4.53,109.5,0,0.004117,2.0575e-37,0.009255
-4.53,112.5,0,0.0024355,7.4273e-40,0.0041841
-4.53,121.5,NaN,0.0010145,1.1465e-36,0.0031137
-1.51,-76.5,NaN,0.0083356,9.7655e-28,0.040131
-1.51,-73.5,NaN,0.0025642,9.6749e-33,0.0067925
-1.51,-70.5,NaN,0.0013973,1.8418e-37,0.0017384
-1.51,-67.5,NaN,0.001535,1.6865e-36,0.0021687
-1.51,-64.5,NaN,0.0010837,4.6956e-38,0.0010162
-1.51,-61.5,NaN,0.00065915,1.1688e-42,0.00020456
-1.51,-58.5,NaN,0.00049448,6.9979e-44,8.462e-05
-1.51,-55.5,NaN,0.00055913,2.4009e-36,0.00034059
-1.51,-52.5,NaN,0.00099361,7.6221e-30,0.0018272
-1.51,10.5,0,0.0021006,6.2556e-36,0.0062913
-1.51,13.5,NaN,0.00040797,2.8119e-40,0.00048673
-1.51,16.5,NaN,0.00012998,4.7374e-46,4.4045e-05
-1.51,19.5,NaN,6.403e-05,7.4544e-53,5.4156e-06
-1.51,22.5,NaN,5.3048e-05,2.0892e-59,1.1533e-06
-1.51,25.5,NaN,6.376e-05,4.3918e-49,9.773e-06
-1.51,28.5,NaN,0.00034554,6.9744e-41,0.00018145
-1.51,31.5,NaN,0.00097752,6.1584e-36,0.0014401
-1.51,34.5,NaN,0.0018684,1.1102e-32,0.0058511
-1.51,37.5,0,0.0044527,1.7764e-31,0.01631
-1.51,103.5,0,0.002632,6.6138e-37,0.0064328
-1.51,106.5,0,0.0012856,1.6571e-42,0.0015727
-1.51,109.5,NaN,0.00094086,9.34e-43,0.0013698
-1.51,112.5,NaN,0.00076122,2.1569e-43,0.0013048
-1.51,115.5,0,0.0010434,6.2159e-42,0.002476
-1.51,124.5,0,0.0012577,2.672e-38,0.0037704
-1.51,127.5,0,0.0011487,1.9368e-36,0.003518
-1.51,157.5,0,0.0078914,8.2989e-27,0.037696
-1.51,163.5,0,0.011463,1.2456e-25,0.060053
1.51,-73.5,NaN,0.0032368,3.0793e-27,0.012283
1.51,-70.5,0,0.0021866,1.0011e-30,0.0049315
1.51,-67.5,NaN,0.0028559,2.3415e-29,0.0082152
1.51,-64.5,NaN,0.0015117,2.3406e-32,0.0034015
1.51,-61.5,NaN,0.00090938,2.1599e-36,0.0011338
1.51,-58.5,NaN,0.00064692,4.4714e-37,0.0006637
1.51,-55.5,0,0.00084451,2.9177e-35,0.0010153
1.51,-52.5,NaN,0.00070523,7.3659e-33,0.0010281
1.51,-49.5,NaN,0.0015184,2.1209e-27,0.004895
1.51,4.5,0,0.0035287,5.264e-33,0.012283
1.51,10.5,NaN,0.0014967,8.5247e-34,0.0043303
1.51,13.5,NaN,0.00022732,1.297e-39,0.00024611
1.51,16.5,NaN,7.2039e-05,2.1612e-45,2.5471e-05
1.51,19.5,NaN,3.5392e-05,2.926e-52,2.8812e-06
1.51,22.5,NaN,3.1123e-05,3.9225e-60,4.5833e-07
1.51,25.5,NaN,3.3973e-05,4.3381e-53,1.6433e-06
1.51,28.5,NaN,6.7955e-05,3.867e-43,2.162e-05
1.51,31.5,NaN,0.00019196,2.001e-37,0.00016254
1.51,34.5,NaN,0.00027555,8.3917e-34,0.00043842
1.51,37.5,NaN,0.0006911,7.0034e-31,0.0014088
1.51,40.5,NaN,0.00093199,6.6871e-30,0.0018723
1.51,43.5,NaN,0.00143,1.3235e-28,0.0032903
1.51,100.5,NaN,0.00097271,3.8464e-36,0.0018552
1.51,103.5,NaN,0.00067305,7.9618e-40,0.0011581
1.51,106.5,0,0.00075066,7.4679e-42,0.0013309
1.51,115.5,NaN,0.00087092,2.3185e-43,0.0018394
1.51,118.5,0,0.0012805,4.3137e-42,0.0045688
1.51,130.5,NaN,0.00069837,1.2317e-36,0.0019342
1.51,133.5,NaN,0.001452,1.3795e-33,0.004892
4.53,-73.5,NaN,0.0027336,2.0456e-28,0.009811
4.53,-70.5,NaN,0.0034746,2.0802e-29,0.013017
4.53,-67.5,0,0.0078089,3.3271e-29,0.036328
4.53,-64.5,NaN,0.0043051,5.5201e-32,0.015461
4.53,-61.5,NaN,0.002658,6.9193e-35,0.0064315
4.53,-58.5,NaN,0.001652,1.1932e-34,0.0043379
4.53,-55.5,NaN,0.001657,3.5971e-33,0.0047733
4.53,-52.5,NaN,0.002651,1.7365e-29,0.0096965
4.53,-49.5,NaN,0.0019911,1.5927e-28,0.0072839
4.53,-10.5,NaN,0.00093442,1.7989e-28,0.0029764
4.53,-7.5,NaN,0.0010232,3.9514e-29,0.0031313
4.53,-4.5,NaN,0.00085713,2.2673e-30,0.0025025
4.53,-1.5,NaN,0.00091938,4.6963e-31,0.0027156
4.53,4.5,NaN,0.0010004,8.9495e-32,0.0026872
4.53,7.5,NaN,0.00094442,2.7018e-32,0.0023609
4.53,10.5,NaN,0.00086708,2.019e-33,0.0017218
4.53,13.5,NaN,0.00018808,4.7217e-37,0.00016094
4.53,16.5,NaN,3.6564e-05,6.6603e-43,1.1729e-05
4.53,19.5,NaN,1.7237e-05,1.7592e-51,1.2293e-06
4.53,22.5,NaN,1.8987e-05,7.7405e-60,2.7333e-07
4.53,25.5,NaN,2.3125e-05,1.0062e-56,5.0653e-07
4.53,28.5,NaN,2.9537e-05,1.9734e-49,2.4412e-06
4.53,31.5,NaN,4.6907e-05,1.0812e-42,1.5079e-05
4.53,34.5,NaN,9.5663e-05,1.1803e-35,0.00012454
4.53,37.5,NaN,0.00024983,9.519e-33,0.00042404
4.53,40.5,NaN,0.00031827,2.4464e-32,0.0004865
4.53,43.5,NaN,0.00053089,1.0714e-30,0.0010472
4.53,73.5,0,0.0034242,8.9084e-35,0.0079434
4.53,100.5,0,0.0010874,6.5156e-40,0.0013666
4.53,103.5,0,0.0021925,5.3107e-39,0.0045462
4.53,112.5,0,0.0019231,1.6425e-44,0.0060984
4.53,115.5,0,0.0019042,4.0913e-45,0.0067231
4.53,118.5,0,0.0016305,2.9095e-44,0.0065467
4.53,130.5,0,0.0018077,1.1776e-38,0.0065813
4.53,133.5,0,0.0022737,6.3775e-37,0.0087548
4.53,136.5,0,0.0025353,7.1535e-35,0.010487
7.56,-64.5,0,0.0083287,2.6116e-33,0.043274
7.56,-61.5,0,0.0078754,1.2707e-34,0.036734
7.56,-58.5,NaN,0.004432,1.7914e-34,0.018255
7.56,-55.5,0,0.006198,4.4049e-33,0.030116
7.56,-10.5,NaN,0.00065968,1.8201e-30,0.00084153
7.56,-7.5,NaN,0.00047452,4.2167e-32,0.00047242
7.56,-4.5,NaN,0.00016787,5.3683e-34,0.00016484
7.56,-1.5,NaN,0.00013332,4.6019e-35,0.00011038
7.56,1.5,NaN,0.00019479,2.524e-33,0.00021678
7.56,4.5,NaN,0.00011393,6.7292e-35,8.939e-05
7.56,7.5,NaN,0.00011478,2.8256e-34,0.00010068
7.56,10.5,NaN,3.9718e-05,1.0746e-38,1.7636e-05
7.56,13.5,NaN,2.2935e-05,2.5184e-41,7.4995e-06
7.56,16.5,NaN,1.3322e-05,8.655e-47,1.9156e-06
7.56,19.5,NaN,1.2186e-05,5.8078e-54,5.192e-07
7.56,22.5,NaN,2.2913e-05,2.3821e-62,1.257e-07
7.56,25.5,NaN,3.1714e-05,4.9867e-57,4.1694e-07
7.56,28.5,NaN,4.5114e-05,6.6432e-49,3.0635e-06
7.56,31.5,NaN,8.2676e-05,8.2941e-42,3.5305e-05
7.56,34.5,NaN,0.00037372,6.9851e-35,0.00088002
7.56,37.5,0,0.0021837,8.9105e-32,0.0071124
7.56,49.5,0,0.0030839,2.6911e-29,0.010108
7.56,73.5,0,0.0046063,1.0512e-35,0.010508
7.56,76.5,0,0.0064511,2.7843e-34,0.018838
7.56,100.5,0,0.0012674,1.6699e-42,0.0016682
7.56,103.5,0,0.0026122,1.6703e-41,0.0060412
7.56,106.5,0,0.0027362,1.0866e-42,0.0075367
7.56,115.5,0,0.001739,3.3185e-46,0.0057505
7.56,118.5,0,0.001527,2.2684e-45,0.0061885
7.56,127.5,0,0.0020715,1.928e-41,0.0083862
7.56,130.5,0,0.0028206,3.2347e-40,0.0108
7.56,133.5,0,0.0033115,4.8318e-38,0.013124
7.56,145.5,0,0.0040166,1.8249e-29,0.019154
10.62,-82.5,0,0.0038113,5.5752e-31,0.014784
10.62,-13.5,0,0.0014258,3.2533e-28,0.0032446
10.62,-10.5,NaN,0.0001623,1.478e-33,0.0001457
10.62,-7.5,NaN,4.7156e-05,1.0455e-39,1.119e-05
10.62,-4.5,NaN,3.9064e-05,2.7234e-40,8.6971e-06
10.62,-1.5,NaN,3.8974e-05,2.1782e-39,1.1022e-05
10.62,1.5,NaN,3.9843e-05,6.0585e-38,1.4719e-05
10.62,4.5,NaN,2.6979e-05,1.2042e-39,7.1363e-06
10.62,7.5,NaN,2.799e-05,3.4781e-39,7.0792e-06
10.62,10.5,NaN,1.5984e-05,5.7304e-43,2.3446e-06
10.62,13.5,NaN,1.2118e-05,1.6979e-47,7.8605e-07
10.62,16.5,NaN,1.1396e-05,3.0196e-52,3.5583e-07
10.62,19.5,NaN,1.4797e-05,1.0017e-58,1.1484e-07
10.62,22.5,NaN,2.359e-05,5.484e-61,1.1351e-07
10.62,25.5,NaN,3.1723e-05,1.0189e-50,1.3568e-06
10.62,28.5,NaN,5.7217e-05,2.2976e-43,1.2503e-05
10.62,31.5,NaN,0.00010592,2.7944e-40,7.1945e-05
10.62,34.5,NaN,0.00093238,2.325e-35,0.0016638
10.62,37.5,0,0.0041328,3.7894e-34,0.011609
10.62,40.5,0,0.0054933,1.6934e-33,0.022888
10.62,43.5,NaN,0.0027428,4.3853e-35,0.0072723
10.62,46.5,0,0.0036339,2.3205e-33,0.011871
10.62,70.5,NaN,0.0016849,9.1945e-34,0.0033357
10.62,73.5,NaN,0.00052329,6.7609e-37,0.00036128
10.62,76.5,NaN,0.00089425,3.103e-34,0.0015764
10.62,79.5,NaN,0.0010658,7.2289e-33,0.0023092
10.62,97.5,0,0.0024274,2.7581e-38,0.0060858
10.62,100.5,0,0.0008122,3.0418e-46,0.00068568
10.62,103.5,0,0.0010459,2.976e-45,0.0016955
10.62,106.5,NaN,0.0013133,1.9436e-43,0.0044023
10.62,109.5,0,0.0015982,2.9658e-43,0.0053435
10.62,121.5,0,0.0013387,8.0313e-41,0.0051503
13.71,-85.5,0,0.0045606,7.5463e-33,0.020329
13.71,-64.5,0,0.0020453,1.0759e-35,0.0066194
13.71,-16.5,NaN,0.00037178,2.8088e-28,0.00066041
13.71,-13.5,NaN,0.00014638,3.9326e-31,0.00015562
13.71,-10.5,NaN,5.1424e-05,6.8329e-36,1.8715e-05
13.71,-7.5,NaN,2.805e-05,4.8127e-41,3.2546e-06
13.71,-4.5,NaN,1.9943e-05,9.099e-47,6.0999e-07
13.71,-1.5,NaN,2.0221e-05,4.998e-45,8.6483e-07
13.71,1.5,NaN,1.9773e-05,5.6899e-44,9.3102e-07
13.71,4.5,NaN,1.7738e-05,6.9325e-46,6.1021e-07
13.71,7.5,NaN,1.6433e-05,4.1209e-47,4.4516e-07
13.71,10.5,NaN,1.5462e-05,1.3365e-49,2.5864e-07
13.71,13.5,NaN,1.5573e-05,4.8406e-54,1.244e-07
13.71,16.5,NaN,1.5281e-05,1.7614e-54,1.2461e-07
13.71,19.5,NaN,1.5454e-05,1.4523e-54,1.3855e-07
13.71,22.5,NaN,1.7351e-05,1.4052e-55,1.478e-07
13.71,25.5,NaN,2.1463e-05,2.2246e-47,1.1896e-06
13.71,28.5,NaN,2.9872e-05,1.1445e-41,7.3794e-06
13.71,31.5,NaN,5.9503e-05,5.7832e-38,4.7345e-05
13.71,34.5,NaN,0.00028667,8.5886e-34,0.00047411
13.71,40.5,0,0.0016622,1.5807e-34,0.0026319
13.71,43.5,NaN,0.0013081,1.1113e-34,0.0027486
13.71,52.5,0,0.0019243,1.978e-35,0.0040112
13.71,70.5,0,0.0014821,2.8131e-36,0.0023847
13.71,73.5,NaN,0.00035958,1.631e-37,0.00028344
13.71,76.5,NaN,0.000209,5.8743e-39,0.00010009
13.71,79.5,NaN,0.00029321,4.8792e-36,0.0003285
13.71,82.5,NaN,0.00058429,2.1085e-33,0.0012217
13.71,97.5,NaN,0.00051724,6.3507e-42,0.0015231
13.71,100.5,0,0.00022649,3.0579e-49,0.00020492
13.71,103.5,NaN,0.0003607,4.5595e-47,0.00069662
13.71,106.5,0,0.00075195,2.9919e-45,0.0019917
16.83,-94.5,0,0.0077167,9.4932e-28,0.041967
16.83,-91.5,NaN,0.0043418,1.9029e-30,0.021
16.83,-88.5,NaN,0.0032562,2.9396e-32,0.014238
16.83,-85.5,NaN,0.0030978,1.6675e-33,0.013398
16.83,-73.5,0,0.004177,6.3185e-38,0.015398
16.83,-70.5,0,0.0036088,4.4245e-38,0.012526
16.83,-67.5,0,0.002646,1.5513e-37,0.0089554
16.83,-13.5,NaN,7.9812e-05,1.2995e-31,5.2265e-05
16.83,-10.5,NaN,2.9499e-05,8.4085e-38,5.4304e-06
16.83,-7.5,NaN,1.936e-05,2.9038e-44,6.8768e-07
16.83,-4.5,NaN,1.8303e-05,6.0519e-51,1.2955e-07
16.83,-1.5,NaN,1.9685e-05,1.096e-52,9.0769e-08
16.83,1.5,NaN,2.087e-05,4.146e-52,1.0266e-07
16.83,4.5,NaN,2.2151e-05,1.1802e-53,7.3512e-08
16.83,7.5,NaN,2.3366e-05,4.1315e-55,6.2543e-08
16.83,10.5,NaN,2.2756e-05,9.0916e-50,1.5841e-07
16.83,13.5,NaN,2.2849e-05,2.9747e-46,3.0136e-07
16.83,16.5,NaN,2.2986e-05,6.4384e-45,4.3111e-07
16.83,19.5,NaN,2.283e-05,4.7064e-45,4.3124e-07
16.83,22.5,NaN,2.2621e-05,3.7675e-46,4.4182e-07
16.83,25.5,NaN,2.2844e-05,5.0017e-46,6.0017e-07
16.83,28.5,NaN,2.984e-05,7.2936e-40,5.7605e-06
16.83,31.5,NaN,6.5192e-05,2.2261e-35,6.4079e-05
16.83,34.5,NaN,0.00022121,5.3676e-33,0.00039796
16.83,40.5,NaN,0.00021397,1.8575e-36,0.00024172
16.83,43.5,NaN,0.00014137,3.6433e-39,0.00014835
16.83,46.5,NaN,0.00035077,1.0904e-37,0.00050647
16.83,52.5,0,0.001366,3.3656e-38,0.0022904
16.83,55.5,0,0.001481,4.4042e-39,0.0025698
16.83,73.5,NaN,0.00021553,8.6652e-40,0.0002237
16.83,76.5,NaN,6.9578e-05,2.9833e-45,3.0963e-05
16.83,79.5,NaN,7.684e-05,3.0951e-44,6.0097e-05
16.83,82.5,NaN,0.00018017,1.0163e-40,0.00030222
16.83,85.5,NaN,0.00030368,1.8299e-40,0.00064898
16.83,91.5,NaN,0.00079097,1.6984e-41,0.0021409
16.83,94.5,NaN,0.00063747,1.8796e-43,0.0018413
16.83,97.5,NaN,0.00030747,2.1041e-48,0.00066458
16.83,100.5,0,0.00025555,2.8415e-52,0.00043777
16.83,103.5,NaN,0.00077601,8.6122e-47,0.0022165
16.83,121.5,0,0.0019821,2.0253e-38,0.0078884
20.01,-97.5,NaN,0.0096179,3.9552e-22,0.056946
20.01,-94.5,0,0.0054435,8.2775e-26,0.029975
20.01,-76.5,0,0.0047427,1.6765e-33,0.018693
20.01,-73.5,0,0.0039347,5.4948e-34,0.014552
20.01,-13.5,NaN,0.00010442,7.921e-31,5.9287e-05
20.01,-10.5,NaN,3.4752e-05,2.4409e-36,7.0697e-06
20.01,-7.5,NaN,2.4434e-05,6.8528e-41,1.4878e-06
20.01,-4.5,NaN,2.2208e-05,5.1364e-46,3.9774e-07
20.01,-1.5,NaN,2.3972e-05,1.0913e-51,1.0089e-07
20.01,1.5,NaN,2.8782e-05,3.6773e-58,3.0882e-08
20.01,4.5,NaN,3.1576e-05,2.7691e-52,7.7034e-08
20.01,7.5,NaN,3.5642e-05,6.5757e-48,2.1224e-07
20.01,10.5,NaN,4.1831e-05,7.3382e-44,5.9941e-07
20.01,13.5,NaN,5.1498e-05,2.3747e-40,1.9957e-06
20.01,16.5,NaN,5.8629e-05,2.5664e-39,3.9786e-06
20.01,19.5,NaN,5.8311e-05,8.4226e-40,4.5032e-06
20.01,22.5,NaN,5.3956e-05,3.1418e-41,3.5428e-06
20.01,25.5,NaN,4.5949e-05,3.5006e-44,1.5847e-06
20.01,28.5,NaN,6.2978e-05,6.4428e-40,1.2306e-05
20.01,31.5,NaN,0.00011001,9.9502e-37,7.9082e-05
20.01,37.5,NaN,0.00072803,1.5753e-34,0.0010302
20.01,40.5,NaN,0.00039067,6.2928e-39,0.00026949
20.01,43.5,NaN,9.9566e-05,1.2916e-41,9.921e-05
20.01,52.5,0,0.00080005,4.3781e-42,0.0012158
20.01,64.5,0,0.00099913,2.5754e-43,0.0013845
20.01,67.5,NaN,0.00037894,9.7701e-45,0.00039971
20.01,70.5,NaN,0.00027757,2.0589e-44,0.00029533
20.01,73.5,NaN,0.00015981,2.5541e-46,0.00015448
20.01,76.5,NaN,6.7301e-05,4.8038e-52,3.4088e-05
20.01,79.5,NaN,5.6953e-05,1.0108e-55,2.1189e-05
20.01,82.5,NaN,9.0075e-05,8.027e-54,6.6179e-05
20.01,85.5,NaN,0.00025123,7.4442e-51,0.00037913
20.01,88.5,NaN,0.00093784,1.4175e-48,0.0022399
20.01,91.5,0,0.00070692,4.2236e-53,0.0013405
20.01,94.5,NaN,0.0010725,5.0777e-55,0.0019931
20.01,97.5,0,0.0016638,1.5308e-57,0.0026191
20.01,100.5,NaN,0.0015413,1.5665e-54,0.0034676
20.01,103.5,NaN,0.0017438,1.4576e-50,0.005657
20.01,106.5,NaN,0.0016287,1.5236e-48,0.0049469
20.01,109.5,NaN,0.0010085,6.1242e-48,0.0028176
23.26,-100.5,NaN,0.012932,1.2244e-15,0.076143
23.26,-97.5,NaN,0.008812,1.086e-17,0.04943
23.26,-85.5,NaN,0.0040285,3.9113e-24,0.020142
23.26,-13.5,NaN,0.00036838,1.6659e-29,0.00019611
23.26,-10.5,NaN,0.00021787,3.5588e-32,7.0718e-05
23.26,-7.5,NaN,8.4865e-05,2.2356e-36,1.4245e-05
23.26,-4.5,NaN,4.2315e-05,1.9137e-41,3.3638e-06
23.26,-1.5,NaN,3.4541e-05,5.5616e-47,6.9253e-07
23.26,1.5,NaN,3.7631e-05,2.0438e-51,2.1298e-07
23.26,4.5,NaN,4.9734e-05,1.4861e-47,4.8952e-07
23.26,7.5,NaN,7.416e-05,2.2864e-43,1.8638e-06
23.26,10.5,0,0.0001179,3.1409e-41,5.0197e-06
23.26,13.5,NaN,0.00017563,7.6694e-38,2.2923e-05
23.26,16.5,NaN,0.00026964,5.1542e-35,8.442e-05
23.26,19.5,NaN,0.00027546,1.3939e-35,8.5399e-05
23.26,22.5,NaN,0.00022053,1.408e-37,4.4298e-05
23.26,25.5,NaN,0.00016199,4.5007e-41,1.6792e-05
23.26,28.5,NaN,0.00025212,4.049e-40,5.7485e-05
23.26,31.5,0,0.00072151,1.9903e-37,0.0006003
23.26,34.5,0,0.0011952,3.6662e-36,0.0019223
23.26,37.5,NaN,0.00077978,1.7056e-39,0.0007884
23.26,40.5,NaN,0.00045096,1.7558e-39,0.00070795
23.26,43.5,NaN,0.00038369,2.0066e-40,0.00066398
23.26,49.5,0,0.00081117,5.4383e-43,0.0014521
23.26,67.5,NaN,0.00035865,8.7327e-49,0.00040072
23.26,70.5,NaN,0.00016041,5.5139e-54,7.9744e-05
23.26,73.5,NaN,0.00012786,3.3312e-57,3.5927e-05
23.26,76.5,NaN,6.9755e-05,2.235e-61,2.4514e-05
23.26,79.5,NaN,7.2054e-05,4.5106e-67,3.0235e-05
23.26,82.5,NaN,0.00018085,1.3623e-63,0.00015824
23.26,85.5,NaN,0.00053309,2.2721e-59,0.00085528
23.26,88.5,NaN,0.0012188,3.2516e-58,0.0025091
23.26,91.5,0,0.0013269,3.1704e-61,0.0027072
23.26,94.5,NaN,0.00062306,1.0661e-67,0.0010246
23.26,97.5,NaN,0.00055188,5.2941e-71,0.00088313
23.26,100.5,0,0.0019742,1.3343e-65,0.0044323
23.26,103.5,0,0.0028139,6.9269e-62,0.0078114
23.26,106.5,0,0.0014206,5.6122e-60,0.0037932
23.26,109.5,0,0.0012673,7.3483e-57,0.0028853
23.26,112.5,NaN,0.0018841,2.0809e-48,0.0058462
23.26,115.5,NaN,0.0026502,2.1213e-43,0.0099102
26.59,-106.5,NaN,0.018091,7.0771e-10,0.10393
26.59,-103.5,NaN,0.014819,1.3509e-10,0.083732
26.59,-100.5,NaN,0.0085893,2.1095e-12,0.046693
26.59,-97.5,NaN,0.013415,2.4919e-12,0.079221
26.59,-10.5,NaN,0.0015097,1.2095e-30,0.0011812
26.59,-7.5,0,0.00098705,2.1527e-35,0.00035153
26.59,-4.5,0,0.00034618,3.0651e-40,5.9391e-05
26.59,-1.5,NaN,7.6946e-05,1.0537e-44,7.5195e-06
26.59,1.5,NaN,6.2747e-05,1.1951e-46,3.229e-06
26.59,4.5,NaN,7.6016e-05,1.1937e-45,2.978e-06
26.59,7.5,NaN,0.00013351,6.4755e-41,1.0173e-05
26.59,10.5,NaN,0.00027239,1.299e-37,4.898e-05
26.59,13.5,NaN,0.00047429,2.2196e-35,0.00018142
26.59,16.5,NaN,0.00084345,1.5993e-33,0.00058555
26.59,19.5,0,0.0013517,2.0925e-33,0.0011972
26.59,22.5,NaN,0.00073768,2.7296e-36,0.000308
26.59,25.5,NaN,0.00070336,1.0803e-37,0.00033088
26.59,28.5,NaN,0.0006781,1.628e-38,0.00036074
26.59,34.5,NaN,0.0010619,4.6349e-39,0.0013066
26.59,37.5,NaN,0.00054362,2.7259e-43,0.0004279
26.59,40.5,NaN,0.00071822,1.1625e-41,0.0008611
26.59,55.5,0,0.001166,3.1408e-48,0.0017607
26.59,58.5,NaN,0.00077461,4.7888e-50,0.00098511
26.59,61.5,NaN,0.00065075,4.4571e-51,0.001091
26.59,64.5,NaN,0.00060353,1.0828e-51,0.00092119
26.59,67.5,NaN,0.00055495,1.6999e-53,0.00078781
26.59,70.5,NaN,0.0002224,8.3799e-60,4.8799e-05
26.59,73.5,NaN,0.00010744,1.6712e-64,5.0421e-05
26.59,76.5,0,9.4027e-05,5.9372e-73,2.6401e-05
26.59,79.5,NaN,6.6019e-05,3.346e-79,1.11e-05
26.59,82.5,NaN,0.00012568,2.5369e-74,5.4138e-05
26.59,85.5,NaN,0.00026448,3.2189e-71,0.000187
26.59,88.5,NaN,0.00046471,1.7525e-70,0.00041905
26.59,91.5,NaN,0.00059719,5.8787e-74,0.00057137
26.59,94.5,0,0.00063638,6.38e-80,0.00047855
26.59,97.5,0,0.00064481,2.5977e-81,0.00054756
26.59,100.5,0,0.00097347,2.3482e-75,0.0017849
26.59,103.5,0,0.00072973,2.4987e-73,0.0015432
26.59,106.5,0,0.001046,6.0857e-70,0.0027672
26.59,109.5,0,0.00079463,1.2227e-65,0.0010727
26.59,112.5,NaN,0.00091684,3.5098e-56,0.0021985
26.59,115.5,0,0.0021454,5.1772e-47,0.0078211
26.59,118.5,NaN,0.0047419,8.8586e-40,0.02345
26.59,121.5,0,0.0094279,2.2163e-34,0.048279
30.02,-109.5,NaN,0.057995,2.0457e-05,0.27069
30.02,-106.5,NaN,0.034648,2.5853e-06,0.17071
30.02,-103.5,0,0.013724,1.2321e-08,0.07452
30.02,-100.5,NaN,0.014223,2.0209e-08,0.077538
30.02,-97.5,NaN,0.016408,3.7728e-09,0.091879
30.02,-85.5,0,0.013748,7.2028e-15,0.081339
30.02,-7.5,0,0.0012557,3.9488e-34,0.0014735
30.02,-4.5,0,0.00072832,2.1789e-37,0.00055473
30.02,-1.5,NaN,0.00043005,3.6617e-38,0.00022298
30.02,1.5,0,0.00020238,2.2067e-41,7.1329e-05
30.02,4.5,0,0.0002185,3.2155e-40,6.7028e-05
30.02,7.5,NaN,0.00025709,1.583e-38,8.4715e-05
30.02,10.5,NaN,0.00040576,1.5443e-37,0.00018264
30.02,13.5,0,0.00091763,1.0152e-35,0.00098466
30.02,22.5,0,0.0010878,4.7856e-37,0.00098385
30.02,31.5,0,0.0012186,1.8551e-40,0.0013447
30.02,37.5,NaN,0.00084745,1.6392e-46,0.00066812
30.02,40.5,0,0.0019873,4.3385e-46,0.0025654
30.02,43.5,0,0.0021446,2.2261e-47,0.002945
30.02,46.5,NaN,0.0015069,3.2487e-49,0.0020731
30.02,49.5,NaN,0.0010254,4.7972e-52,0.0012751
30.02,52.5,NaN,0.0011676,2.0573e-51,0.0021254
30.02,55.5,NaN,0.00045036,1.5052e-57,0.00031038
30.02,58.5,NaN,0.00032001,7.1606e-60,0.00012359
30.02,61.5,NaN,0.00023273,5.1308e-61,0.00012193
30.02,64.5,NaN,0.00023703,3.1075e-61,8.265e-05
30.02,67.5,NaN,0.000219,1.7089e-61,0.0001091
30.02,70.5,NaN,0.00022407,1.743e-62,0.00012729
30.02,73.5,NaN,0.00011434,2.6578e-67,4.1773e-05
30.02,76.5,NaN,6.4282e-05,1.1581e-75,1.3421e-05
30.02,79.5,NaN,4.2794e-05,1.3966e-84,3.936e-06
30.02,82.5,NaN,7.0476e-05,6.2741e-83,1.2567e-05
30.02,85.5,0,0.00013571,5.4953e-81,3.1939e-05
30.02,88.5,NaN,0.00017258,2.0008e-78,5.3995e-05
30.02,91.5,NaN,0.000204,1.2225e-79,7.1224e-05
30.02,94.5,NaN,0.00021705,2.9023e-83,6.621e-05
30.02,97.5,0,0.00030016,8.7772e-86,9.96e-05
30.02,100.5,0,0.00022818,3.4879e-82,9.6774e-05
30.02,103.5,0,0.00049329,2.9865e-74,0.00031323
30.02,106.5,0,0.00018606,5.3527e-72,0.00013525
30.02,109.5,NaN,0.00015179,1.2989e-66,0.00013535
30.02,112.5,NaN,0.00027093,1.3528e-56,0.00047775
30.02,115.5,0,0.00086786,2.1067e-46,0.002395
30.02,118.5,NaN,0.0027038,2.5766e-38,0.011335
30.02,121.5,0,0.0095448,2.4368e-30,0.054077
30.02,124.5,0,0.0096246,5.4111e-28,0.05415
33.57,-112.5,0,0.30857,0.020784,0.74856
33.57,-109.5,0,0.24762,0.008833,0.64139
33.57,-106.5,0,0.089503,0.00037584,0.32864
33.57,-103.5,0,0.020451,3.0361e-07,0.11173
33.57,-100.5,NaN,0.019274,2.3348e-07,0.10972
33.57,-97.5,NaN,0.022342,5.1511e-07,0.11634
33.57,-94.5,NaN,0.033185,1.8651e-07,0.1579
33.57,-91.5,NaN,0.042819,2.2331e-08,0.20903
33.57,-88.5,NaN,0.029777,4.2381e-10,0.15903
33.57,-85.5,NaN,0.012633,1.4207e-12,0.071098
33.57,-82.5,NaN,0.017159,1.2044e-13,0.097459
33.57,-4.5,0,0.0013478,2.9384e-34,0.0030747
33.57,-1.5,0,0.0020718,3.8821e-33,0.0056429
33.57,1.5,NaN,0.00063187,1.1556e-35,0.0010941
33.57,4.5,NaN,0.00048615,7.0973e-36,0.00081736
33.57,7.5,NaN,0.00059052,1.1621e-35,0.00096495
33.57,10.5,0,0.00076024,2.402e-36,0.0009959
33.57,13.5,0,0.0007585,1.1383e-37,0.0007991
33.57,22.5,0,0.00074978,2.3672e-39,0.00079351
33.57,25.5,0,0.00073426,7.0887e-41,0.00097246
33.57,40.5,0,0.0011172,1.95e-54,0.001667
33.57,43.5,NaN,0.0022414,8.4231e-54,0.0050057
33.57,46.5,0,0.0026053,3.1787e-58,0.0069308
33.57,49.5,0,0.0024601,4.0576e-59,0.0064031
33.57,52.5,0,0.0016825,6.1169e-60,0.0033337
33.57,55.5,NaN,0.00066896,1.5364e-62,0.00059657
33.57,58.5,NaN,0.00044776,1.024e-63,0.00042395
33.57,61.5,NaN,0.00031536,7.8052e-65,0.00012863
33.57,64.5,NaN,0.00023719,1.7532e-64,0.00010103
33.57,67.5,0,0.00018728,2.6804e-67,6.8333e-05
33.57,70.5,NaN,0.000134,6.6013e-69,3.6047e-05
33.57,73.5,NaN,8.7572e-05,2.869e-72,1.3689e-05
33.57,76.5,NaN,5.8181e-05,3.5023e-77,6.126e-06
33.57,79.5,NaN,4.1022e-05,6.0356e-85,2.2401e-06
33.57,82.5,NaN,4.0823e-05,1.7298e-86,1.9333e-06
33.57,85.5,NaN,5.0321e-05,2.6744e-84,3.2807e-06
33.57,88.5,NaN,5.681e-05,6.2313e-83,5.1544e-06
33.57,91.5,NaN,5.653e-05,3.2779e-83,5.9641e-06
33.57,94.5,NaN,2.8736e-05,8.1966e-85,2.1297e-06
33.57,97.5,NaN,2.8848e-05,3.1365e-84,2.71e-06
33.57,100.5,NaN,2.1814e-05,2.2042e-80,3.6424e-06
33.57,103.5,NaN,2.9548e-05,1.0655e-71,1.0227e-05
33.57,106.5,NaN,9.2637e-05,6.9967e-60,6.51e-05
33.57,109.5,NaN,0.00018742,4.9507e-50,0.00022224
33.57,112.5,NaN,0.00022854,1.8907e-42,0.00042341
33.57,115.5,NaN,0.00073174,3.4644e-35,0.0021928
33.57,118.5,0,0.0023799,8.8318e-30,0.01022
33.57,121.5,0,0.0050529,1.7709e-25,0.024269
33.57,130.5,NaN,0.004413,7.7567e-20,0.024696
33.57,133.5,NaN,0.0044756,3.6676e-18,0.025383
37.27,-112.5,1,0.45993,0.13273,0.80296
37.27,-109.5,1,0.30594,0.063531,0.61464
37.27,-106.5,0,0.17221,0.0083195,0.47535
37.27,-103.5,NaN,0.033078,1.0046e-05,0.15923
37.27,-100.5,0,0.023414,5.9618e-07,0.12897
37.27,-97.5,0,0.024094,3.9442e-07,0.12591
37.27,-94.5,NaN,0.02212,9.4715e-08,0.11702
37.27,-91.5,NaN,0.019,5.0156e-09,0.10226
37.27,-88.5,NaN,0.011534,6.1581e-11,0.065741
37.27,-85.5,NaN,0.0059092,2.0925e-13,0.03297
37.27,-82.5,NaN,0.0048666,2.9804e-15,0.026568
37.27,-79.5,NaN,0.010286,6.2082e-16,0.057586
37.27,-76.5,NaN,0.021037,2.9067e-17,0.12565
37.27,-67.5,0,0.012693,6.8374e-26,0.069639
37.27,-7.5,0,0.0020572,2.1949e-34,0.0075075
37.27,-4.5,0,0.0038489,5.7557e-35,0.016083
37.27,-1.5,0,0.0031937,5.6444e-36,0.011312
37.27,4.5,0,0.0016223,4.0486e-37,0.0048998
37.27,10.5,0,0.0011871,2.21e-39,0.0022114
37.27,13.5,0,0.0011273,2.1435e-40,0.0016786
37.27,16.5,0,0.00099302,1.1862e-41,0.0014341
37.27,19.5,0,0.00085878,4.522e-42,0.0014573
37.27,22.5,0,0.00057265,3.6161e-44,0.00086104
37.27,25.5,0,0.00059977,1.0846e-45,0.0010691
37.27,28.5,0,0.00069428,5.1209e-50,0.0014286
37.27,31.5,0,0.0011605,1.995e-51,0.0037242
37.27,34.5,0,0.00095722,3.0385e-57,0.0024996
37.27,37.5,0,0.001669,3.7242e-58,0.0053293
37.27,40.5,0,0.0016067,6.6535e-60,0.0044431
37.27,43.5,NaN,0.0014508,1.628e-60,0.0042686
37.27,46.5,NaN,0.001417,5.9204e-59,0.0041758
37.27,55.5,NaN,0.0023204,4.936e-55,0.0076673
37.27,58.5,NaN,0.0017601,7.7177e-57,0.0039384
37.27,61.5,NaN,0.0011598,2.4634e-58,0.0017441
37.27,64.5,NaN,0.00066298,3.4474e-59,0.00057286
37.27,67.5,NaN,0.00038058,3.1624e-60,0.00019627
37.27,70.5,NaN,0.00023895,2.7235e-62,6.6654e-05
37.27,73.5,NaN,0.00020076,6.6697e-67,5.0336e-05
37.27,76.5,NaN,9.1828e-05,1.0609e-73,3.5847e-06
37.27,79.5,NaN,5.8482e-05,5.184e-81,7.4552e-07
37.27,82.5,NaN,3.8851e-05,1.9811e-88,1.6508e-07
37.27,85.5,NaN,3.7303e-05,3.8559e-92,1.346e-07
37.27,88.5,0,8.5641e-05,4.2226e-90,5.1733e-07
37.27,91.5,NaN,0.0001012,3.4713e-88,6.605e-07
37.27,94.5,NaN,6.0301e-05,1.0212e-88,3.5739e-07
37.27,97.5,NaN,3.4611e-05,2.1034e-83,3.2863e-07
37.27,100.5,0,3.4283e-05,1.2258e-74,1.0891e-06
37.27,103.5,0,5.1653e-05,3.4538e-64,4.6509e-06
37.27,106.5,NaN,7.3958e-05,1.7937e-53,2.0398e-05
37.27,109.5,NaN,0.00029326,2.242e-43,0.00023737
37.27,112.5,NaN,0.00046503,8.5905e-35,0.00079428
37.27,115.5,NaN,0.00050691,3.4734e-28,0.0013174
37.27,118.5,NaN,0.00097165,1.9839e-23,0.003677
37.27,121.5,0,0.0019692,2.1628e-20,0.0093099
37.27,127.5,0,0.0053228,1.3587e-15,0.030826
37.27,130.5,0,0.0067179,5.2866e-14,0.039231
37.27,136.5,0,0.010805,5.2542e-11,0.063418
41.17,-115.5,0,0.49359,0.12311,0.86964
41.17,-112.5,1,0.29378,0.047554,0.64092
41.17,-109.5,NaN,0.17859,0.017836,0.45925
41.17,-106.5,0,0.10653,0.0014495,0.379
41.17,-103.5,NaN,0.020657,8.0975e-07,0.10784
41.17,-100.5,NaN,0.010677,1.0882e-09,0.059889
41.17,-97.5,0,0.01007,8.57e-10,0.056145
41.17,-94.5,NaN,0.0082851,1.8336e-10,0.045875
41.17,-91.5,NaN,0.0059259,5.4326e-12,0.032025
41.17,-88.5,NaN,0.0037333,4.7655e-14,0.018449
41.17,-85.5,NaN,0.0022692,1.8673e-16,0.009703
41.17,-82.5,NaN,0.0023287,5.0041e-17,0.010832
41.17,-79.5,NaN,0.0034556,2.5636e-17,0.018629
41.17,-76.5,NaN,0.0065247,4.3109e-18,0.034537
41.17,-73.5,NaN,0.018633,1.3411e-18,0.11182
41.17,-64.5,0,0.016063,7.1046e-26,0.092223
41.17,-7.5,NaN,0.0015331,1.0601e-31,0.0046752
41.17,-4.5,NaN,0.0014163,5.7598e-34,0.0033374
41.17,-1.5,0,0.0019687,7.4671e-36,0.004128
41.17,1.5,0,0.002496,2.6741e-36,0.005574
41.17,4.5,0,0.0027996,6.3477e-36,0.0077497
41.17,10.5,0,0.0013771,8.8849e-37,0.0038212
41.17,13.5,0,0.0011641,3.4744e-37,0.0034501
41.17,16.5,0,0.0010891,2.7388e-38,0.0034875
41.17,19.5,0,0.00085899,9.8113e-42,0.0019802
41.17,22.5,0,0.00079192,3.2366e-44,0.0017496
41.17,25.5,0,0.00060958,5.838e-48,0.0012076
41.17,37.5,0,0.0014921,1.4906e-55,0.0051324
41.17,43.5,0,0.0022186,3.6091e-57,0.0078389
41.17,64.5,NaN,0.0025133,2.3923e-54,0.0053905
41.17,67.5,0,0.0017005,1.2896e-55,0.0017387
41.17,70.5,NaN,0.0010187,1.3667e-57,0.00043207
41.17,73.5,0,0.00074318,6.1053e-60,0.00011053
41.17,76.5,NaN,0.00040518,1.3558e-64,2.2403e-05
41.17,79.5,NaN,0.00034155,1.6647e-70,9.261e-06
41.17,82.5,0,0.00025815,4.7221e-78,2.5247e-06
41.17,85.5,NaN,0.00014517,1.0702e-83,4.673e-07
41.17,88.5,0,0.00016322,1.5297e-89,2.3331e-07
41.17,91.5,NaN,8.3406e-05,5.1679e-94,6.8042e-08
41.17,94.5,0,8.5709e-05,1.8096e-85,2.1478e-07
41.17,97.5,NaN,6.6818e-05,6.878e-76,4.4305e-07
41.17,100.5,0,9.4545e-05,1.331e-66,1.585e-06
41.17,103.5,0,9.8589e-05,3.965e-57,4.4829e-06
41.17,106.5,NaN,0.00016667,9.0547e-46,3.4582e-05
41.17,109.5,NaN,0.00031451,4.0638e-37,0.00018245
41.17,112.5,NaN,0.00028854,1.1682e-30,0.00034448
41.17,115.5,NaN,0.00032754,1.986e-25,0.00062271
41.17,118.5,NaN,0.00045377,1.0321e-20,0.0013294
41.17,121.5,NaN,0.00086956,2.4256e-16,0.003491
41.17,124.5,NaN,0.0026252,2.4491e-12,0.01385
41.17,127.5,0,0.012232,2.7876e-09,0.067081
41.17,133.5,0,0.024777,4.0411e-07,0.12338
41.17,136.5,0,0.035364,2.4409e-06,0.16615
41.17,139.5,0,0.044974,1.1413e-05,0.19839
45.32,-118.5,NaN,0.28355,0.03288,0.64336
45.32,-115.5,NaN,0.15129,0.0062805,0.43584
45.32,-112.5,0,0.092043,0.0011658,0.32001
45.32,-109.5,0,0.067777,0.00023391,0.28378
45.32,-106.5,0,0.023887,1.903e-06,0.12113
45.32,-103.5,NaN,0.0097647,1.2786e-10,0.050581
45.32,-100.5,0,0.0051677,8.4984e-15,0.021186
45.32,-97.5,NaN,0.0036274,7.2325e-16,0.01309
45.32,-94.5,0,0.002873,1.3946e-16,0.0095117
45.32,-91.5,NaN,0.0020244,1.749e-17,0.0061278
45.32,-88.5,NaN,0.0013935,4.4736e-19,0.0035659
45.32,-85.5,NaN,0.0011473,4.9781e-19,0.0030549
45.32,-82.5,NaN,0.00116,4.093e-18,0.0039417
45.32,-79.5,NaN,0.0013302,1.0558e-17,0.0053373
45.32,-76.5,NaN,0.0016023,1.1823e-17,0.0074863
45.32,-73.5,NaN,0.0020586,5.2732e-18,0.01027
45.32,-70.5,NaN,0.003642,3.3223e-18,0.018298
45.32,-67.5,NaN,0.008601,5.7478e-18,0.04439
45.32,-64.5,NaN,0.0071158,4.9763e-19,0.037386
45.32,-61.5,NaN,0.0051495,8.558e-20,0.024846
45.32,-58.5,NaN,0.0064869,6.4713e-20,0.032667
45.32,1.5,0,0.0013494,1.4622e-31,0.0043021
45.32,4.5,0,0.00078905,3.8182e-33,0.0024332
45.32,7.5,0,0.0020607,4.1462e-31,0.0079884
45.32,10.5,0,0.0019098,9.4802e-32,0.0081439
45.32,13.5,0,0.0020182,4.6899e-33,0.0095845
45.32,16.5,0,0.0024313,1.1062e-33,0.010593
45.32,19.5,0,0.0029786,2.2091e-35,0.012825
45.32,22.5,0,0.0032928,3.8792e-38,0.013883
45.32,25.5,0,0.0030914,1.0808e-40,0.012646
45.32,28.5,NaN,0.0016438,6.8635e-44,0.0061101
45.32,31.5,0,0.0023304,1.978e-44,0.009775
45.32,55.5,0,0.0092696,1.5757e-48,0.045937
45.32,58.5,NaN,0.0080953,7.198e-48,0.038941
45.32,61.5,NaN,0.0040287,2.8855e-50,0.013888
45.32,64.5,NaN,0.0021814,8.1766e-52,0.0038303
45.32,67.5,NaN,0.0015385,7.7294e-53,0.0013418
45.32,70.5,NaN,0.001197,5.9029e-54,0.00054885
45.32,73.5,NaN,0.00094459,5.4921e-56,0.000159
45.32,76.5,0,0.00079975,9.2346e-59,5.0973e-05
45.32,79.5,NaN,0.00046113,7.8707e-61,1.2086e-05
45.32,82.5,NaN,0.00029017,7.5022e-65,2.9735e-06
45.32,85.5,0,0.00021712,3.6971e-69,9.959e-07
45.32,88.5,NaN,0.00018245,1.9916e-72,5.3009e-07
45.32,91.5,NaN,8.5324e-05,1.1301e-79,1.063e-07
45.32,94.5,NaN,7.4841e-05,4.5595e-72,2.9529e-07
45.32,97.5,NaN,8.6468e-05,5.7321e-62,1.0817e-06
45.32,100.5,NaN,5.9431e-05,3.6168e-55,2.2884e-06
45.32,103.5,NaN,7.1156e-05,5.2361e-47,7.8867e-06
45.32,106.5,NaN,9.1899e-05,1.2842e-39,2.0829e-05
45.32,109.5,NaN,0.0001252,3.3479e-33,6.4411e-05
45.32,112.5,NaN,0.0001804,1.3449e-27,0.0001859
45.32,115.5,NaN,0.00033892,5.1891e-22,0.00061384
45.32,118.5,NaN,0.00056829,4.2337e-17,0.0016782
45.32,121.5,NaN,0.0012977,1.0392e-12,0.006065
45.32,124.5,NaN,0.0034862,3.7933e-09,0.01873
45.32,127.5,0,0.0090618,9.9792e-07,0.04744
45.32,130.5,NaN,0.01917,2.9493e-05,0.087662
45.32,133.5,0,0.099197,0.0010595,0.33908
45.32,139.5,0,0.18606,0.013666,0.49375
45.32,142.5,1,0.2133,0.019584,0.53475
49.8,-118.5,NaN,0.28888,0.01628,0.72107
49.8,-115.5,0,0.16984,0.0040274,0.51284
49.8,-112.5,NaN,0.076983,0.00069579,0.29
49.8,-109.5,NaN,0.021777,1.0171e-05,0.10518
49.8,-106.5,NaN,0.011411,6.0115e-09,0.057854
49.8,-103.5,NaN,0.006285,7.5188e-12,0.027593
49.8,-100.5,NaN,0.003776,1.9042e-15,0.013523
49.8,-97.5,NaN,0.0024583,1.194e-19,0.0064228
49.8,-94.5,NaN,0.0017089,1.3701e-24,0.0027038
49.8,-91.5,NaN,0.0012478,2.8985e-27,0.0013212
49.8,-88.5,NaN,0.00094444,1.212e-24,0.0012759
49.8,-85.5,NaN,0.00075047,1.8243e-22,0.0011329
49.8,-82.5,NaN,0.00062235,5.2508e-21,0.0010455
49.8,-79.5,NaN,0.00054462,4.5448e-20,0.0010619
49.8,-76.5,NaN,0.00053273,8.5962e-19,0.0014066
49.8,-73.5,NaN,0.00054775,3.5206e-18,0.0016072
49.8,-70.5,NaN,0.00060895,9.7912e-18,0.0021072
49.8,-67.5,NaN,0.00064418,8.3126e-18,0.0024086
49.8,-64.5,NaN,0.00055002,1.4693e-18,0.0018422
49.8,-61.5,NaN,0.00053697,7.096e-19,0.0017798
49.8,-58.5,NaN,0.00073165,1.0361e-18,0.002694
49.8,-55.5,NaN,0.00095427,9.2783e-19,0.0038433
49.8,-52.5,NaN,0.00099383,4.0394e-19,0.0041105
49.8,-49.5,NaN,0.0018852,8.4612e-19,0.0092296
49.8,-4.5,NaN,0.0015904,1.1379e-28,0.0055445
49.8,-1.5,NaN,0.0013626,1.0232e-29,0.0048522
49.8,1.5,NaN,0.0015401,2.7648e-30,0.0058167
49.8,4.5,0,0.0022242,1.111e-30,0.0092951
49.8,7.5,0,0.0026006,5.317e-31,0.011084
49.8,10.5,0,0.0018109,1.3661e-32,0.0059259
49.8,13.5,0,0.0016954,1.2518e-33,0.0042935
49.8,16.5,0,0.0023714,3.0507e-33,0.0066316
49.8,19.5,NaN,0.0031693,2.1376e-33,0.011085
49.8,22.5,NaN,0.0029974,4.9647e-35,0.010974
49.8,25.5,0,0.0031681,6.4964e-37,0.012454
49.8,28.5,NaN,0.0014222,1.3647e-39,0.0048327
49.8,31.5,NaN,0.00088632,2.131e-41,0.0030873
49.8,34.5,NaN,0.00072453,1.6969e-43,0.0023766
49.8,37.5,NaN,0.00067293,3.5153e-45,0.0022122
49.8,40.5,NaN,0.00086299,3.4899e-46,0.0027638
49.8,43.5,NaN,0.0014724,1.996e-46,0.0049475
49.8,46.5,NaN,0.002147,7.3708e-47,0.0072104
49.8,49.5,NaN,0.0031137,3.1993e-47,0.010061
49.8,52.5,NaN,0.0040925,1.0074e-47,0.012871
49.8,55.5,NaN,0.0043898,1.0662e-48,0.012267
49.8,58.5,0,0.0049527,1.5819e-48,0.012552
49.8,61.5,NaN,0.0028129,1.7728e-48,0.0069557
49.8,64.5,NaN,0.00178,2.5544e-48,0.0032475
49.8,67.5,NaN,0.0011029,1.7063e-49,0.0011603
49.8,70.5,NaN,0.00071586,3.3887e-50,0.00038663
49.8,73.5,NaN,0.00049866,5.0105e-52,0.0001277
49.8,76.5,0,0.00038432,7.0067e-54,4.3419e-05
49.8,79.5,NaN,0.00023917,3.6113e-55,1.0142e-05
49.8,82.5,NaN,0.00016857,1.3489e-56,2.7263e-06
49.8,85.5,NaN,0.0001308,5.7154e-59,9.2471e-07
49.8,88.5,NaN,0.00011181,6.4921e-62,4.6172e-07
49.8,91.5,NaN,8.8677e-05,4.6339e-63,3.1879e-07
49.8,94.5,NaN,7.7743e-05,3.0011e-63,3.1056e-07
49.8,97.5,NaN,0.00010222,4.8856e-57,1.5388e-06
49.8,100.5,NaN,9.3427e-05,3.4116e-50,3.9835e-06
49.8,103.5,NaN,7.8904e-05,6.9126e-45,8.301e-06
49.8,106.5,NaN,9.6847e-05,3.981e-39,2.2543e-05
49.8,109.5,NaN,0.00015,2.171e-32,8.4287e-05
49.8,112.5,NaN,0.0002448,1.9129e-26,0.000262
49.8,115.5,NaN,0.00045415,2.9762e-21,0.00092199
49.8,118.5,NaN,0.0013581,5.3239e-16,0.0048061
49.8,121.5,NaN,0.0021678,4.0029e-13,0.010491
49.8,124.5,NaN,0.0053091,2.3438e-10,0.029719
49.8,127.5,0,0.016887,2.8389e-07,0.093804
49.8,130.5,0,0.055348,0.0001196,0.23888
49.8,133.5,NaN,0.12857,0.0040095,0.39828
49.8,136.5,0,0.3383,0.049804,0.7124
49.8,142.5,0,0.47883,0.15097,0.82449
54.75,-124.5,NaN,0.24356,0.0092169,0.64309
54.75,-121.5,0,0.17865,0.0029278,0.5526
54.75,-118.5,NaN,0.12333,0.0013471,0.42053
54.75,-115.5,NaN,0.069249,0.00028591,0.27098
54.75,-112.5,0,0.032201,2.5437e-06,0.16566
54.75,-109.5,NaN,0.019274,1.6097e-08,0.10338
54.75,-106.5,NaN,0.010758,1.7254e-10,0.053783
54.75,-103.5,NaN,0.0063622,4.1726e-13,0.026317
54.75,-100.5,NaN,0.0040503,3.7057e-16,0.013563
54.75,-97.5,NaN,0.0027629,8.1384e-20,0.0066644
54.75,-94.5,NaN,0.0019937,4.2518e-24,0.0031288
54.75,-91.5,NaN,0.0015045,4.0802e-29,0.0014007
54.75,-88.5,NaN,0.0011253,2.089e-31,0.00076578
54.75,-85.5,NaN,0.00080535,2.312e-28,0.00065337
54.75,-82.5,NaN,0.00060142,6.0963e-26,0.00058172
54.75,-79.5,NaN,0.00047334,1.1192e-23,0.00057668
54.75,-76.5,NaN,0.00039702,9.0184e-22,0.00060962
54.75,-73.5,NaN,0.00035811,2.5296e-20,0.00068607
54.75,-70.5,NaN,0.00036733,1.205e-18,0.00088042
54.75,-67.5,NaN,0.00042504,2.6823e-17,0.0012757
54.75,-64.5,NaN,0.00055609,1.3737e-16,0.0019196
54.75,-61.5,NaN,0.00082954,4.9363e-16,0.0035035
54.75,-58.5,NaN,0.0014436,1.1103e-15,0.0069489
54.75,-55.5,NaN,0.0030786,1.9987e-15,0.016542
54.75,-52.5,NaN,0.005217,1.6667e-15,0.030054
54.75,-7.5,0,0.0035358,6.0388e-31,0.013385
54.75,-4.5,NaN,0.0025704,2.321e-31,0.0090296
54.75,7.5,0,0.0055872,8.7383e-31,0.025933
54.75,13.5,NaN,0.001874,3.0316e-31,0.0073895
54.75,16.5,NaN,0.00066484,1.1763e-33,0.0018731
54.75,19.5,NaN,0.00030297,2.9804e-36,0.00052576
54.75,22.5,NaN,0.00019768,4.3714e-39,0.00024554
54.75,25.5,NaN,0.00019705,4.1483e-40,0.00028107
54.75,28.5,NaN,0.00018385,3.6013e-41,0.00027124
54.75,31.5,NaN,0.00016482,5.4951e-43,0.00019762
54.75,34.5,NaN,0.00017501,1.2607e-44,0.00018256
54.75,37.5,NaN,0.00022662,1.0672e-45,0.00023589
54.75,40.5,NaN,0.00035334,1.3814e-46,0.00039888
54.75,43.5,NaN,0.00062887,5.2429e-47,0.00080908
54.75,46.5,NaN,0.0011723,4.7113e-48,0.0014479
54.75,49.5,0,0.0024349,6.327e-50,0.0031587
54.75,52.5,0,0.0038135,2.3986e-49,0.0055166
54.75,55.5,NaN,0.002406,9.5229e-48,0.0031556
54.75,58.5,NaN,0.0013891,1.0883e-47,0.0013513
54.75,61.5,NaN,0.00082831,2.0199e-47,0.00064501
54.75,64.5,NaN,0.00047832,9.1773e-48,0.00028815
54.75,67.5,NaN,0.00032193,1.5823e-47,0.00016829
54.75,70.5,NaN,0.00022256,2.4663e-48,7.9945e-05
54.75,73.5,NaN,0.00016252,6.0618e-49,3.4358e-05
54.75,76.5,NaN,0.00012931,5.0026e-48,2.3185e-05
54.75,79.5,NaN,0.00010632,1.2402e-46,1.8872e-05
54.75,82.5,NaN,8.8859e-05,2.0333e-45,1.3219e-05
54.75,85.5,NaN,7.6087e-05,3.3108e-44,8.6942e-06
54.75,88.5,NaN,6.7481e-05,5.5433e-44,6.0332e-06
54.75,91.5,NaN,6.7343e-05,4.7102e-43,6.1437e-06
54.75,94.5,NaN,6.2567e-05,1.487e-43,3.857e-06
54.75,97.5,NaN,6.6303e-05,4.748e-44,3.2517e-06
54.75,100.5,NaN,7.7604e-05,5.4724e-43,4.8647e-06
54.75,103.5,NaN,9.9148e-05,1.7534e-41,8.9966e-06
54.75,106.5,0,0.00013742,1.1658e-39,1.9531e-05
54.75,109.5,NaN,0.0002407,1.2281e-32,0.00010299
54.75,112.5,NaN,0.00038698,2.6091e-27,0.00037675
54.75,115.5,NaN,0.00075487,4.7421e-22,0.0015809
54.75,118.5,NaN,0.0014405,5.9814e-18,0.0050917
54.75,121.5,NaN,0.003397,1.2486e-13,0.017605
54.75,124.5,NaN,0.0088618,4.6217e-10,0.050496
54.75,127.5,0,0.027277,5.5608e-07,0.14517
54.75,130.5,NaN,0.092945,0.00012839,0.37841
54.75,133.5,NaN,0.1498,0.0038094,0.45883
54.75,136.5,NaN,0.3022,0.038121,0.6893
54.75,142.5,1,0.56679,0.20399,0.8968
54.75,157.5,1,0.65615,0.30632,0.93744
60.42,-154.5,NaN,0.12135,0.00022094,0.40275
60.42,-151.5,0,0.20595,0.001114,0.60887
60.42,-130.5,1,0.33918,0.044201,0.733
60.42,-127.5,NaN,0.2282,0.017393,0.58059
60.42,-124.5,0,0.14755,0.004254,0.46407
60.42,-121.5,NaN,0.06972,0.0001082,0.30971
60.42,-118.5,NaN,0.04618,6.3646e-07,0.25378
60.42,-115.5,NaN,0.028875,1.8753e-08,0.16255
60.42,-112.5,NaN,0.018159,1.7964e-10,0.095268
60.42,-109.5,NaN,0.012294,4.6242e-12,0.058717
60.42,-106.5,NaN,0.0084342,5.6088e-14,0.035794
60.42,-103.5,NaN,0.0058951,2.1386e-16,0.020196
60.42,-100.5,NaN,0.0042482,2.46e-19,0.011246
60.42,-97.5,NaN,0.0031644,1.1877e-22,0.0059328
60.42,-94.5,NaN,0.0024307,1.8361e-26,0.0030927
60.42,-91.5,NaN,0.0018205,5.1585e-27,0.0020514
60.42,-88.5,NaN,0.0013262,1.6919e-24,0.0017556
60.42,-85.5,NaN,0.0010025,4.8083e-22,0.0015839
60.42,-82.5,NaN,0.0008001,6.2319e-20,0.001471
60.42,-79.5,NaN,0.00068914,5.6701e-18,0.001676
60.42,-76.5,NaN,0.00065752,2.104e-16,0.0020168
60.42,-73.5,NaN,0.00070827,5.003e-15,0.0025786
60.42,-70.5,NaN,0.00088605,5.3717e-14,0.0036869
60.42,-67.5,NaN,0.0012973,2.3564e-13,0.0060078
60.42,-64.5,NaN,0.0022421,6.4695e-13,0.011431
60.42,-61.5,NaN,0.0045247,1.2814e-12,0.02484
60.42,-58.5,NaN,0.0095487,1.8081e-12,0.052648
60.42,-37.5,NaN,0.0049293,1.4619e-17,0.026539
60.42,-1.5,0,0.010889,1.1263e-29,0.060593
60.42,7.5,NaN,0.0039387,1.8105e-29,0.018823
60.42,10.5,NaN,0.0020722,2.986e-30,0.0081138
60.42,13.5,NaN,0.00096241,1.0843e-31,0.0027611
60.42,16.5,NaN,0.00054323,5.9313e-33,0.001092
60.42,19.5,NaN,0.00034923,2.403e-34,0.00052339
60.42,22.5,NaN,0.00024109,7.0336e-36,0.00025611
60.42,25.5,NaN,0.00038429,9.1994e-35,0.00063351
60.42,28.5,NaN,0.00079123,6.6879e-34,0.001705
60.42,31.5,NaN,0.0016961,2.2582e-33,0.0038463
60.42,34.5,NaN,0.0027678,2.2527e-33,0.0069756
60.42,37.5,NaN,0.0033729,7.6461e-34,0.0084618
60.42,40.5,NaN,0.0039147,2.9531e-34,0.010232
60.42,43.5,NaN,0.0032693,7.8368e-35,0.0079384
60.42,46.5,NaN,0.0025216,1.0247e-35,0.0057746
60.42,49.5,NaN,0.0020176,2.838e-36,0.0044574
60.42,52.5,NaN,0.0016526,1.2209e-36,0.0036093
60.42,55.5,NaN,0.0016713,7.8883e-36,0.0039034
60.42,58.5,NaN,0.0023642,8.3935e-35,0.0058829
60.42,61.5,NaN,0.0018087,2.1843e-34,0.0043174
60.42,64.5,NaN,0.00097942,1.4682e-34,0.0021074
60.42,67.5,NaN,0.00065528,7.4864e-35,0.0012112
60.42,70.5,NaN,0.00042455,2.9183e-35,0.00065656
60.42,73.5,NaN,0.00041323,1.8439e-34,0.00062767
60.42,76.5,NaN,0.00038553,7.0496e-34,0.00055973
60.42,79.5,NaN,0.00034531,1.5436e-33,0.00046649
60.42,82.5,0,0.0003079,2.2085e-33,0.00038496
60.42,85.5,NaN,0.00022885,2.2241e-32,0.00026661
60.42,88.5,NaN,0.00019715,1.1125e-31,0.00019725
60.42,91.5,NaN,0.00017897,3.3095e-31,0.0001601
60.42,94.5,NaN,0.00017329,3.5628e-31,0.00012636
60.42,97.5,NaN,0.00019739,7.2117e-31,0.00012765
60.42,100.5,NaN,0.00027661,7.8033e-30,0.00022435
60.42,103.5,NaN,0.00039933,4.3501e-29,0.00038135
60.42,106.5,0,0.00060909,1.0095e-28,0.00058891
60.42,109.5,0,0.00079621,2.3286e-27,0.00095143
60.42,112.5,NaN,0.00089651,4.8655e-25,0.0014379
60.42,115.5,NaN,0.0012915,9.174e-22,0.0030598
60.42,118.5,NaN,0.0024221,2.0901e-17,0.0094986
60.42,121.5,NaN,0.005063,1.2394e-13,0.025371
60.42,124.5,NaN,0.011511,1.5823e-10,0.063772
60.42,127.5,0,0.027538,5.7374e-08,0.14667
60.42,130.5,NaN,0.056266,1.038e-05,0.25982
60.42,133.5,NaN,0.13199,0.00062492,0.47857
60.42,136.5,NaN,0.26625,0.0080045,0.73823
60.42,139.5,NaN,0.36076,0.030261,0.81986
60.42,142.5,1,0.36415,0.067662,0.7358
60.42,145.5,NaN,0.44752,0.1057,0.8154
60.42,148.5,NaN,0.45286,0.13722,0.78244
60.42,151.5,NaN,0.54364,0.21296,0.85005
60.42,157.5,0,0.64637,0.28036,0.93425
60.42,166.5,1,0.59643,0.20046,0.93166
67.4,-178.5,NaN,0.03335,1.2357e-15,0.20681
67.4,-175.5,0,0.032596,2.5288e-17,0.20397
67.4,-172.5,0,0.037496,4.2083e-16,0.23004
67.4,-169.5,NaN,0.046184,6.8185e-13,0.26578
67.4,-166.5,NaN,0.056014,1.3005e-10,0.29663
67.4,-163.5,NaN,0.069847,1.1365e-08,0.34261
67.4,-160.5,NaN,0.086027,4.8934e-07,0.37522
67.4,-157.5,NaN,0.085618,5.4909e-06,0.34899
67.4,-154.5,NaN,0.080474,2.7194e-05,0.31526
67.4,-151.5,NaN,0.084336,0.00020113,0.30118
67.4,-148.5,NaN,0.093351,0.00090346,0.30765
67.4,-145.5,0,0.17207,0.01075,0.44357
67.4,-142.5,1,0.26054,0.042699,0.57041
67.4,-139.5,0,0.4076,0.099637,0.75927
67.4,-136.5,0,0.44207,0.12386,0.78571
67.4,-133.5,0,0.39063,0.10707,0.72386
67.4,-130.5,1,0.29497,0.057384,0.63509
67.4,-127.5,NaN,0.20508,0.035986,0.47748
67.4,-124.5,NaN,0.14238,0.020311,0.35804
67.4,-121.5,NaN,0.083795,0.0019744,0.29053
67.4,-118.5,NaN,0.055705,0.00013256,0.23922
67.4,-115.5,NaN,0.035875,1.3862e-05,0.17205
67.4,-112.5,NaN,0.022571,1.2321e-06,0.11503
67.4,-109.5,NaN,0.014318,7.4754e-08,0.074138
67.4,-106.5,NaN,0.0095131,4.5702e-09,0.049195
67.4,-103.5,NaN,0.0064467,1.8438e-10,0.031686
67.4,-100.5,NaN,0.0044699,5.1297e-12,0.019627
67.4,-97.5,NaN,0.003178,8.6188e-14,0.012223
67.4,-94.5,NaN,0.0023322,1.6378e-15,0.0073632
67.4,-91.5,NaN,0.0019243,6.1258e-15,0.0064536
67.4,-88.5,NaN,0.0016212,1.842e-14,0.0058297
67.4,-85.5,NaN,0.0013951,4.8096e-14,0.005093
67.4,-82.5,NaN,0.0012494,1.0784e-13,0.0048582
67.4,-79.5,NaN,0.0012022,3.2907e-13,0.0049792
67.4,-76.5,NaN,0.0012277,8.0346e-13,0.0055204
67.4,-73.5,NaN,0.0013173,1.3324e-12,0.0061682
67.4,-70.5,NaN,0.0016063,2.7522e-12,0.0073705
67.4,-67.5,NaN,0.0020746,3.387e-12,0.010117
67.4,-64.5,NaN,0.0027597,4.3353e-12,0.014251
67.4,-61.5,NaN,0.0039566,4.418e-12,0.021946
67.4,-58.5,NaN,0.0058774,3.7448e-12,0.033126
67.4,-55.5,NaN,0.0097234,3.0243e-12,0.053377
67.4,-43.5,NaN,0.0055954,6.6079e-15,0.030969
67.4,-40.5,NaN,0.0025482,1.7324e-16,0.013234
67.4,-37.5,NaN,0.0012835,2.3855e-18,0.0055401
67.4,-34.5,NaN,0.0015172,1.1061e-18,0.0067896
67.4,-31.5,NaN,0.0021492,9.6117e-19,0.010805
67.4,-28.5,NaN,0.003087,5.5397e-19,0.016028
67.4,-25.5,NaN,0.0043063,3.3101e-19,0.023103
67.4,16.5,NaN,0.0081732,5.8789e-25,0.03713
67.4,19.5,NaN,0.0076634,2.9368e-25,0.029633
67.4,22.5,NaN,0.0043661,3.5529e-26,0.015178
67.4,25.5,NaN,0.002662,4.3825e-27,0.0076761
67.4,28.5,NaN,0.0022988,2.8377e-27,0.0065881
67.4,31.5,NaN,0.002817,4.437e-27,0.0085932
67.4,34.5,NaN,0.0032318,4.3945e-27,0.0095247
67.4,37.5,NaN,0.0051397,2.3921e-26,0.01668
67.4,40.5,NaN,0.0097924,2.6078e-25,0.039617
67.4,58.5,NaN,0.016297,5.2211e-23,0.079733
67.4,61.5,NaN,0.010099,2.3534e-23,0.042165
67.4,64.5,NaN,0.011452,9.3092e-23,0.050715
67.4,67.5,NaN,0.012896,6.4404e-22,0.059019
67.4,70.5,NaN,0.013924,3.1095e-21,0.065524
67.4,73.5,NaN,0.013336,9.5718e-21,0.061255
67.4,76.5,NaN,0.0097679,1.4301e-20,0.041491
67.4,79.5,NaN,0.008197,2.7711e-20,0.034524
67.4,82.5,NaN,0.0060463,4.5926e-20,0.025018
67.4,85.5,NaN,0.0040385,4.6864e-20,0.016588
67.4,88.5,NaN,0.0027343,5.3564e-20,0.01028
67.4,91.5,NaN,0.0018645,5.8412e-20,0.0064193
67.4,94.5,NaN,0.0017223,1.6475e-19,0.0061999
67.4,97.5,NaN,0.0026199,4.1421e-18,0.010541
67.4,100.5,NaN,0.003677,5.6108e-17,0.016222
67.4,103.5,NaN,0.0046888,7.3027e-16,0.022741
67.4,106.5,NaN,0.0054619,5.166e-15,0.027771
67.4,109.5,NaN,0.0062944,3.6764e-14,0.032702
67.4,112.5,NaN,0.007192,2.8982e-13,0.039006
67.4,115.5,NaN,0.0076156,1.6204e-12,0.042035
67.4,118.5,NaN,0.0075499,6.0133e-12,0.04105
67.4,121.5,NaN,0.008377,2.5426e-11,0.047339
67.4,124.5,NaN,0.0098286,1.4046e-10,0.056591
67.4,127.5,NaN,0.010554,2.4871e-10,0.057657
67.4,130.5,0,0.013692,6.8302e-10,0.075041
67.4,133.5,NaN,0.021199,2.2837e-08,0.11272
67.4,136.5,0,0.032733,3.0479e-07,0.16533
67.4,139.5,NaN,0.043268,3.5778e-06,0.20188
67.4,142.5,NaN,0.055239,2.0602e-05,0.23617
67.4,145.5,NaN,0.066608,6.484e-05,0.27368
67.4,148.5,NaN,0.094445,0.00029272,0.3528
67.4,151.5,0,0.14616,0.0010954,0.47534
67.4,154.5,0,0.16954,0.0017989,0.52446
67.4,157.5,NaN,0.1546,0.002025,0.48146
67.4,160.5,NaN,0.13249,0.0017884,0.43012
67.4,163.5,NaN,0.13458,0.0021865,0.43247
67.4,166.5,NaN,0.20424,0.005149,0.60043
67.4,169.5,NaN,0.16504,0.0053587,0.47771
67.4,172.5,NaN,0.18181,0.0047374,0.54289
67.4,175.5,NaN,0.19988,0.0062388,0.56893
67.4,178.5,NaN,0.17583,0.0049372,0.51116
