-67.4,-70.5,NaN,0.59022,0.16955,0.93439
-67.4,-67.5,NaN,0.61194,0.17663,0.9488
-67.4,-64.5,NaN,0.60952,0.17045,0.94379
-67.4,-61.5,0,0.54946,0.12715,0.91712
-67.4,46.5,NaN,0.24473,0.00087172,0.73573
-67.4,49.5,NaN,0.28086,0.0014108,0.77535
-67.4,52.5,NaN,0.3077,0.0018289,0.80303
-67.4,76.5,0,0.13328,6.5893e-07,0.55256
-67.4,79.5,0,0.14846,1.0805e-06,0.59239
-67.4,94.5,NaN,0.22731,0.00033323,0.67845
-67.4,97.5,NaN,0.31165,0.0016849,0.78129
-67.4,100.5,NaN,0.32375,0.0027121,0.78666
-67.4,103.5,NaN,0.34736,0.0048068,0.8064
-67.4,106.5,NaN,0.35161,0.0064517,0.80064
-67.4,109.5,NaN,0.3748,0.0095655,0.81902
-67.4,112.5,NaN,0.39794,0.014757,0.83882
-67.4,115.5,NaN,0.42096,0.020568,0.85632
-67.4,118.5,NaN,0.43173,0.024859,0.86321
-67.4,121.5,NaN,0.46624,0.036468,0.88786
-67.4,124.5,NaN,0.48831,0.047053,0.90159
-67.4,127.5,NaN,0.53059,0.069845,0.92462
-67.4,130.5,NaN,0.55147,0.083021,0.93417
-67.4,133.5,NaN,0.57162,0.097469,0.94344
-67.4,136.5,NaN,0.59097,0.11357,0.95245
-67.4,139.5,NaN,0.60946,0.13112,0.95954
-67.4,142.5,NaN,0.62704,0.14636,0.96609
-67.4,145.5,NaN,0.6243,0.14881,0.96553
-67.4,148.5,NaN,0.67948,0.19793,0.97992
-54.75,-70.5,1,0.572,0.20159,0.90039
-54.75,-67.5,1,0.58702,0.21883,0.90788
-49.8,-70.5,0,0.70278,0.36827,0.94283
-49.8,-67.5,NaN,0.66767,0.32911,0.92262
-49.8,148.5,NaN,0.88057,0.61507,0.99762
-49.8,178.5,NaN,0.9567,0.78201,1
-45.32,-178.5,1,0.82438,0.30837,1
-45.32,-70.5,1,0.54819,0.23204,0.84559
-45.32,145.5,NaN,0.87131,0.61954,0.99563
-45.32,148.5,NaN,0.88639,0.649,0.99732
-45.32,175.5,1,0.94848,0.72866,1
-45.32,178.5,1,0.94831,0.72335,1
-41.17,-67.5,NaN,0.44809,0.15238,0.76945
-41.17,-64.5,NaN,0.50333,0.1639,0.8316
-41.17,-55.5,0,0.50451,0.13819,0.87156
-41.17,-52.5,1,0.52704,0.15316,0.88585
-41.17,112.5,NaN,0.74069,0.43577,0.94901
-41.17,115.5,NaN,0.74861,0.44579,0.9541
-41.17,118.5,NaN,0.78316,0.49285,0.96762
-41.17,121.5,NaN,0.83534,0.55905,0.9863
-41.17,133.5,NaN,0.81093,0.51741,0.98507
-41.17,136.5,NaN,0.84282,0.56135,0.992
-41.17,139.5,NaN,0.87031,0.60619,0.99609
-41.17,142.5,1,0.83523,0.52248,0.9943
-41.17,145.5,1,0.83462,0.52172,0.99459
-41.17,148.5,1,0.88451,0.62122,0.99796
-41.17,151.5,1,0.92853,0.73481,0.99944
-41.17,178.5,1,0.95635,0.78457,1
-37.27,-70.5,NaN,0.31758,0.068256,0.63189
-37.27,-67.5,NaN,0.28594,0.060447,0.5941
-37.27,-64.5,NaN,0.35007,0.071834,0.68235
-37.27,-58.5,NaN,0.32581,0.065758,0.6656
-37.27,19.5,1,0.59795,0.1979,0.9371
-37.27,112.5,NaN,0.76594,0.48851,0.95515
-37.27,115.5,NaN,0.71932,0.41778,0.94178
-37.27,118.5,NaN,0.80543,0.53506,0.97417
-37.27,121.5,NaN,0.83444,0.57936,0.98264
-37.27,124.5,NaN,0.83496,0.57841,0.98372
-37.27,127.5,NaN,0.8281,0.56109,0.98358
-37.27,130.5,NaN,0.82012,0.54195,0.98358
-37.27,133.5,NaN,0.79134,0.48779,0.97939
-37.27,136.5,NaN,0.75803,0.42128,0.97596
-37.27,139.5,NaN,0.82402,0.52559,0.98802
-37.27,142.5,NaN,0.82527,0.53493,0.98835
-37.27,145.5,NaN,0.81492,0.51334,0.98731
-37.27,148.5,NaN,0.89858,0.67681,0.99698
-37.27,151.5,NaN,0.93474,0.7722,0.99891
-33.57,-67.5,NaN,0.19041,0.018565,0.46603
-33.57,-64.5,NaN,0.16284,0.011205,0.43098
-33.57,-61.5,NaN,0.14879,0.010816,0.39808
-33.57,-58.5,NaN,0.22973,0.021122,0.54139
-33.57,-52.5,NaN,0.24508,0.032169,0.54605
-33.57,16.5,NaN,0.66832,0.26869,0.95765
-33.57,19.5,1,0.59194,0.18403,0.93644
-33.57,22.5,NaN,0.75221,0.35028,0.98426
-33.57,25.5,NaN,0.78898,0.40903,0.98927
-33.57,112.5,NaN,0.82652,0.5823,0.97662
-33.57,115.5,NaN,0.78869,0.51429,0.96833
-33.57,118.5,NaN,0.79614,0.5156,0.97305
-33.57,121.5,NaN,0.78881,0.49804,0.97201
-33.57,124.5,NaN,0.78596,0.48912,0.97283
-33.57,127.5,NaN,0.79022,0.48669,0.97602
-33.57,130.5,NaN,0.76714,0.44019,0.97313
-33.57,133.5,NaN,0.75313,0.40411,0.97299
-33.57,136.5,0,0.71877,0.34003,0.97014
-33.57,139.5,NaN,0.79542,0.44428,0.98598
-33.57,142.5,NaN,0.85108,0.56996,0.99188
-33.57,145.5,NaN,0.89078,0.66371,0.99533
-33.57,148.5,NaN,0.92733,0.76012,0.99796
-33.57,151.5,NaN,0.94835,0.81584,0.99911
-30.02,-67.5,NaN,0.15976,0.0059747,0.45066
-30.02,-64.5,0,0.064345,0.00057901,0.23285
-30.02,-61.5,0,0.10199,0.0012099,0.33213
-30.02,-52.5,NaN,0.095725,0.003693,0.28374
-30.02,-49.5,NaN,0.16091,0.012464,0.41222
-30.02,13.5,NaN,0.61973,0.2762,0.90903
-30.02,16.5,NaN,0.57351,0.21784,0.89413
-30.02,19.5,NaN,0.5223,0.15538,0.87521
-30.02,22.5,NaN,0.59735,0.21708,0.92327
-30.02,25.5,NaN,0.75923,0.39652,0.97842
-30.02,28.5,NaN,0.76878,0.42745,0.97683
-30.02,115.5,NaN,0.90215,0.71756,0.99348
-30.02,118.5,NaN,0.86877,0.64802,0.98831
-30.02,121.5,NaN,0.83748,0.58737,0.98362
-30.02,124.5,NaN,0.80985,0.51913,0.98105
-30.02,127.5,NaN,0.8072,0.49846,0.98353
-30.02,130.5,NaN,0.78462,0.44724,0.98116
-30.02,133.5,NaN,0.83863,0.54493,0.98994
-30.02,136.5,NaN,0.85882,0.58044,0.99282
-30.02,139.5,1,0.85549,0.57062,0.99316
-30.02,142.5,NaN,0.89855,0.67658,0.99611
-30.02,145.5,NaN,0.92687,0.7533,0.99798
-26.59,-67.5,0,0.12716,0.0014251,0.40313
-26.59,-64.5,0,0.076106,0.0004207,0.27525
-26.59,-61.5,0,0.061594,0.0002204,0.2404
-26.59,-52.5,NaN,0.070834,0.001431,0.23031
-26.59,-49.5,NaN,0.12737,0.0051402,0.35802
-26.59,13.5,NaN,0.74184,0.41843,0.95709
-26.59,16.5,NaN,0.55528,0.21431,0.86533
-26.59,19.5,NaN,0.4975,0.14355,0.84982
-26.59,22.5,NaN,0.58558,0.20347,0.91294
-26.59,25.5,NaN,0.67188,0.30966,0.94143
-26.59,28.5,NaN,0.80054,0.48708,0.98055
-26.59,37.5,0,0.73522,0.38886,0.96219
-26.59,43.5,NaN,0.81841,0.53708,0.97968
-26.59,121.5,NaN,0.91181,0.73172,0.99587
-26.59,124.5,NaN,0.87403,0.64921,0.99189
-26.59,127.5,NaN,0.89605,0.68856,0.99526
-26.59,130.5,NaN,0.86828,0.62404,0.99295
-26.59,133.5,NaN,0.91794,0.72948,0.99757
-26.59,136.5,NaN,0.92146,0.74492,0.99792
-26.59,139.5,NaN,0.92705,0.75874,0.99826
-26.59,142.5,NaN,0.94152,0.79231,0.999
-23.26,-64.5,NaN,0.13069,0.00199,0.40637
-23.26,-61.5,NaN,0.067713,0.0002941,0.25357
-23.26,-58.5,NaN,0.074548,0.00059179,0.26255
-23.26,-55.5,NaN,0.07084,0.00087589,0.23841
-23.26,-52.5,NaN,0.063504,0.0010036,0.21399
-23.26,-49.5,NaN,0.12739,0.0047036,0.3621
-23.26,-46.5,NaN,0.24461,0.024342,0.55759
-23.26,13.5,NaN,0.80739,0.51036,0.97844
-23.26,16.5,NaN,0.64332,0.32499,0.90076
-23.26,19.5,NaN,0.50807,0.16821,0.83994
-23.26,22.5,NaN,0.58535,0.21645,0.89774
-23.26,25.5,NaN,0.66657,0.33056,0.92544
-23.26,28.5,NaN,0.72406,0.41771,0.94128
-23.26,31.5,NaN,0.80296,0.5138,0.97319
-23.26,43.5,NaN,0.86441,0.6148,0.98985
-23.26,46.5,NaN,0.88232,0.6696,0.99013
-23.26,130.5,NaN,0.93943,0.78793,0.99912
-23.26,133.5,NaN,0.93383,0.77534,0.99903
-23.26,178.5,NaN,0.96295,0.84786,0.99991
-20.01,-67.5,0,0.097995,0.00065548,0.3417
-20.01,-64.5,0,0.19668,0.0035558,0.57699
-20.01,-61.5,0,0.049212,0.00014156,0.19485
-20.01,-58.5,NaN,0.073352,0.00058785,0.26496
-20.01,-55.5,NaN,0.07718,0.0010921,0.26087
-20.01,-52.5,NaN,0.11708,0.0044236,0.34106
-20.01,-49.5,NaN,0.1328,0.006055,0.37417
-20.01,-46.5,NaN,0.18053,0.015307,0.44441
-20.01,-43.5,NaN,0.31491,0.059224,0.62034
-20.01,-40.5,NaN,0.4799,0.1233,0.82254
-20.01,13.5,NaN,0.61334,0.32299,0.85997
-20.01,16.5,NaN,0.55775,0.24153,0.84714
-20.01,19.5,NaN,0.49702,0.15725,0.83516
-20.01,22.5,NaN,0.54996,0.18744,0.88246
-20.01,25.5,NaN,0.65068,0.30267,0.91782
-20.01,28.5,NaN,0.73163,0.42742,0.94155
-20.01,31.5,NaN,0.78127,0.52026,0.95429
-20.01,34.5,NaN,0.81363,0.57474,0.96516
-20.01,46.5,NaN,0.91891,0.74554,0.99545
-16.83,-67.5,NaN,0.3911,0.055285,0.77548
-16.83,-64.5,NaN,0.34454,0.043857,0.72158
-16.83,-61.5,NaN,0.11473,0.0041932,0.33665
-16.83,-58.5,NaN,0.087709,0.0019492,0.28657
-16.83,-55.5,NaN,0.10701,0.0033811,0.33244
-16.83,-52.5,NaN,0.18717,0.013142,0.49046
-16.83,-49.5,NaN,0.20979,0.022858,0.50171
-16.83,-46.5,NaN,0.19235,0.023272,0.45234
-16.83,-43.5,NaN,0.45639,0.11488,0.80229
-16.83,-40.5,NaN,0.57516,0.19363,0.88888
-16.83,10.5,NaN,0.69775,0.40875,0.91746
-16.83,13.5,NaN,0.78059,0.49325,0.96569
-16.83,16.5,NaN,0.57838,0.2503,0.86515
-16.83,19.5,NaN,0.51501,0.1635,0.85292
-16.83,22.5,NaN,0.53874,0.16194,0.88752
-16.83,25.5,NaN,0.61843,0.26153,0.9095
-16.83,28.5,NaN,0.69115,0.36215,0.93018
-16.83,31.5,NaN,0.84924,0.59483,0.98431
-16.83,34.5,NaN,0.85253,0.62028,0.98128
-16.83,37.5,NaN,0.849,0.61198,0.98027
-16.83,145.5,NaN,0.97731,0.89304,1
-13.71,-178.5,1,0.8504,0.39958,0.99999
-13.71,-70.5,NaN,0.64304,0.23649,0.93676
-13.71,-67.5,NaN,0.5333,0.17478,0.85439
-13.71,-64.5,NaN,0.27195,0.050194,0.56899
-13.71,-61.5,NaN,0.21843,0.03048,0.4991
-13.71,-58.5,NaN,0.16952,0.015134,0.43582
-13.71,-55.5,NaN,0.25021,0.03066,0.59388
-13.71,-52.5,NaN,0.29675,0.043506,0.64594
-13.71,-49.5,NaN,0.26126,0.041661,0.58318
-13.71,-46.5,NaN,0.26662,0.04706,0.57538
-13.71,-43.5,NaN,0.58001,0.21457,0.88691
-13.71,-40.5,NaN,0.66119,0.29392,0.92737
-13.71,-37.5,NaN,0.5428,0.24823,0.80456
-13.71,13.5,NaN,0.77921,0.49757,0.96278
-13.71,16.5,NaN,0.62079,0.29199,0.89461
-13.71,19.5,NaN,0.55599,0.19776,0.87982
-13.71,22.5,NaN,0.49414,0.11843,0.87245
-13.71,25.5,NaN,0.57185,0.18143,0.90918
-13.71,28.5,NaN,0.63372,0.26261,0.92524
-13.71,31.5,NaN,0.82916,0.5235,0.98697
-13.71,34.5,NaN,0.87297,0.63381,0.99041
-13.71,37.5,NaN,0.8642,0.6427,0.98417
-13.71,130.5,1,0.95616,0.81262,0.99999
-13.71,139.5,NaN,0.9724,0.86736,1
-13.71,148.5,1,0.96353,0.82174,1
-10.62,-73.5,NaN,0.74798,0.41047,0.96244
-10.62,-70.5,NaN,0.53621,0.22642,0.83218
-10.62,-67.5,NaN,0.48376,0.18562,0.78971
-10.62,-64.5,NaN,0.40992,0.13416,0.72562
-10.62,-61.5,NaN,0.33788,0.084618,0.66626
-10.62,-58.5,NaN,0.39449,0.10245,0.73578
-10.62,-55.5,NaN,0.47744,0.15246,0.80918
-10.62,-52.5,NaN,0.37612,0.10855,0.69236
-10.62,-49.5,NaN,0.36888,0.11164,0.66536
-10.62,-46.5,NaN,0.41348,0.14966,0.69995
-10.62,-43.5,NaN,0.64583,0.30571,0.90782
-10.62,-40.5,NaN,0.70901,0.3773,0.93821
-10.62,-37.5,NaN,0.71172,0.40801,0.92578
-10.62,13.5,NaN,0.68846,0.39761,0.91947
-10.62,16.5,NaN,0.62563,0.29618,0.9016
-10.62,19.5,NaN,0.56177,0.19602,0.89052
-10.62,22.5,NaN,0.5004,0.11393,0.88774
-10.62,25.5,NaN,0.70718,0.29305,0.97064
-10.62,28.5,NaN,0.83896,0.50396,0.99384
-10.62,31.5,NaN,0.88135,0.60326,0.99677
-10.62,34.5,NaN,0.86786,0.61327,0.99171
-10.62,37.5,1,0.87212,0.63445,0.99063
-10.62,142.5,1,0.97043,0.85453,1
-10.62,145.5,1,0.96815,0.84104,1
-7.56,-73.5,1,0.74362,0.42178,0.96121
-7.56,-70.5,NaN,0.67202,0.34543,0.92935
-7.56,-67.5,NaN,0.59265,0.26651,0.88939
-7.56,-64.5,1,0.54748,0.21271,0.87384
-7.56,-61.5,NaN,0.45124,0.13571,0.80775
-7.56,-58.5,NaN,0.53202,0.19991,0.8586
-7.56,-55.5,NaN,0.56831,0.25946,0.85272
-7.56,-52.5,NaN,0.59023,0.30426,0.84879
-7.56,-49.5,NaN,0.57617,0.30684,0.8215
-7.56,-46.5,NaN,0.60396,0.33484,0.83959
-7.56,-43.5,NaN,0.60527,0.34954,0.82874
-7.56,-40.5,NaN,0.53301,0.29094,0.76667
-7.56,-37.5,NaN,0.73463,0.46987,0.92581
-7.56,-34.5,NaN,0.79208,0.51643,0.96323
-7.56,13.5,NaN,0.66738,0.34684,0.92519
-7.56,16.5,NaN,0.6002,0.24386,0.90596
-7.56,19.5,NaN,0.53364,0.15127,0.89393
-7.56,22.5,NaN,0.47618,0.088044,0.88977
-7.56,25.5,NaN,0.74697,0.35127,0.97774
-7.56,28.5,NaN,0.86509,0.56417,0.99554
-7.56,31.5,NaN,0.90628,0.66755,0.99804
-7.56,34.5,NaN,0.90073,0.67945,0.99627
-7.56,37.5,NaN,0.86813,0.63591,0.98867
-7.56,112.5,NaN,0.97964,0.90704,1
-7.56,169.5,1,0.96184,0.81655,1
-4.53,-76.5,NaN,0.89808,0.6829,0.99526
-4.53,-73.5,0,0.78856,0.50086,0.971
-4.53,-70.5,NaN,0.72566,0.41488,0.951
-4.53,-67.5,1,0.73993,0.41938,0.96331
-4.53,-64.5,1,0.69242,0.36769,0.9436
-4.53,-61.5,NaN,0.59485,0.26603,0.89271
-4.53,-58.5,NaN,0.65071,0.33002,0.91624
-4.53,-55.5,NaN,0.69522,0.41186,0.91758
-4.53,-52.5,NaN,0.73341,0.47941,0.92413
-4.53,-49.5,NaN,0.73196,0.49165,0.91518
-4.53,-46.5,NaN,0.69613,0.46327,0.88805
-4.53,-43.5,NaN,0.75995,0.52064,0.93191
-4.53,-40.5,NaN,0.7136,0.48296,0.89746
-4.53,-37.5,NaN,0.7735,0.52951,0.94061
-4.53,10.5,NaN,0.69649,0.385,0.93851
-4.53,13.5,NaN,0.62365,0.27232,0.91938
-4.53,16.5,NaN,0.5626,0.19731,0.90022
-4.53,19.5,NaN,0.49984,0.11838,0.88746
-4.53,22.5,NaN,0.44107,0.061828,0.88205
-4.53,25.5,NaN,0.77201,0.38303,0.98423
-4.53,28.5,NaN,0.86058,0.55776,0.99457
-4.53,31.5,NaN,0.90828,0.6803,0.99778
-4.53,34.5,NaN,0.8776,0.64994,0.99112
-4.53,40.5,1,0.86186,0.59829,0.99174
-4.53,109.5,1,0.97741,0.88824,1
-4.53,112.5,1,0.98509,0.92124,1
-4.53,121.5,NaN,0.98677,0.93623,1
-1.51,-76.5,NaN,0.90031,0.71013,0.99234
-1.51,-73.5,NaN,0.7871,0.55223,0.95254
-1.51,-70.5,NaN,0.79149,0.54676,0.95916
-1.51,-67.5,NaN,0.78024,0.54074,0.95299
-1.51,-64.5,NaN,0.72445,0.46811,0.92964
-1.51,-61.5,NaN,0.63735,0.34994,0.89016
-1.51,-58.5,NaN,0.6508,0.35554,0.90012
-1.51,-55.5,NaN,0.71696,0.44152,0.92759
-1.51,-52.5,NaN,0.76813,0.51694,0.94374
-1.51,10.5,1,0.65556,0.29305,0.94524
-1.51,13.5,NaN,0.5796,0.20862,0.91244
-1.51,16.5,NaN,0.50258,0.13206,0.8838
-1.51,19.5,NaN,0.43297,0.071001,0.85982
-1.51,22.5,NaN,0.4645,0.078029,0.88398
-1.51,25.5,NaN,0.64051,0.24186,0.94288
-1.51,28.5,NaN,0.81392,0.47761,0.98823
-1.51,31.5,NaN,0.87069,0.59833,0.99414
-1.51,34.5,NaN,0.86044,0.61812,0.98837
-1.51,37.5,0,0.81513,0.54256,0.97833
-1.51,103.5,1,0.97438,0.87879,1
-1.51,106.5,1,0.97583,0.8763,1
-1.51,109.5,NaN,0.98091,0.90615,1
-1.51,112.5,NaN,0.98429,0.92401,1
-1.51,115.5,1,0.98856,0.94214,1
-1.51,124.5,1,0.99476,0.97411,1
-1.51,127.5,1,0.9915,0.9573,1
-1.51,157.5,1,0.98387,0.91947,1
-1.51,163.5,1,0.9796,0.89771,1
1.51,-73.5,NaN,0.85074,0.6668,0.97039
1.51,-70.5,1,0.82343,0.60195,0.96602
1.51,-67.5,NaN,0.80578,0.58982,0.95565
1.51,-64.5,NaN,0.81206,0.58921,0.96222
1.51,-61.5,NaN,0.79633,0.53816,0.96764
1.51,-58.5,NaN,0.77677,0.50776,0.95675
1.51,-55.5,1,0.71665,0.44472,0.92472
1.51,-52.5,NaN,0.72256,0.43326,0.9347
1.51,-49.5,NaN,0.78298,0.52827,0.95466
1.51,4.5,1,0.65949,0.31431,0.93568
1.51,10.5,NaN,0.69815,0.35896,0.94971
1.51,13.5,NaN,0.53524,0.18769,0.87554
1.51,16.5,NaN,0.45273,0.11042,0.83787
1.51,19.5,NaN,0.37896,0.053906,0.80467
1.51,22.5,NaN,0.3175,0.022248,0.7849
1.51,25.5,NaN,0.44325,0.089406,0.83648
1.51,28.5,NaN,0.68017,0.31284,0.94674
1.51,31.5,NaN,0.7607,0.43833,0.96671
1.51,34.5,NaN,0.75517,0.47445,0.95168
1.51,37.5,NaN,0.71363,0.44212,0.92256
1.51,40.5,NaN,0.74707,0.48953,0.93632
1.51,43.5,NaN,0.75984,0.51125,0.93864
1.51,100.5,NaN,0.9713,0.88305,0.99996
1.51,103.5,NaN,0.98013,0.91163,0.99999
1.51,106.5,1,0.98112,0.9151,1
1.51,115.5,NaN,0.9953,0.97763,1
1.51,118.5,1,0.99495,0.97565,1
1.51,130.5,NaN,0.99521,0.9754,1
1.51,133.5,NaN,0.99657,0.98224,1
4.53,-73.5,NaN,0.80436,0.59157,0.95256
4.53,-70.5,NaN,0.80439,0.57496,0.95911
4.53,-67.5,0,0.76872,0.50404,0.95141
4.53,-64.5,NaN,0.83919,0.58376,0.98346
4.53,-61.5,NaN,0.84254,0.5791,0.98667
4.53,-58.5,NaN,0.80884,0.54094,0.97241
4.53,-55.5,NaN,0.73754,0.46421,0.93752
4.53,-52.5,NaN,0.84484,0.61205,0.97989
4.53,-49.5,NaN,0.77472,0.5188,0.9498
4.53,-10.5,NaN,0.69957,0.42347,0.91959
4.53,-7.5,NaN,0.75511,0.48125,0.94911
4.53,-4.5,NaN,0.68895,0.39749,0.91824
4.53,-1.5,NaN,0.68384,0.38749,0.91826
4.53,4.5,NaN,0.67366,0.37264,0.91446
4.53,7.5,NaN,0.6828,0.36646,0.92801
4.53,10.5,NaN,0.74878,0.42642,0.96499
4.53,13.5,NaN,0.63717,0.29597,0.91596
4.53,16.5,NaN,0.47193,0.13967,0.82429
4.53,19.5,NaN,0.30424,0.036196,0.70882
4.53,22.5,NaN,0.24792,0.012966,0.67928
4.53,25.5,NaN,0.32043,0.03696,0.73296
4.53,28.5,NaN,0.36391,0.066055,0.74105
4.53,31.5,NaN,0.44506,0.13441,0.78599
4.53,34.5,NaN,0.55914,0.25327,0.84494
4.53,37.5,NaN,0.55436,0.2573,0.83371
4.53,40.5,NaN,0.53858,0.24059,0.8293
4.53,43.5,NaN,0.62207,0.34433,0.85927
4.53,73.5,1,0.79872,0.49019,0.98328
4.53,100.5,1,0.94744,0.8138,0.99941
4.53,103.5,1,0.96549,0.86549,0.99983
4.53,112.5,1,0.98442,0.9302,0.99999
4.53,115.5,1,0.98631,0.93516,1
4.53,118.5,1,0.98987,0.95146,1
4.53,130.5,1,0.9914,0.95352,1
4.53,133.5,1,0.99013,0.94618,1
4.53,136.5,1,0.99254,0.95905,1
7.56,-64.5,0,0.71994,0.40289,0.94541
7.56,-61.5,1,0.82775,0.54588,0.98526
7.56,-58.5,NaN,0.79684,0.51317,0.97295
7.56,-55.5,1,0.75055,0.43965,0.95838
7.56,-10.5,NaN,0.76098,0.45599,0.96458
7.56,-7.5,NaN,0.77079,0.46196,0.96911
7.56,-4.5,NaN,0.62844,0.33111,0.88323
7.56,-1.5,NaN,0.57434,0.28088,0.84373
7.56,1.5,NaN,0.54174,0.25814,0.8208
7.56,4.5,NaN,0.50248,0.22122,0.79514
7.56,7.5,NaN,0.55328,0.2652,0.83062
7.56,10.5,NaN,0.3866,0.11894,0.70929
7.56,13.5,NaN,0.37054,0.099639,0.70373
7.56,16.5,NaN,0.27631,0.042264,0.63427
7.56,19.5,NaN,0.21939,0.016019,0.59205
7.56,22.5,NaN,0.17501,0.0047335,0.56038
7.56,25.5,NaN,0.24873,0.021491,0.63752
7.56,28.5,NaN,0.29215,0.045435,0.65159
7.56,31.5,NaN,0.35326,0.088771,0.68148
7.56,34.5,NaN,0.561,0.24829,0.85494
7.56,37.5,1,0.58698,0.27349,0.86529
7.56,49.5,0,0.53419,0.23737,0.80802
7.56,73.5,1,0.70118,0.33992,0.96196
7.56,76.5,1,0.76249,0.42093,0.97842
7.56,100.5,1,0.94041,0.78946,0.99868
7.56,103.5,1,0.96253,0.85089,0.99967
7.56,106.5,1,0.96433,0.85946,0.99967
7.56,115.5,1,0.98462,0.93068,0.99999
7.56,118.5,1,0.98498,0.92985,1
7.56,127.5,1,0.98806,0.93567,1
7.56,130.5,1,0.98856,0.93805,1
7.56,133.5,1,0.98755,0.93194,1
7.56,145.5,1,0.99063,0.94959,1
10.62,-82.5,1,0.88186,0.71125,0.9826
10.62,-13.5,1,0.75119,0.45889,0.9538
10.62,-10.5,NaN,0.57271,0.28686,0.84327
10.62,-7.5,NaN,0.41327,0.13607,0.73465
10.62,-4.5,NaN,0.43659,0.15008,0.75261
10.62,-1.5,NaN,0.45136,0.16914,0.75399
10.62,1.5,NaN,0.42088,0.15261,0.72268
10.62,4.5,NaN,0.35581,0.105,0.66719
10.62,7.5,NaN,0.42503,0.15243,0.73195
10.62,10.5,NaN,0.28387,0.060479,0.60423
10.62,13.5,NaN,0.23492,0.032775,0.56134
10.62,16.5,NaN,0.18661,0.014302,0.51509
10.62,19.5,NaN,0.1455,0.0047562,0.47487
10.62,22.5,NaN,0.17297,0.0080299,0.52018
10.62,25.5,NaN,0.33292,0.05493,0.71753
10.62,28.5,NaN,0.36617,0.086498,0.7179
10.62,31.5,NaN,0.26149,0.052511,0.56259
10.62,34.5,NaN,0.47364,0.15996,0.80319
10.62,37.5,1,0.46374,0.13874,0.80846
10.62,40.5,0,0.27091,0.040675,0.60707
10.62,43.5,NaN,0.34864,0.085984,0.67066
10.62,46.5,0,0.37649,0.10289,0.69152
10.62,70.5,NaN,0.65576,0.34576,0.91306
10.62,73.5,NaN,0.53433,0.21675,0.84537
10.62,76.5,NaN,0.72743,0.4183,0.9466
10.62,79.5,NaN,0.77826,0.49326,0.96277
10.62,97.5,0,0.90504,0.72004,0.99406
10.62,100.5,1,0.88703,0.66261,0.99424
10.62,103.5,1,0.94527,0.80967,0.9988
10.62,106.5,NaN,0.96776,0.87796,0.99954
10.62,109.5,1,0.977,0.90662,0.99983
10.62,121.5,1,0.99021,0.95273,1
13.71,-85.5,1,0.79701,0.53412,0.96846
13.71,-64.5,1,0.81863,0.60952,0.96178
13.71,-16.5,NaN,0.63266,0.36463,0.8662
13.71,-13.5,NaN,0.55398,0.29381,0.80834
13.71,-10.5,NaN,0.47082,0.20001,0.75779
13.71,-7.5,NaN,0.37979,0.11692,0.70105
13.71,-4.5,NaN,0.33537,0.07234,0.68378
13.71,-1.5,NaN,0.34647,0.086775,0.67511
13.71,1.5,NaN,0.31652,0.076037,0.64149
13.71,4.5,NaN,0.26731,0.050966,0.58942
13.71,7.5,NaN,0.24425,0.040053,0.56397
13.71,10.5,NaN,0.19887,0.022468,0.50679
13.71,13.5,NaN,0.15365,0.0093043,0.45544
13.71,16.5,NaN,0.16077,0.012425,0.45796
13.71,19.5,NaN,0.14278,0.009085,0.4232
13.71,22.5,NaN,0.11934,0.00539,0.38112
13.71,25.5,NaN,0.20311,0.027504,0.48988
13.71,28.5,NaN,0.19357,0.033704,0.45047
13.71,31.5,NaN,0.18675,0.032792,0.42469
13.71,34.5,NaN,0.22175,0.044815,0.47247
13.71,40.5,0,0.20855,0.031584,0.48343
13.71,43.5,NaN,0.18148,0.023863,0.42188
13.71,52.5,0,0.18483,0.022555,0.44009
13.71,70.5,1,0.56632,0.25156,0.85866
13.71,73.5,NaN,0.54969,0.24563,0.83876
13.71,76.5,NaN,0.57776,0.2654,0.85552
13.71,79.5,NaN,0.71944,0.43378,0.93142
13.71,82.5,NaN,0.83195,0.58739,0.97609
13.71,97.5,NaN,0.92273,0.75091,0.99732
13.71,100.5,1,0.90491,0.69318,0.99721
13.71,103.5,NaN,0.95737,0.83862,0.99962
13.71,106.5,1,0.97052,0.87855,0.99985
16.83,-94.5,1,0.76507,0.47775,0.96528
16.83,-91.5,NaN,0.79476,0.53088,0.97084
16.83,-88.5,NaN,0.80466,0.54104,0.97205
16.83,-85.5,NaN,0.84308,0.62691,0.97872
16.83,-73.5,1,0.869,0.65689,0.9869
16.83,-70.5,1,0.82692,0.57928,0.97764
16.83,-67.5,1,0.83418,0.61005,0.9753
16.83,-13.5,NaN,0.54136,0.29698,0.78291
16.83,-10.5,NaN,0.43514,0.18097,0.71778
16.83,-7.5,NaN,0.33844,0.087038,0.6689
16.83,-4.5,NaN,0.26728,0.039709,0.62133
16.83,-1.5,NaN,0.27243,0.036235,0.62982
16.83,1.5,NaN,0.24435,0.029456,0.58973
16.83,4.5,NaN,0.20476,0.018704,0.53513
16.83,7.5,NaN,0.21579,0.024499,0.54816
16.83,10.5,NaN,0.21413,0.032463,0.51814
16.83,13.5,NaN,0.2005,0.034494,0.47221
16.83,16.5,NaN,0.17277,0.02729,0.4215
16.83,19.5,NaN,0.14667,0.019334,0.37947
16.83,22.5,NaN,0.11314,0.010705,0.32253
16.83,25.5,NaN,0.12108,0.011043,0.33015
16.83,28.5,NaN,0.13381,0.017937,0.33063
16.83,31.5,NaN,0.15116,0.024139,0.34924
16.83,34.5,NaN,0.15178,0.024219,0.35189
16.83,40.5,NaN,0.089638,0.0080053,0.24288
16.83,43.5,NaN,0.075959,0.0037228,0.22357
16.83,46.5,NaN,0.095193,0.0050168,0.26739
16.83,52.5,0,0.068326,0.0017537,0.21987
16.83,55.5,0,0.11455,0.0039624,0.33552
16.83,73.5,NaN,0.4233,0.14702,0.73196
16.83,76.5,NaN,0.44972,0.15693,0.77493
16.83,79.5,NaN,0.66164,0.33616,0.91826
16.83,82.5,NaN,0.78814,0.50716,0.96894
16.83,85.5,NaN,0.87659,0.64353,0.99235
16.83,91.5,NaN,0.95126,0.82397,0.99938
16.83,94.5,NaN,0.95321,0.82482,0.99965
16.83,97.5,NaN,0.93925,0.77687,0.99959
16.83,100.5,1,0.96456,0.85021,0.99994
16.83,103.5,NaN,0.97795,0.90062,0.99998
16.83,121.5,1,0.98911,0.94705,1
20.01,-97.5,NaN,0.81705,0.56739,0.97494
20.01,-94.5,1,0.82723,0.5838,0.97785
20.01,-76.5,1,0.85445,0.63355,0.98395
20.01,-73.5,0,0.86011,0.64416,0.98465
20.01,-13.5,NaN,0.56826,0.32893,0.80237
20.01,-10.5,NaN,0.48233,0.23479,0.74352
20.01,-7.5,NaN,0.41801,0.16723,0.70624
20.01,-4.5,NaN,0.33862,0.093049,0.65751
20.01,-1.5,NaN,0.26796,0.044389,0.61357
20.01,1.5,NaN,0.2603,0.031268,0.62792
20.01,4.5,NaN,0.26483,0.043701,0.59939
20.01,7.5,NaN,0.25762,0.052216,0.56146
20.01,10.5,NaN,0.2678,0.066784,0.54748
20.01,13.5,NaN,0.25589,0.07079,0.50832
20.01,16.5,NaN,0.21689,0.055635,0.44841
20.01,19.5,NaN,0.17838,0.037095,0.39354
20.01,22.5,NaN,0.12592,0.017853,0.3141
20.01,25.5,NaN,0.11316,0.010452,0.30385
20.01,28.5,NaN,0.11435,0.0122,0.29464
20.01,31.5,NaN,0.11529,0.011894,0.29577
20.01,37.5,NaN,0.16111,0.014448,0.41521
20.01,40.5,NaN,0.12636,0.0076828,0.36198
20.01,43.5,NaN,0.059853,0.0019212,0.19162
20.01,52.5,0,0.047865,0.00089136,0.16958
20.01,64.5,0,0.15025,0.011054,0.40321
20.01,67.5,NaN,0.22437,0.030702,0.51923
20.01,70.5,NaN,0.34711,0.079029,0.66891
20.01,73.5,NaN,0.38823,0.11075,0.70875
20.01,76.5,NaN,0.43563,0.13333,0.77849
20.01,79.5,NaN,0.6035,0.25002,0.90989
20.01,82.5,NaN,0.72886,0.39205,0.96606
20.01,85.5,NaN,0.86634,0.60481,0.99535
20.01,88.5,NaN,0.92664,0.73544,0.99937
20.01,91.5,1,0.93138,0.73667,0.99978
20.01,94.5,NaN,0.98541,0.93141,1
20.01,97.5,1,0.99001,0.9511,1
20.01,100.5,NaN,0.99424,0.9712,1
20.01,103.5,NaN,0.98743,0.94084,1
20.01,106.5,NaN,0.98942,0.95063,1
20.01,109.5,NaN,0.98866,0.94631,1
23.26,-100.5,NaN,0.79325,0.51472,0.96936
23.26,-97.5,NaN,0.83709,0.56296,0.98577
23.26,-85.5,NaN,0.72921,0.46621,0.9316
23.26,-13.5,NaN,0.63697,0.38908,0.86009
23.26,-10.5,NaN,0.6155,0.37235,0.83966
23.26,-7.5,NaN,0.53151,0.27812,0.79081
23.26,-4.5,NaN,0.44566,0.18358,0.73769
23.26,-1.5,NaN,0.36061,0.1055,0.68539
23.26,1.5,NaN,0.31601,0.071769,0.65481
23.26,4.5,NaN,0.36484,0.10557,0.68594
23.26,7.5,NaN,0.36837,0.1265,0.65583
23.26,10.5,1,0.34637,0.12064,0.61904
23.26,13.5,NaN,0.36579,0.13334,0.63131
23.26,16.5,NaN,0.32301,0.1121,0.57857
23.26,19.5,NaN,0.25341,0.070774,0.4956
23.26,22.5,NaN,0.16919,0.030903,0.38006
23.26,25.5,NaN,0.12698,0.014839,0.31981
23.26,28.5,NaN,0.12475,0.011737,0.32672
23.26,31.5,0,0.12159,0.0068743,0.33876
23.26,34.5,0,0.065531,0.0022575,0.20794
23.26,37.5,NaN,0.14344,0.0076392,0.41361
23.26,40.5,NaN,0.12113,0.0064229,0.34821
23.26,43.5,NaN,0.058038,0.0015387,0.18786
23.26,49.5,0,0.040327,0.00047882,0.14929
23.26,67.5,NaN,0.2044,0.028432,0.47558
23.26,70.5,NaN,0.23098,0.036244,0.52392
23.26,73.5,NaN,0.31595,0.067345,0.64772
23.26,76.5,NaN,0.50045,0.19043,0.83328
23.26,79.5,NaN,0.76345,0.43651,0.97713
23.26,82.5,NaN,0.89202,0.65917,0.99722
23.26,85.5,NaN,0.95172,0.8146,0.99974
23.26,88.5,NaN,0.97539,0.89402,0.99997
23.26,91.5,1,0.98427,0.92512,1
23.26,94.5,NaN,0.9868,0.93571,1
23.26,97.5,NaN,0.99423,0.97083,1
23.26,100.5,1,0.9972,0.98599,1
23.26,103.5,1,0.99725,0.98571,1
23.26,106.5,1,0.99365,0.96769,1
23.26,109.5,1,0.99023,0.95181,1
23.26,112.5,NaN,0.98981,0.94982,1
23.26,115.5,NaN,0.99072,0.95501,1
26.59,-106.5,NaN,0.37955,0.12746,0.66739
26.59,-103.5,NaN,0.63211,0.32748,0.88863
26.59,-100.5,NaN,0.70953,0.37574,0.94551
26.59,-97.5,NaN,0.7148,0.41103,0.93485
26.59,-10.5,NaN,0.70697,0.44138,0.9197
26.59,-7.5,1,0.6744,0.39473,0.90816
26.59,-4.5,0,0.58407,0.28643,0.86201
26.59,-1.5,NaN,0.54051,0.25419,0.82547
26.59,1.5,NaN,0.47153,0.19893,0.76655
26.59,4.5,NaN,0.49146,0.21954,0.77178
26.59,7.5,NaN,0.5262,0.25713,0.78452
26.59,10.5,NaN,0.53456,0.28108,0.77828
26.59,13.5,NaN,0.52133,0.26132,0.77236
26.59,16.5,NaN,0.47044,0.20347,0.74114
26.59,19.5,1,0.33061,0.097814,0.62157
26.59,22.5,NaN,0.30553,0.088714,0.57701
26.59,25.5,NaN,0.27405,0.069184,0.53962
26.59,28.5,NaN,0.19572,0.036882,0.43226
26.59,34.5,NaN,0.2012,0.027613,0.47638
26.59,37.5,NaN,0.22882,0.0251,0.54986
26.59,40.5,NaN,0.096694,0.0064221,0.26764
26.59,55.5,0,0.054081,0.001485,0.17912
26.59,58.5,NaN,0.078306,0.0038751,0.2317
26.59,61.5,NaN,0.18921,0.023702,0.44582
26.59,64.5,NaN,0.23044,0.03691,0.50665
26.59,67.5,NaN,0.31566,0.080805,0.61673
26.59,70.5,NaN,0.18565,0.023223,0.45572
26.59,73.5,NaN,0.40976,0.13004,0.749
26.59,76.5,1,0.54637,0.20948,0.88589
26.59,79.5,NaN,0.68243,0.32421,0.95852
26.59,82.5,NaN,0.81781,0.52615,0.98929
26.59,85.5,NaN,0.90214,0.69203,0.99789
26.59,88.5,NaN,0.94642,0.80398,0.99968
26.59,91.5,NaN,0.96818,0.866,0.99995
26.59,94.5,1,0.97947,0.9053,0.99999
26.59,97.5,1,0.9914,0.95829,1
26.59,100.5,1,0.99508,0.97574,1
26.59,103.5,1,0.99308,0.96667,1
26.59,106.5,1,0.99545,0.97625,1
26.59,109.5,1,0.97903,0.90234,1
26.59,112.5,NaN,0.97949,0.90573,1
26.59,115.5,1,0.97928,0.90375,1
26.59,118.5,NaN,0.98379,0.92364,1
26.59,121.5,1,0.9813,0.90955,1
30.02,-109.5,NaN,0.22621,0.041663,0.49754
30.02,-106.5,NaN,0.43371,0.14452,0.74094
30.02,-103.5,0,0.40267,0.11712,0.72537
30.02,-100.5,NaN,0.525,0.20011,0.82947
30.02,-97.5,NaN,0.41502,0.14292,0.70958
30.02,-85.5,1,0.56378,0.26055,0.84755
30.02,-7.5,1,0.75082,0.49461,0.93974
30.02,-4.5,1,0.74614,0.4885,0.93804
30.02,-1.5,NaN,0.74454,0.49994,0.93034
30.02,1.5,1,0.63057,0.37605,0.86006
30.02,4.5,0,0.678,0.43959,0.87835
30.02,7.5,NaN,0.67774,0.45229,0.86909
30.02,10.5,NaN,0.67559,0.45074,0.86633
30.02,13.5,0,0.69593,0.43253,0.90236
30.02,22.5,0,0.50629,0.2357,0.77617
30.02,31.5,0,0.31063,0.09046,0.58047
30.02,37.5,NaN,0.194,0.033845,0.43307
30.02,40.5,0,0.15723,0.017423,0.3835
30.02,43.5,0,0.083712,0.0047261,0.24433
30.02,46.5,NaN,0.11204,0.0079322,0.30514
30.02,49.5,NaN,0.066479,0.0032081,0.20026
30.02,52.5,NaN,0.11052,0.010704,0.28749
30.02,55.5,NaN,0.056985,0.0030446,0.17209
30.02,58.5,NaN,0.064148,0.0039648,0.19248
30.02,61.5,NaN,0.1267,0.017326,0.30903
30.02,64.5,NaN,0.1176,0.014799,0.29652
30.02,67.5,NaN,0.18113,0.036105,0.39802
30.02,70.5,NaN,0.32597,0.08841,0.63242
30.02,73.5,NaN,0.34615,0.09946,0.66365
30.02,76.5,NaN,0.37275,0.10473,0.71336
30.02,79.5,NaN,0.40648,0.10822,0.77875
30.02,82.5,NaN,0.61333,0.27288,0.91633
30.02,85.5,1,0.73002,0.40076,0.97005
30.02,88.5,NaN,0.81217,0.5238,0.98821
30.02,91.5,NaN,0.86584,0.61814,0.99586
30.02,94.5,NaN,0.8978,0.67656,0.99865
30.02,97.5,1,0.94321,0.78794,0.9998
30.02,100.5,1,0.92758,0.7364,0.99972
30.02,103.5,1,0.96961,0.87147,0.99997
30.02,106.5,1,0.95584,0.82861,0.99992
30.02,109.5,NaN,0.92493,0.72322,0.99976
30.02,112.5,NaN,0.93685,0.75967,0.99985
30.02,115.5,1,0.95061,0.8027,0.99993
30.02,118.5,NaN,0.9615,0.83763,0.99997
30.02,121.5,1,0.96403,0.83544,0.99999
30.02,124.5,1,0.96664,0.84832,0.99999
33.57,-112.5,0,0.18535,0.020932,0.46504
33.57,-109.5,0,0.33159,0.077923,0.64333
33.57,-106.5,0,0.27467,0.054039,0.57311
33.57,-103.5,0,0.15528,0.020848,0.3785
33.57,-100.5,NaN,0.20518,0.032241,0.45738
33.57,-97.5,NaN,0.29984,0.081098,0.57069
33.57,-94.5,NaN,0.40474,0.15266,0.68339
33.57,-91.5,NaN,0.50313,0.22208,0.78427
33.57,-88.5,NaN,0.5601,0.27144,0.83695
33.57,-85.5,NaN,0.53909,0.2534,0.82352
33.57,-82.5,NaN,0.7029,0.40548,0.9319
33.57,-4.5,1,0.66602,0.41029,0.87373
33.57,-1.5,0,0.69806,0.44946,0.89801
33.57,1.5,NaN,0.75816,0.55791,0.91094
33.57,4.5,NaN,0.79224,0.60191,0.9316
33.57,7.5,NaN,0.75732,0.56365,0.90897
33.57,10.5,1,0.79619,0.60036,0.93964
33.57,13.5,1,0.79668,0.58505,0.94661
33.57,22.5,1,0.75293,0.50104,0.94309
33.57,25.5,1,0.6825,0.41047,0.91353
33.57,40.5,0,0.35118,0.095479,0.64604
33.57,43.5,NaN,0.36558,0.10167,0.67
33.57,46.5,0,0.31527,0.061426,0.64721
33.57,49.5,0,0.25033,0.033811,0.56197
33.57,52.5,0,0.11833,0.0069739,0.33719
33.57,55.5,NaN,0.07867,0.0041479,0.23734
33.57,58.5,NaN,0.14988,0.016189,0.37215
33.57,61.5,NaN,0.084343,0.0058833,0.24267
33.57,64.5,NaN,0.11382,0.01083,0.30255
33.57,67.5,0,0.12933,0.012792,0.34061
33.57,70.5,NaN,0.17259,0.026096,0.40982
33.57,73.5,NaN,0.17731,0.026556,0.42261
33.57,76.5,NaN,0.18287,0.026345,0.43974
33.57,79.5,NaN,0.191,0.024707,0.47375
33.57,82.5,NaN,0.28442,0.054346,0.60675
33.57,85.5,NaN,0.36787,0.093804,0.7027
33.57,88.5,NaN,0.45059,0.14338,0.78972
33.57,91.5,NaN,0.52461,0.19062,0.85443
33.57,94.5,NaN,0.49596,0.17007,0.84135
33.57,97.5,NaN,0.63754,0.29417,0.92601
33.57,100.5,NaN,0.66317,0.32705,0.93928
33.57,103.5,NaN,0.79067,0.50765,0.97772
33.57,106.5,NaN,0.89152,0.68406,0.99475
33.57,109.5,NaN,0.9241,0.76222,0.99782
33.57,112.5,NaN,0.89752,0.69527,0.99676
33.57,115.5,NaN,0.93016,0.76262,0.99913
33.57,118.5,1,0.94897,0.80275,0.99977
33.57,121.5,1,0.95642,0.82007,0.99989
33.57,130.5,NaN,0.97976,0.90909,0.99998
33.57,133.5,NaN,0.98098,0.91707,0.99998
37.27,-112.5,1,0.26465,0.073598,0.52513
37.27,-109.5,1,0.31425,0.11342,0.55699
37.27,-106.5,0,0.37897,0.13462,0.65324
37.27,-103.5,NaN,0.15871,0.032411,0.3531
37.27,-100.5,0,0.22989,0.051006,0.47409
37.27,-97.5,0,0.30281,0.096658,0.56042
37.27,-94.5,NaN,0.39438,0.15845,0.66173
37.27,-91.5,NaN,0.44807,0.2005,0.71663
37.27,-88.5,NaN,0.49948,0.23031,0.77622
37.27,-85.5,NaN,0.50591,0.22061,0.80079
37.27,-82.5,NaN,0.62934,0.31746,0.89971
37.27,-79.5,NaN,0.74884,0.44261,0.96305
37.27,-76.5,NaN,0.84756,0.55079,0.99352
37.27,-67.5,1,0.80168,0.43084,0.99335
37.27,-7.5,1,0.63595,0.36186,0.86723
37.27,-4.5,0,0.68868,0.40861,0.90565
37.27,-1.5,1,0.69783,0.43018,0.90608
37.27,4.5,0,0.74882,0.51402,0.92434
37.27,10.5,1,0.79942,0.57731,0.95292
37.27,13.5,1,0.88561,0.71903,0.98197
37.27,16.5,1,0.90463,0.75646,0.98839
37.27,19.5,1,0.88754,0.71458,0.988
37.27,22.5,1,0.93659,0.79966,0.99694
37.27,25.5,1,0.94536,0.83586,0.9968
37.27,28.5,1,0.95534,0.85056,0.99871
37.27,31.5,1,0.93782,0.80906,0.99733
37.27,34.5,1,0.90876,0.73626,0.99462
37.27,37.5,1,0.8581,0.64116,0.98493
37.27,40.5,1,0.74586,0.47476,0.94794
37.27,43.5,NaN,0.68069,0.36379,0.92384
37.27,46.5,NaN,0.56022,0.24685,0.84123
37.27,55.5,NaN,0.3398,0.076823,0.6612
37.27,58.5,NaN,0.14752,0.012017,0.39302
37.27,61.5,NaN,0.11921,0.008177,0.33356
37.27,64.5,NaN,0.07417,0.0033011,0.22949
37.27,67.5,NaN,0.060708,0.0025262,0.19045
37.27,70.5,NaN,0.05904,0.0022128,0.18666
37.27,73.5,NaN,0.083281,0.0036897,0.25247
37.27,76.5,NaN,0.030033,0.00035126,0.11302
37.27,79.5,NaN,0.026225,0.00019206,0.10268
37.27,82.5,NaN,0.024575,0.00010852,0.099368
37.27,85.5,NaN,0.046121,0.00072249,0.16429
37.27,88.5,0,0.094302,0.0028151,0.29717
37.27,91.5,NaN,0.1486,0.0071627,0.42131
37.27,94.5,NaN,0.16077,0.0086851,0.44352
37.27,97.5,NaN,0.22697,0.022955,0.53231
37.27,100.5,0,0.27194,0.035433,0.59375
37.27,103.5,0,0.41708,0.10071,0.74983
37.27,106.5,NaN,0.58765,0.24228,0.87246
37.27,109.5,NaN,0.83034,0.5551,0.98332
37.27,112.5,NaN,0.89082,0.67715,0.99366
37.27,115.5,NaN,0.87846,0.64503,0.99331
37.27,118.5,NaN,0.90939,0.69684,0.99784
37.27,121.5,1,0.95459,0.82488,0.99972
37.27,127.5,1,0.97444,0.88444,0.99998
37.27,130.5,1,0.98031,0.90881,0.99999
37.27,136.5,1,0.97149,0.86919,0.99999
41.17,-115.5,1,0.53489,0.25312,0.80638
41.17,-112.5,0,0.47341,0.21494,0.7436
41.17,-109.5,NaN,0.57485,0.32959,0.80814
41.17,-106.5,1,0.64153,0.36098,0.87994
41.17,-103.5,NaN,0.35056,0.13178,0.60444
41.17,-100.5,NaN,0.38378,0.13533,0.66058
41.17,-97.5,0,0.44998,0.18533,0.71937
41.17,-94.5,NaN,0.48617,0.22294,0.75067
41.17,-91.5,NaN,0.50594,0.23727,0.77165
41.17,-88.5,NaN,0.52916,0.24924,0.80327
41.17,-85.5,NaN,0.53063,0.23199,0.82695
41.17,-82.5,NaN,0.63049,0.31888,0.89674
41.17,-79.5,NaN,0.71306,0.39472,0.94745
41.17,-76.5,NaN,0.76859,0.45069,0.97281
41.17,-73.5,NaN,0.8642,0.58481,0.99515
41.17,-64.5,1,0.83498,0.48752,0.99629
41.17,-7.5,NaN,0.71822,0.46746,0.9156
41.17,-4.5,NaN,0.74365,0.48481,0.93427
41.17,-1.5,1,0.71248,0.43026,0.92644
41.17,1.5,0,0.75766,0.50175,0.94259
41.17,4.5,1,0.80985,0.57748,0.96077
41.17,10.5,1,0.8465,0.66129,0.96866
41.17,13.5,1,0.92023,0.78757,0.99071
41.17,16.5,1,0.91593,0.77526,0.99011
41.17,19.5,1,0.94095,0.82306,0.9955
41.17,22.5,1,0.95837,0.86888,0.99791
41.17,25.5,1,0.9345,0.8013,0.99561
41.17,37.5,1,0.85147,0.62535,0.98204
41.17,43.5,1,0.69203,0.40335,0.91801
41.17,64.5,NaN,0.091774,0.0031626,0.29486
41.17,67.5,0,0.04784,0.00055184,0.18129
41.17,70.5,NaN,0.029763,0.00015976,0.12094
41.17,73.5,0,0.017291,2.7859e-05,0.077209
41.17,76.5,NaN,0.013174,1.3511e-05,0.060355
41.17,79.5,NaN,0.01664,2.0707e-05,0.073408
41.17,82.5,0,0.012597,5.7874e-06,0.059115
41.17,85.5,NaN,0.012336,3.9481e-06,0.058591
41.17,88.5,0,0.018301,6.9411e-06,0.087057
41.17,91.5,NaN,0.022075,1.7423e-05,0.1038
41.17,94.5,0,0.047567,0.00017145,0.18229
41.17,97.5,NaN,0.071905,0.00074679,0.24592
41.17,100.5,0,0.13243,0.0041844,0.38158
41.17,103.5,0,0.20598,0.015677,0.49858
41.17,106.5,NaN,0.44782,0.11977,0.77173
41.17,109.5,NaN,0.67509,0.32135,0.92823
41.17,112.5,NaN,0.74638,0.43584,0.95167
41.17,115.5,NaN,0.81292,0.54814,0.97473
41.17,118.5,NaN,0.85868,0.62467,0.98831
41.17,121.5,NaN,0.92087,0.7528,0.99743
41.17,124.5,NaN,0.95648,0.83749,0.99962
41.17,127.5,1,0.98143,0.91844,0.99998
41.17,133.5,1,0.98018,0.90952,0.99999
41.17,136.5,1,0.97227,0.87214,0.99999
41.17,139.5,1,0.98189,0.91822,0.99999
45.32,-118.5,NaN,0.76827,0.51008,0.94701
45.32,-115.5,NaN,0.67381,0.39094,0.90064
45.32,-112.5,1,0.70082,0.43064,0.91383
45.32,-109.5,0,0.79923,0.54836,0.96286
45.32,-106.5,1,0.7172,0.44712,0.92414
45.32,-103.5,NaN,0.50752,0.20323,0.81368
45.32,-100.5,1,0.46776,0.14999,0.80646
45.32,-97.5,NaN,0.5332,0.2082,0.84015
45.32,-94.5,0,0.55532,0.23162,0.85044
45.32,-91.5,NaN,0.54237,0.22615,0.83823
45.32,-88.5,NaN,0.54006,0.22151,0.84077
45.32,-85.5,NaN,0.6219,0.29852,0.89437
45.32,-82.5,NaN,0.6775,0.36681,0.91954
45.32,-79.5,NaN,0.7227,0.42861,0.93913
45.32,-76.5,NaN,0.754,0.46804,0.95483
45.32,-73.5,NaN,0.78737,0.51175,0.96917
45.32,-70.5,NaN,0.83192,0.57015,0.9833
45.32,-67.5,NaN,0.9086,0.70365,0.99696
45.32,-64.5,NaN,0.85857,0.60804,0.99036
45.32,-61.5,NaN,0.84775,0.59293,0.98934
45.32,-58.5,NaN,0.88042,0.65379,0.99307
45.32,1.5,1,0.84624,0.61602,0.98233
45.32,4.5,1,0.88388,0.69002,0.98911
45.32,7.5,1,0.92082,0.76753,0.99449
45.32,10.5,1,0.91344,0.75917,0.99333
45.32,13.5,1,0.94689,0.83232,0.99744
45.32,16.5,1,0.96508,0.8818,0.99894
45.32,19.5,1,0.95353,0.8488,0.99811
45.32,22.5,1,0.97312,0.90311,0.99941
45.32,25.5,0,0.95383,0.85078,0.99803
45.32,28.5,NaN,0.94694,0.83304,0.99731
45.32,31.5,1,0.95425,0.85651,0.99752
45.32,55.5,1,0.39079,0.10074,0.72714
45.32,58.5,NaN,0.31217,0.058042,0.64882
45.32,61.5,NaN,0.2244,0.028072,0.53769
45.32,64.5,NaN,0.14492,0.0097323,0.39814
45.32,67.5,NaN,0.09399,0.0034653,0.28777
45.32,70.5,NaN,0.059837,0.0010191,0.21038
45.32,73.5,NaN,0.037868,0.0002445,0.14755
45.32,76.5,0,0.023766,4.8534e-05,0.10164
45.32,79.5,NaN,0.019257,2.6686e-05,0.083118
45.32,82.5,NaN,0.015986,1.3407e-05,0.070204
45.32,85.5,0,0.015323,7.8138e-06,0.069905
45.32,88.5,NaN,0.027509,3.6476e-05,0.11916
45.32,91.5,NaN,0.021914,1.3008e-05,0.10297
45.32,94.5,NaN,0.061418,0.00052076,0.23122
45.32,97.5,NaN,0.12021,0.0042499,0.35854
45.32,100.5,NaN,0.13172,0.0069814,0.36953
45.32,103.5,NaN,0.21074,0.025144,0.48853
45.32,106.5,NaN,0.31411,0.069891,0.61725
45.32,109.5,NaN,0.43071,0.14572,0.73096
45.32,112.5,NaN,0.55489,0.25235,0.83085
45.32,115.5,NaN,0.74421,0.47797,0.94024
45.32,118.5,NaN,0.79521,0.5503,0.96318
45.32,121.5,NaN,0.87126,0.67442,0.98685
45.32,124.5,NaN,0.91592,0.75648,0.99583
45.32,127.5,1,0.93625,0.79248,0.99855
45.32,130.5,NaN,0.95831,0.85355,0.99953
45.32,133.5,1,0.98149,0.91979,0.99997
45.32,139.5,1,0.96672,0.86572,0.99988
45.32,142.5,1,0.97061,0.88448,0.99988
49.8,-118.5,NaN,0.87351,0.65963,0.98863
49.8,-115.5,1,0.88286,0.67249,0.99108
49.8,-112.5,NaN,0.86495,0.64874,0.98493
49.8,-109.5,NaN,0.74564,0.48867,0.9385
49.8,-106.5,NaN,0.58709,0.26925,0.8724
49.8,-103.5,NaN,0.54641,0.21979,0.85697
49.8,-100.5,NaN,0.50433,0.17086,0.8443
49.8,-97.5,NaN,0.46464,0.12682,0.83589
49.8,-94.5,NaN,0.42451,0.086252,0.83091
49.8,-91.5,NaN,0.44722,0.1002,0.83511
49.8,-88.5,NaN,0.54054,0.18067,0.87925
49.8,-85.5,NaN,0.58673,0.24261,0.8892
49.8,-82.5,NaN,0.62716,0.29767,0.89946
49.8,-79.5,NaN,0.6809,0.36698,0.92135
49.8,-76.5,NaN,0.72346,0.43577,0.93503
49.8,-73.5,NaN,0.75474,0.48672,0.94604
49.8,-70.5,NaN,0.78889,0.53951,0.95877
49.8,-67.5,NaN,0.80229,0.5591,0.96442
49.8,-64.5,NaN,0.8035,0.55928,0.96611
49.8,-61.5,NaN,0.84265,0.62456,0.97751
49.8,-58.5,NaN,0.85649,0.64807,0.98136
49.8,-55.5,NaN,0.8773,0.68516,0.98602
49.8,-52.5,NaN,0.87594,0.6809,0.98645
49.8,-49.5,NaN,0.91058,0.73458,0.99489
49.8,-4.5,NaN,0.94374,0.79941,0.99924
49.8,-1.5,NaN,0.92851,0.75688,0.99908
49.8,1.5,NaN,0.95317,0.8204,0.99971
49.8,4.5,1,0.96497,0.85583,0.99988
49.8,7.5,1,0.95124,0.81533,0.99978
49.8,10.5,1,0.95545,0.8304,0.99976
49.8,13.5,1,0.96958,0.87703,0.99984
49.8,16.5,1,0.97713,0.90614,0.99985
49.8,19.5,NaN,0.97195,0.8992,0.99957
49.8,22.5,NaN,0.97635,0.91282,0.99955
49.8,25.5,1,0.96889,0.89422,0.99907
49.8,28.5,NaN,0.95721,0.86707,0.99783
49.8,31.5,NaN,0.9329,0.81283,0.99424
49.8,34.5,NaN,0.92308,0.79298,0.99221
49.8,37.5,NaN,0.87736,0.70244,0.98163
49.8,40.5,NaN,0.86921,0.67779,0.98101
49.8,43.5,NaN,0.82297,0.59749,0.9682
49.8,46.5,NaN,0.77199,0.50638,0.95375
49.8,49.5,NaN,0.71348,0.41353,0.93395
49.8,52.5,NaN,0.62487,0.29925,0.89534
49.8,55.5,NaN,0.56648,0.23139,0.86706
49.8,58.5,0,0.52363,0.1756,0.85304
49.8,61.5,NaN,0.37373,0.089273,0.71171
49.8,64.5,NaN,0.29347,0.054706,0.61536
49.8,67.5,NaN,0.22321,0.030458,0.52103
49.8,70.5,NaN,0.16662,0.015289,0.43338
49.8,73.5,NaN,0.12392,0.006811,0.35938
49.8,76.5,0,0.092754,0.0029274,0.2963
49.8,79.5,NaN,0.079266,0.0019987,0.26269
49.8,82.5,NaN,0.070554,0.0012916,0.24423
49.8,85.5,NaN,0.068781,0.0010034,0.24908
49.8,88.5,NaN,0.094486,0.0017333,0.32827
49.8,91.5,NaN,0.09065,0.0013881,0.32615
49.8,94.5,NaN,0.10662,0.0019479,0.37058
49.8,97.5,NaN,0.25414,0.024949,0.61685
49.8,100.5,NaN,0.30998,0.048977,0.66855
49.8,103.5,NaN,0.31864,0.061277,0.66196
49.8,106.5,NaN,0.38317,0.097531,0.72647
49.8,109.5,NaN,0.51412,0.20462,0.81938
49.8,112.5,NaN,0.58722,0.28334,0.86473
49.8,115.5,NaN,0.65509,0.3596,0.90295
49.8,118.5,NaN,0.8103,0.56449,0.96995
49.8,121.5,NaN,0.77211,0.49547,0.96238
49.8,124.5,NaN,0.79965,0.52297,0.97667
49.8,127.5,1,0.86309,0.63466,0.99053
49.8,130.5,1,0.91202,0.72586,0.997
49.8,133.5,NaN,0.91285,0.73252,0.99706
49.8,136.5,1,0.93927,0.78964,0.99893
49.8,142.5,1,0.86589,0.61062,0.99415
54.75,-124.5,NaN,0.84297,0.57145,0.98874
54.75,-121.5,1,0.85606,0.58141,0.99313
54.75,-118.5,NaN,0.8557,0.58958,0.99211
54.75,-115.5,NaN,0.81227,0.52271,0.98246
54.75,-112.5,1,0.67324,0.30304,0.95006
54.75,-109.5,NaN,0.57537,0.20236,0.90709
54.75,-106.5,NaN,0.54973,0.19155,0.88632
54.75,-103.5,NaN,0.52116,0.16788,0.86894
54.75,-100.5,NaN,0.49106,0.1376,0.85377
54.75,-97.5,NaN,0.46073,0.10678,0.84851
54.75,-94.5,NaN,0.43076,0.078877,0.84285
54.75,-91.5,NaN,0.40213,0.055436,0.84263
54.75,-88.5,NaN,0.48723,0.093029,0.89685
54.75,-85.5,NaN,0.53724,0.14284,0.90755
54.75,-82.5,NaN,0.58781,0.20374,0.919
54.75,-79.5,NaN,0.63731,0.27179,0.92933
54.75,-76.5,NaN,0.68466,0.34313,0.9401
54.75,-73.5,NaN,0.7333,0.42746,0.9498
54.75,-70.5,NaN,0.77957,0.50539,0.96121
54.75,-67.5,NaN,0.81924,0.57613,0.9721
54.75,-64.5,NaN,0.85181,0.63473,0.98062
54.75,-61.5,NaN,0.88091,0.69126,0.98697
54.75,-58.5,NaN,0.90483,0.74024,0.99145
54.75,-55.5,NaN,0.92128,0.76751,0.99502
54.75,-52.5,NaN,0.93628,0.80004,0.99681
54.75,-7.5,1,0.94182,0.74521,0.99996
54.75,-4.5,NaN,0.96261,0.82471,0.99998
54.75,7.5,1,0.96155,0.82425,0.99998
54.75,13.5,NaN,0.96305,0.84858,0.99993
54.75,16.5,NaN,0.95261,0.82247,0.99977
54.75,19.5,NaN,0.93814,0.78933,0.99935
54.75,22.5,NaN,0.93887,0.79027,0.99903
54.75,25.5,NaN,0.93191,0.77818,0.99827
54.75,28.5,NaN,0.9141,0.74177,0.99659
54.75,31.5,NaN,0.89396,0.69514,0.99436
54.75,34.5,NaN,0.86082,0.62706,0.98985
54.75,37.5,NaN,0.84037,0.58196,0.98673
54.75,40.5,NaN,0.8292,0.55531,0.9845
54.75,43.5,NaN,0.79884,0.49772,0.97984
54.75,46.5,NaN,0.7687,0.43307,0.97634
54.75,49.5,1,0.73749,0.36429,0.97479
54.75,52.5,1,0.76916,0.40542,0.98199
54.75,55.5,NaN,0.71965,0.35721,0.9649
54.75,58.5,NaN,0.64293,0.28481,0.93035
54.75,61.5,NaN,0.59055,0.24203,0.89695
54.75,64.5,NaN,0.47803,0.15617,0.8144
54.75,67.5,NaN,0.42512,0.12183,0.76453
54.75,70.5,NaN,0.37587,0.09357,0.71823
54.75,73.5,NaN,0.33215,0.069415,0.68049
54.75,76.5,NaN,0.3629,0.080015,0.71631
54.75,79.5,NaN,0.35753,0.079645,0.70382
54.75,82.5,NaN,0.35603,0.08174,0.69989
54.75,85.5,NaN,0.35772,0.082276,0.70177
54.75,88.5,NaN,0.36272,0.082979,0.71231
54.75,91.5,NaN,0.42781,0.11944,0.775
54.75,94.5,NaN,0.39143,0.09304,0.75679
54.75,97.5,NaN,0.40636,0.095592,0.78785
54.75,100.5,NaN,0.46445,0.13265,0.8327
54.75,103.5,NaN,0.50188,0.15306,0.86429
54.75,106.5,1,0.58264,0.223,0.90666
54.75,109.5,NaN,0.69314,0.36594,0.94416
54.75,112.5,NaN,0.71497,0.41041,0.94538
54.75,115.5,NaN,0.77291,0.50198,0.96132
54.75,118.5,NaN,0.77098,0.50821,0.95837
54.75,121.5,NaN,0.80343,0.56102,0.96703
54.75,124.5,NaN,0.82892,0.60224,0.97411
54.75,127.5,1,0.8743,0.67918,0.98656
54.75,130.5,NaN,0.93112,0.78425,0.9969
54.75,133.5,NaN,0.89021,0.71119,0.98919
54.75,136.5,NaN,0.88075,0.68719,0.98784
54.75,142.5,1,0.83548,0.59611,0.98089
54.75,157.5,0,0.69715,0.38362,0.93311
60.42,-154.5,NaN,0.89979,0.67412,0.99923
60.42,-151.5,1,0.8842,0.6346,0.99876
60.42,-130.5,0,0.843,0.60711,0.98211
60.42,-127.5,NaN,0.82491,0.57114,0.97996
60.42,-124.5,1,0.78587,0.49851,0.97287
60.42,-121.5,NaN,0.6323,0.27842,0.92213
60.42,-118.5,NaN,0.52115,0.14685,0.88808
60.42,-115.5,NaN,0.50428,0.13393,0.87682
60.42,-112.5,NaN,0.48624,0.11891,0.86278
60.42,-109.5,NaN,0.49007,0.12314,0.86475
60.42,-106.5,NaN,0.47776,0.11679,0.85567
60.42,-103.5,NaN,0.46371,0.10443,0.85073
60.42,-100.5,NaN,0.44738,0.08813,0.84805
60.42,-97.5,NaN,0.43013,0.071363,0.84784
60.42,-94.5,NaN,0.4123,0.05546,0.85143
60.42,-91.5,NaN,0.51852,0.11429,0.90745
60.42,-88.5,NaN,0.57103,0.17281,0.91767
60.42,-85.5,NaN,0.62383,0.24639,0.92905
60.42,-82.5,NaN,0.67586,0.32553,0.93911
60.42,-79.5,NaN,0.72655,0.41338,0.94965
60.42,-76.5,NaN,0.7734,0.49426,0.95871
60.42,-73.5,NaN,0.81574,0.57545,0.96799
60.42,-70.5,NaN,0.85249,0.6479,0.97744
60.42,-67.5,NaN,0.88316,0.70698,0.98494
60.42,-64.5,NaN,0.90801,0.75284,0.99041
60.42,-61.5,NaN,0.92734,0.79233,0.99438
60.42,-58.5,NaN,0.93977,0.81188,0.99683
60.42,-37.5,NaN,0.95737,0.84654,0.99926
60.42,-1.5,1,0.97105,0.85315,1
60.42,7.5,NaN,0.9644,0.84158,0.99998
60.42,10.5,NaN,0.96561,0.84781,0.99997
60.42,13.5,NaN,0.9545,0.81514,0.9999
60.42,16.5,NaN,0.94417,0.78524,0.99977
60.42,19.5,NaN,0.93584,0.76779,0.99958
60.42,22.5,NaN,0.92495,0.74078,0.99922
60.42,25.5,NaN,0.95281,0.82552,0.99949
60.42,28.5,NaN,0.9568,0.84398,0.99947
60.42,31.5,NaN,0.95719,0.84803,0.99938
60.42,34.5,NaN,0.95122,0.83134,0.99907
60.42,37.5,NaN,0.94597,0.81639,0.9987
60.42,40.5,NaN,0.93415,0.78669,0.99796
60.42,43.5,NaN,0.91347,0.73586,0.99609
60.42,46.5,NaN,0.89833,0.69995,0.99433
60.42,49.5,NaN,0.88399,0.66867,0.99218
60.42,52.5,NaN,0.86022,0.62361,0.98803
60.42,55.5,NaN,0.86443,0.63036,0.98848
60.42,58.5,NaN,0.88626,0.66759,0.9921
60.42,61.5,NaN,0.86329,0.62753,0.98735
60.42,64.5,NaN,0.80619,0.53269,0.97292
60.42,67.5,NaN,0.78221,0.49986,0.96464
60.42,70.5,NaN,0.75809,0.46493,0.95696
60.42,73.5,NaN,0.78487,0.5083,0.96484
60.42,76.5,NaN,0.78269,0.50103,0.96468
60.42,79.5,NaN,0.78146,0.49203,0.96639
60.42,82.5,0,0.78385,0.48809,0.97081
60.42,85.5,NaN,0.77382,0.47884,0.96617
60.42,88.5,NaN,0.76466,0.4726,0.96375
60.42,91.5,NaN,0.75798,0.45668,0.96413
60.42,94.5,NaN,0.75326,0.44098,0.96658
60.42,97.5,NaN,0.79093,0.49916,0.97543
60.42,100.5,NaN,0.81107,0.5228,0.98249
60.42,103.5,NaN,0.83053,0.54283,0.98846
60.42,106.5,1,0.85164,0.56432,0.9936
60.42,109.5,1,0.85249,0.56849,0.99347
60.42,112.5,NaN,0.83076,0.54516,0.98832
60.42,115.5,NaN,0.85219,0.60289,0.98787
60.42,118.5,NaN,0.86168,0.63533,0.98682
60.42,121.5,NaN,0.87057,0.65992,0.98644
60.42,124.5,NaN,0.87841,0.6828,0.98668
60.42,127.5,1,0.8849,0.69935,0.98733
60.42,130.5,NaN,0.88261,0.70406,0.98444
60.42,133.5,NaN,0.90685,0.74933,0.98991
60.42,136.5,NaN,0.91685,0.75711,0.99301
60.42,139.5,NaN,0.89305,0.70666,0.98897
60.42,142.5,0,0.82443,0.59562,0.96606
60.42,145.5,NaN,0.83038,0.59563,0.97068
60.42,148.5,NaN,0.79143,0.53647,0.95819
60.42,151.5,NaN,0.76813,0.4942,0.95223
60.42,157.5,1,0.55612,0.22002,0.86689
60.42,166.5,0,0.55032,0.19723,0.87101
67.4,-178.5,NaN,0.95025,0.73193,1
67.4,-175.5,1,0.95365,0.73425,1
67.4,-172.5,1,0.95395,0.74294,1
67.4,-169.5,NaN,0.94783,0.73179,1
67.4,-166.5,NaN,0.93949,0.71513,1
67.4,-163.5,NaN,0.93685,0.71782,1
67.4,-160.5,NaN,0.91962,0.67413,0.99998
67.4,-157.5,NaN,0.89278,0.61247,0.99985
67.4,-154.5,NaN,0.85959,0.54939,0.99918
67.4,-151.5,NaN,0.84939,0.55478,0.99772
67.4,-148.5,NaN,0.85666,0.58512,0.99618
67.4,-145.5,1,0.84023,0.56494,0.99273
67.4,-142.5,1,0.81214,0.51387,0.98712
67.4,-139.5,1,0.85984,0.60573,0.99293
67.4,-136.5,1,0.82956,0.5486,0.98828
67.4,-133.5,1,0.80333,0.49371,0.98035
67.4,-130.5,0,0.7473,0.41414,0.96196
67.4,-127.5,NaN,0.77906,0.48731,0.96326
67.4,-124.5,NaN,0.79739,0.53463,0.96321
67.4,-121.5,NaN,0.71204,0.40761,0.93389
67.4,-118.5,NaN,0.64932,0.31629,0.91454
67.4,-115.5,NaN,0.63537,0.2983,0.91031
67.4,-112.5,NaN,0.63047,0.29302,0.90728
67.4,-109.5,NaN,0.62494,0.28754,0.90627
67.4,-106.5,NaN,0.6282,0.28805,0.90859
67.4,-103.5,NaN,0.62368,0.27877,0.90927
67.4,-100.5,NaN,0.6175,0.2673,0.91188
67.4,-97.5,NaN,0.6105,0.24975,0.91319
67.4,-94.5,NaN,0.66685,0.31123,0.93678
67.4,-91.5,NaN,0.69823,0.36244,0.94369
67.4,-88.5,NaN,0.72727,0.41192,0.95094
67.4,-85.5,NaN,0.75284,0.45494,0.95693
67.4,-82.5,NaN,0.78234,0.50624,0.96347
67.4,-79.5,NaN,0.81567,0.5677,0.97021
67.4,-76.5,NaN,0.84,0.61299,0.97615
67.4,-73.5,NaN,0.86626,0.66614,0.98167
67.4,-70.5,NaN,0.88757,0.70883,0.98689
67.4,-67.5,NaN,0.90482,0.7431,0.99052
67.4,-64.5,NaN,0.91773,0.77007,0.99306
67.4,-61.5,NaN,0.93229,0.80135,0.99536
67.4,-58.5,NaN,0.9401,0.81741,0.99686
67.4,-55.5,NaN,0.95219,0.84568,0.99811
67.4,-43.5,NaN,0.93286,0.78436,0.99775
67.4,-40.5,NaN,0.92681,0.76611,0.99791
67.4,-37.5,NaN,0.91815,0.74025,0.99772
67.4,-34.5,NaN,0.94945,0.82596,0.99897
67.4,-31.5,NaN,0.95182,0.83216,0.99919
67.4,-28.5,NaN,0.96124,0.85769,0.99959
67.4,-25.5,NaN,0.96822,0.87448,0.99979
67.4,16.5,NaN,0.97776,0.90575,0.99994
67.4,19.5,NaN,0.97943,0.91548,0.99995
67.4,22.5,NaN,0.97585,0.90353,0.99991
67.4,25.5,NaN,0.97051,0.88909,0.99982
67.4,28.5,NaN,0.97154,0.89164,0.99974
67.4,31.5,NaN,0.96111,0.86091,0.99942
67.4,34.5,NaN,0.95813,0.85558,0.99923
67.4,37.5,NaN,0.96964,0.88691,0.99959
67.4,40.5,NaN,0.97065,0.88669,0.99962
67.4,58.5,NaN,0.94238,0.81223,0.99802
67.4,61.5,NaN,0.9319,0.78954,0.99696
67.4,64.5,NaN,0.9528,0.83915,0.99854
67.4,67.5,NaN,0.95028,0.83109,0.99835
67.4,70.5,NaN,0.94999,0.82939,0.9984
67.4,73.5,NaN,0.94018,0.80337,0.99787
67.4,76.5,NaN,0.9299,0.77886,0.99681
67.4,79.5,NaN,0.93209,0.78557,0.99685
67.4,82.5,NaN,0.92362,0.766,0.99596
67.4,85.5,NaN,0.91453,0.7408,0.99504
67.4,88.5,NaN,0.90998,0.73391,0.99422
67.4,91.5,NaN,0.90055,0.71352,0.99321
67.4,94.5,NaN,0.92499,0.77348,0.99555
67.4,97.5,NaN,0.92857,0.78012,0.99619
67.4,100.5,NaN,0.92982,0.77969,0.99642
67.4,103.5,NaN,0.92861,0.77424,0.99656
67.4,106.5,NaN,0.92692,0.76929,0.99658
67.4,109.5,NaN,0.92499,0.76642,0.9964
67.4,112.5,NaN,0.91956,0.75213,0.99577
67.4,115.5,NaN,0.90997,0.72941,0.99464
67.4,118.5,NaN,0.89665,0.69963,0.99309
67.4,121.5,NaN,0.91477,0.74734,0.995
67.4,124.5,NaN,0.90082,0.71202,0.99358
67.4,127.5,NaN,0.86495,0.62993,0.98958
67.4,130.5,1,0.87447,0.63879,0.99191
67.4,133.5,NaN,0.86304,0.6186,0.9894
67.4,136.5,1,0.84921,0.58733,0.98812
67.4,139.5,NaN,0.82585,0.55518,0.98201
67.4,142.5,NaN,0.79518,0.50377,0.97443
67.4,145.5,NaN,0.75734,0.4413,0.96634
67.4,148.5,NaN,0.74781,0.41717,0.96689
67.4,151.5,1,0.76043,0.41999,0.9748
67.4,154.5,1,0.7551,0.40722,0.97436
67.4,157.5,NaN,0.74226,0.40619,0.96742
67.4,160.5,NaN,0.70736,0.36206,0.95444
67.4,163.5,NaN,0.74896,0.40919,0.9655
67.4,166.5,NaN,0.827,0.52427,0.9851
67.4,169.5,NaN,0.75405,0.43075,0.96244
67.4,172.5,NaN,0.81441,0.5208,0.97961
67.4,175.5,NaN,0.8427,0.56998,0.98566
67.4,178.5,NaN,0.8089,0.51418,0.97595
