0.029123
0.026132
0.029847
0
0.055634
0.042618
0.036917
0
0
0.043815
0.029268
0.030286
0.029323
0.031919
0.031096
0.030357
0.029693
0.03032
0.028557
0.028073
0.024539
0.024186
0.023874
0.023598
0.023357
0.023148
0.025875
0.021785
0
0
0
0.06271
0.021166
0.01329
0
0
0.055263
0.0512
0
0
0.3838
0.33813
1
0
0.058449
0.084261
0.07086
0.043566
0.087157
0.093627
0.079838
0
0
0
0
0
0.52519
0.63233
0.57912
0.6333
0
0.085438
0.13011
0.098183
0.081394
0.086483
0.09631
0.11705
0.14844
0.19683
0.15826
0.15996
0.17617
0.089981
0.048871
0.76692
0.85644
0.86576
0.74859
0.76146
0.27523
0
0.2302
0.17116
0.069229
0.10612
0.11232
0.16542
0.1743
0.18081
0.2135
0.24867
1
0.21355
0.14515
0.091116
0.053561
0.03069
0.84441
1
1
0.91186
0.86391
0.37633
0.43641
0.50399
0.46242
0.2616
0.23361
0.046573
0.068356
0.10383
0.14348
0.16224
0.19325
0.14627
0.12697
0
0.089273
0.053092
1
1
1
0.94347
0.90274
0.26011
0.48441
0.57387
0.52438
0.40633
0.23662
1
0.17374
0.051619
0.090716
0.074479
0.10473
0.065289
0.056177
0.047458
0.046872
0.86175
0.94874
0.94062
0.94247
0.95269
0.90039
0.7791
0.23305
0.43593
0.60563
0.57175
0.46483
0.38211
0.24686
0.13407
0.12309
0.045581
0.045738
0.018135
1
1
1
0.93912
0.93886
0.90893
0.89974
0.85218
0.72058
0.53707
0.4908
0.56939
0.65479
0.65488
0.52422
0.40749
0.32843
0.27257
0.10817
0.55065
0.60332
0.8813
0.9234
0.92343
0.86862
0.84537
0.85765
0.60632
0.45069
0.35187
0.2802
0.55449
0.65144
0.69669
0.60713
0.51061
0.27609
0.26228
0.225
0.019131
0
0.29219
0.42009
0.72248
0.79902
0.86258
0.82708
0.75695
0.82302
0.80762
0.4802
0.37432
0.49627
0.29308
0.52197
0.62633
0.71215
0.69306
0.62456
0.34075
0.25077
0.24691
0
0.028017
0
0.18379
0.43909
0.52418
0.61496
0.71158
0.68036
0.57801
0.66796
0.67027
0.63173
0.37391
0.34005
0.32689
0.46381
0.55478
0.64979
0.72977
0.5353
0.32385
0.24115
0.2677
0
0
0
0
0.31424
0.42208
0
0.63109
0.54055
0.47983
0.43417
0.43497
0.42642
0.40047
0.48687
0.27954
0.25168
0.48705
0.59546
0.69057
0.76949
0.49519
0.28853
0.19513
0.1934
0.27494
0.017154
0
0.070656
1
0.27621
0
0
0.44597
0.42434
0.35008
0.28157
0.25506
0.29345
0.23556
0.28883
0.2688
0.47942
0.56521
0.66327
0.73771
0.79847
0.46663
0.30661
0.20442
0.25874
1
0
0
0.010181
0.076131
0.18599
0.20734
0.20957
0.27778
0.39818
0.40788
0.34933
0.26885
0
0.6117
0.71112
0.79556
0.80187
0.63794
0.38993
0.27598
0.2886
1
0
0
0.018066
0.014327
0
0
0
0
0
0.12521
0
0.17545
0.18261
0.22059
0.2592
0
0.35229
0.25745
0
0.42043
0.63834
0.73995
0.81501
0.86637
0.80146
0.56391
0.44181
0.43286
0.46737
0.4087
0.38571
0.024475
0.017752
0
0.0043723
0
0.0034355
0.0032901
0.19176
0.19146
1
0.16348
0.16671
0.21408
0.2841
0.16325
0.2499
0.41552
0.373
0.45951
0.4683
0.4836
0.43965
0.38847
0.53091
0.7177
0.85817
0.89867
0.87084
0.8345
0.73599
0.59546
0.56178
0.56039
0.50185
0
0
0
0
0
0
0
0
0
1
0
0.22866
0
0.34962
0.37086
0.55315
0.61302
0.62786
0.67528
0.61887
0.77209
0.79671
0.86657
0.90498
0.93137
0.88469
0.84271
0.78129
0.54691
0
1
0
0
0
0
0
0
0
0
0
0
0
0
0
0.5717
0.74766
0.76112
0.74555
0.76005
0.80683
0.75561
0.85853
0.89482
0.92156
0.94309
0.92475
0.80766
0.75167
0.8112
0.57374
0
1
0.68636
1
0.36284
0.55216
0.33415
0.23983
1
0
0
0.026404
0
0
0
0
0.5038
0.58468
0.70564
0.79026
0.84939
0.83933
0.85274
0.88041
0.89515
0.91785
0.94023
0.92162
0.92892
0.93933
0.88357
0.86966
0.86517
0.80396
1
0.82569
1
0
0.45611
0.50219
0.32858
0.16559
0.063604
0
0.033313
0
0
0.32728
0.29984
0.23938
0
1
0
0.59761
0.72562
0.82957
0.88708
0.89538
0.90667
0.92435
0.90549
0.89556
0.89283
0.90226
0.91535
0.93356
0.93624
0.91311
0.87735
0.8396
0.90749
0.93586
0.90701
1
1
0.57265
0.57612
0.39011
0.23532
0.12359
0.039485
0.048512
0.055123
0
0.013949
0
0.25906
0
0
1
0.57352
0.67417
0.74356
0.81789
0.87344
0.89191
0.87873
0.87106
0.85486
0.84309
0.85598
0.87932
0.91393
0.93455
0.91824
0.90188
0.8415
0.86862
0.93879
1
1
0.7229
0.65189
0.60059
0.57347
0.45256
0.30805
0.14348
0.073364
0
0.015251
0
0.0046408
0.009179
0.0067475
0.0067699
0.27665
0.21526
0.36437
0.49495
0.51631
0.62703
0.7249
0.80549
0.84198
0.8106
0.78661
0
0.74961
0.74842
0.7973
0.86802
0.90452
0.90223
1
1
0.859
0.87476
0.9328
1
0.7619
0.74379
0.69205
0.50947
0.27247
0.11676
0.046925
0.021584
0
0.010615
0.0051481
0
0
0
0
0.0050069
0.0038587
0.67828
0.43213
0.36046
0.33092
0.39783
1
1
0.64212
0.7027
0.68785
0.6445
0.59469
0.58446
0.61393
0
0.74057
0.76866
0.82663
0.80188
0.80931
0.91943
1
0.90273
0.7853
0.7367
0.61966
0.78576
0.55771
0
0.35308
0.1921
0.095042
0.047434
0.026089
0
0
0
0
0
0
0.012165
0
0.0063717
0
0.7882
0.59544
1
0.56472
0.6563
0
0
0
0.35521
0
1
0.44099
0.4239
1
1
1
0.82827
1
1
0.89664
0.93735
0.88332
0.93973
0.93772
0.87236
0.87771
0.7968
0.63374
0.62284
0.61242
0.59819
0.40704
0
0.18211
0.12559
0.093622
0
0
0
0
0.053986
0.039067
0
0.020604
0
0
1
1
1
1
0.86601
0.78032
0.67163
0.56295
0.50615
0.5306
0.35257
0
1
0.2988
0.30066
0.31814
0
0
0
1
1
0.72582
1
1
1
0.91067
0.8189
0.89181
0.84864
1
0.81233
0.80971
0.8113
0.81415
0.74839
0.65886
0.57268
0.49948
0.53774
0.40919
0.37826
0.21251
0.098419
0.061689
0.079965
0.048015
0
0
0.0087471
0.0096467
0
1
1
0.89523
1
1
0.6988
0.63258
0.57699
0.5594
0.431
0.28335
0.15725
0
0
1
1
1
0
0
0
0
0
1
1
0
0
0
0
0.44646
0.55136
0.62494
0.80663
0.82925
0.88849
0.90764
0.90967
0.87902
0.95987
0.96891
0.97483
0.96621
1
0.88497
0.88384
0.82712
1
1
0.43749
0.17158
0.10542
0.11651
0.087599
0
0
0
0
0
0
0.42975
0
0.7137
0.72687
1
0.602
0.56668
0.53587
0.52481
0.41016
0.29821
0.22383
0.11899
0
0.38801
0.38217
0
1
0
0
0
0
1
1
0
0
0
0.84718
1
0.94313
1
0.97747
0.97459
1
0.98695
1
0.98767
1
0.95183
1
1
0.57172
0.32283
0.24129
0.17097
0.12445
0.065628
0.03379
0
0
0
0
0.081969
0.15979
0
1
0
0.45478
0
0.49895
1
0.47429
0.47446
0.37691
0.30236
0.24533
0.20699
0.16993
0.12359
0.060046
0.09679
0.10387
0.0809
0
1
0
1
1
1
1
1
1
0.40234
0
0
0.61477
0.6875
0.78233
0.86076
0.90555
0.93849
1
0.97226
0.98008
1
0.97451
0.98365
0.95677
0.90341
0.88581
0.79537
0.66844
0.52405
0.3779
0.18824
0.13327
0.071886
0.041028
0
0.013987
0
0
0
0.017034
0
0.026281
0.071225
0.17053
0.22493
0.28978
0.35858
0.43325
0.47598
0.37801
0.32857
0.28709
0.23319
0.19292
0.16471
0.13572
0.12495
0.12609
0.099884
0.088813
0.073908
0.075439
0.041722
0.10485
0.14181
0.10309
0
0
0
0
0
0.20896
0.19301
0
0.24511
0.27807
0.27944
0.31772
0.29155
0.30314
0.31657
0.33347
0.37341
0.38513
1
0.55221
0.63017
0.70945
0.78052
0.83835
1
0.90861
0.92692
0.93621
0.91337
0.92073
0.90831
0.79768
0.72962
0.6993
0.6045
0.42592
0.31679
0.2244
0.095328
0.099609
0.072099
0
0
0.010167
0
0
0.012441
0
0.01363
0.020276
0
0.093785
0.11827
0.15132
0.19362
0.24467
0.30316
0.36614
0.3243
0.28065
0.23838
0.19916
0.16382
0.13421
0.10265
0.077573
0.058383
0.044037
0.033263
0.024421
0.020247
0
0.023937
0
0.052542
0.081884
0.12643
0.15354
0.16581
0.19137
0.2219
0.25504
0.26822
0.25929
0.26162
0.26087
0
0
0.24575
0.31929
0.38501
0.49997
0.55746
0.61569
0.67132
0.61432
0.62495
0.63367
0.64019
0.644
0.58482
0.62969
0.62047
0.56471
0.51896
0
0.28656
0.21495
0.12979
0.10022
0.060718
0.036547
0
0.005602
0.0064054
0.0046209
0
0
0.014495
0
0
0.0079093
0
0.032536
0.068121
0.081932
0.09995
0.1171
0.13692
0.16191
0.19309
0.23007
0.27245
0.21526
0.18164
0.15018
0.12142
0.0965
0.074258
0.056698
0.041874
0.030538
0.022093
0.015926
0.011658
0.013016
0
0.016895
0.016762
0.026973
0.03903
0.050079
0.064435
0.042935
0.035492
0.031124
0.031762
0.033722
0.038876
0.051439
0.06071
0.069842
0.085546
0.082253
0.064689
0.080559
0.12592
0.15141
0.18137
0.16422
0.17242
0.18328
1
0.20549
0.21647
0.22801
0.24001
0.21397
0.19484
0.17865
0
0
0.12212
0.0918
0.05942
0.038079
0.024474
0
0.010624
0.0051317
0.003058
0.0030385
0
0.0033992
0.0038643
0.00345
0
0
0.038602
0
0
0.029412
0.026488
0.022083
0.022233
0.024349
0.027944
0.025218
0.023704
0
0
0
0
0
0
0.013904
0.01223
0.022959
0.035663
0.041863
0.047248
0.053941
0.058787
0.066848
0.076698
0.088236
0.081797
0.072388
0.064185
0.057293
0.04985
0.041732
0.034877
0.029196
0.023263
0.018685
0.015355
0.012481
0.010331
0.0082445
0.01543
0.017456
0.022271
0.016239
0.01539
0.011634
0.0086652
0.0064617
0.006605
0.0083055
0.011382
0.01544
0.021696
0.023327
0.01337
0.011128
0.025113
0.029833
0.017996
0.018641
0.018872
0.022907
0.028985
0.028222
0.033563
0.039752
0.042879
0.049229
0.037678
0.032951
0.029558
0.027337
0.025533
0.023588
0.022363
0.022284
0.023099
0.016131
0.016824
0.022362
0
0.017264
0
0.013569
0.013059
0.013721
0.012515
0
0
0.0083842
0.0099014
0.01002
0.0051789
0.0090756
0.0057713
0.0043538
0.0062203
