-45.32,-178.5,0.17984,-0.14485,0.50575
67.4,-172.5,-0.035246,-0.20183,0.13692
67.4,-166.5,-0.025172,-0.16158,0.11898
67.4,-163.5,-0.016925,-0.14303,0.11361
67.4,-160.5,-0.014477,-0.13655,0.11163
67.4,-157.5,-0.018402,-0.14145,0.10395
67.4,-148.5,0.012908,-0.10978,0.13733
67.4,-145.5,0.0061008,-0.11193,0.12817
67.4,-142.5,0.11471,-0.1381,0.3844
67.4,-136.5,-0.014558,-0.14666,0.12018
60.42,-130.5,-0.023538,-0.21964,0.1834
60.42,-127.5,0.019859,-0.1086,0.15224
60.42,-121.5,-0.066477,-0.18825,0.057337
45.32,-118.5,0.017935,-0.096823,0.1338
49.8,-118.5,0.057774,-0.06914,0.18418
41.17,-115.5,0.050429,-0.070315,0.17598
45.32,-115.5,-0.0024905,-0.11439,0.11219
49.8,-115.5,0.053667,-0.076426,0.18285
54.75,-115.5,0.084771,-0.050494,0.21524
33.57,-112.5,-0.046484,-0.18336,0.079685
37.27,-112.5,0.1878,-0.10127,0.47483
45.32,-112.5,0.050653,-0.064064,0.17035
54.75,-112.5,0.03994,-0.075803,0.15949
67.4,-112.5,-0.24034,-0.35322,-0.13044
33.57,-109.5,-0.017429,-0.16217,0.12686
37.27,-109.5,0.24309,-0.14403,0.63832
41.17,-109.5,0.024319,-0.090805,0.14376
45.32,-109.5,-0.084237,-0.23198,0.061195
49.8,-109.5,-0.011748,-0.12167,0.096135
60.42,-109.5,-0.14378,-0.25464,-0.024796
26.59,-106.5,0.068808,-0.075351,0.21093
30.02,-106.5,0.056141,-0.084287,0.1943
33.57,-106.5,-0.0074209,-0.15166,0.14127
37.27,-106.5,-0.015578,-0.14637,0.11443
41.17,-106.5,0.069437,-0.057634,0.20832
49.8,-106.5,-0.058014,-0.15844,0.044606
54.75,-106.5,-0.071667,-0.17925,0.038231
67.4,-106.5,-0.23856,-0.35312,-0.12594
26.59,-103.5,0.099568,-0.046154,0.24881
30.02,-103.5,0.039121,-0.10132,0.18221
37.27,-103.5,0.0061218,-0.10093,0.11288
41.17,-103.5,-0.021494,-0.12772,0.091439
49.8,-103.5,-0.087392,-0.18224,0.0098115
60.42,-103.5,-0.16298,-0.26294,-0.059137
23.26,-100.5,0.094879,-0.074595,0.26524
30.02,-100.5,0.055781,-0.071607,0.18263
37.27,-100.5,-0.0050486,-0.11107,0.10096
49.8,-100.5,-0.11467,-0.20898,-0.016243
60.42,-100.5,-0.16579,-0.26561,-0.06177
20.01,-97.5,0.035928,-0.1322,0.19975
26.59,-97.5,0.034223,-0.10417,0.1763
37.27,-97.5,-0.0093623,-0.11335,0.094985
41.17,-97.5,-0.039065,-0.14949,0.074277
60.42,-97.5,-0.16725,-0.27428,-0.056564
16.83,-94.5,-0.011963,-0.1594,0.13082
33.57,-94.5,0.0071222,-0.10672,0.12028
37.27,-94.5,0.011557,-0.083866,0.10815
45.32,-94.5,-0.099214,-0.20938,0.013274
54.75,-94.5,-0.15166,-0.25538,-0.04433
16.83,-91.5,-0.051497,-0.19288,0.088466
16.83,-88.5,-0.10056,-0.23735,0.040406
33.57,-88.5,0.022709,-0.085898,0.12468
37.27,-88.5,0.046585,-0.052626,0.14352
41.17,-88.5,0.045751,-0.049548,0.13968
45.32,-88.5,-0.0071075,-0.099388,0.085329
54.75,-88.5,-0.12588,-0.22428,-0.027223
67.4,-88.5,-0.19737,-0.30345,-0.087793
16.83,-85.5,-0.18151,-0.31462,-0.043715
33.57,-85.5,0.032379,-0.080951,0.13836
37.27,-85.5,0.064994,-0.039043,0.16777
41.17,-85.5,0.075351,-0.024964,0.17364
45.32,-85.5,0.0095813,-0.082644,0.10048
49.8,-85.5,-0.057001,-0.16307,0.051081
60.42,-85.5,-0.13451,-0.23938,-0.03007
10.62,-82.5,-0.040069,-0.15925,0.083804
49.8,-82.5,-0.025174,-0.13103,0.083931
54.75,-82.5,-0.081064,-0.17864,0.011313
60.42,-82.5,-0.11411,-0.212,-0.016756
37.27,-79.5,0.099454,-0.017001,0.21373
45.32,-79.5,0.055255,-0.034213,0.14259
54.75,-79.5,-0.054162,-0.1562,0.041861
60.42,-79.5,-0.09043,-0.19277,0.01358
20.01,-76.5,-0.31344,-0.4594,-0.14841
41.17,-76.5,0.11531,0.010363,0.21665
45.32,-76.5,0.074412,-0.016187,0.1629
49.8,-76.5,0.024887,-0.08443,0.129
-10.62,-73.5,0.25608,0.14158,0.37193
-7.56,-73.5,0.3792,0.26015,0.49799
-4.53,-73.5,0.33554,0.17753,0.48454
-1.51,-73.5,0.39453,0.26455,0.51251
1.51,-73.5,0.30617,0.17896,0.4228
45.32,-73.5,0.086896,-0.011468,0.18394
-45.32,-70.5,0.058239,-0.074831,0.19853
-13.71,-70.5,0.17463,0.059916,0.29414
1.51,-70.5,0.35989,0.23423,0.47897
16.83,-70.5,-0.38948,-0.63086,-0.12547
45.32,-70.5,0.089975,-0.023155,0.20143
49.8,-70.5,0.059942,-0.040331,0.15598
54.75,-70.5,0.0046723,-0.096748,0.10241
67.4,-70.5,-0.19678,-0.31092,-0.080855
-49.8,-67.5,0.097402,-0.091534,0.27191
-33.57,-67.5,-0.25571,-0.37884,-0.12999
-26.59,-67.5,-0.14801,-0.26744,-0.032039
-10.62,-67.5,0.276,0.1706,0.38199
-1.51,-67.5,0.39283,0.27566,0.5034
1.51,-67.5,0.29876,0.18556,0.40623
4.53,-67.5,0.098028,-0.052047,0.24187
49.8,-67.5,0.070489,-0.027316,0.1656
54.75,-67.5,0.0096436,-0.091574,0.1071
60.42,-67.5,-0.05136,-0.16559,0.063449
67.4,-67.5,-0.20101,-0.31991,-0.083232
-37.27,-64.5,-0.20851,-0.32431,-0.086869
-26.59,-64.5,-0.12428,-0.24288,-0.0058468
-23.26,-64.5,-0.033444,-0.148,0.079249
-10.62,-64.5,0.27747,0.17736,0.37769
-7.56,-64.5,0.43039,0.32509,0.53878
-4.53,-64.5,0.43446,0.33283,0.533
41.17,-64.5,0.077736,-0.029915,0.18353
49.8,-64.5,0.07746,-0.023761,0.17923
67.4,-64.5,-0.20996,-0.33971,-0.082743
-23.26,-61.5,-0.013271,-0.1303,0.099241
-16.83,-61.5,0.055282,-0.040841,0.15585
-10.62,-61.5,0.28529,0.18923,0.38286
-7.56,-61.5,0.40648,0.30845,0.50726
54.75,-61.5,0.0090893,-0.10803,0.12391
60.42,-61.5,-0.067786,-0.16762,0.034545
-37.27,-58.5,-0.18896,-0.29893,-0.080593
-20.01,-58.5,0.040744,-0.068085,0.1429
-7.56,-58.5,0.37869,0.28568,0.46928
-4.53,-58.5,0.41905,0.32117,0.51237
1.51,-58.5,0.29028,0.18639,0.39503
45.32,-58.5,0.057309,-0.075472,0.18473
49.8,-58.5,0.069133,-0.042761,0.17969
60.42,-58.5,-0.085546,-0.18014,0.012592
-20.01,-55.5,0.030484,-0.069849,0.12426
-13.71,-55.5,0.19977,0.099159,0.29764
-10.62,-55.5,0.28267,0.19231,0.3721
-4.53,-55.5,0.39666,0.30361,0.4862
-1.51,-55.5,0.37276,0.26414,0.48231
7.56,-55.5,-0.0087423,-0.12304,0.11076
49.8,-55.5,0.057267,-0.056723,0.17154
67.4,-55.5,-0.20022,-0.33532,-0.070032
-30.02,-52.5,-0.20481,-0.31216,-0.096951
-23.26,-52.5,-0.03011,-0.14274,0.082105
-16.83,-52.5,0.095011,4.2237e-05,0.18639
-7.56,-52.5,0.35766,0.26534,0.44442
-4.53,-52.5,0.37331,0.27671,0.46769
-1.51,-52.5,0.3473,0.24218,0.45321
1.51,-52.5,0.27513,0.16443,0.3869
4.53,-52.5,0.10642,-0.0092637,0.22082
-30.02,-49.5,-0.1711,-0.2716,-0.074091
-26.59,-49.5,-0.10745,-0.21457,-0.0044279
-23.26,-49.5,-0.045418,-0.15907,0.06425
-20.01,-49.5,0.010353,-0.10027,0.11664
1.51,-49.5,0.24591,0.1379,0.35677
49.8,-49.5,-0.010826,-0.12239,0.10304
-16.83,-46.5,0.081824,-0.02334,0.1884
-13.71,-46.5,0.18079,0.072376,0.28598
-10.62,-46.5,0.27335,0.17552,0.3684
-16.83,-43.5,0.10243,-0.01081,0.21809
-4.53,-43.5,0.32942,0.21735,0.44081
67.4,-43.5,-0.14057,-0.27799,-0.008412
-13.71,-40.5,0.19971,0.086335,0.31446
-10.62,-40.5,0.30533,0.20302,0.40978
-7.56,-40.5,0.32501,0.20683,0.43746
-4.53,-40.5,0.31464,0.20146,0.42439
67.4,-40.5,-0.14089,-0.29058,0.00045089
-10.62,-37.5,0.28733,0.18685,0.39062
60.42,-37.5,-0.055034,-0.15457,0.044338
-7.56,-34.5,0.33613,0.2281,0.44802
67.4,-34.5,-0.090538,-0.26091,0.077242
67.4,-28.5,-0.085987,-0.26212,0.086431
13.71,-13.5,-0.023925,-0.14553,0.090474
23.26,-13.5,-0.59754,-0.71159,-0.47609
7.56,-10.5,0.22253,0.094386,0.34638
13.71,-10.5,-0.00086203,-0.11811,0.1058
16.83,-10.5,-0.20929,-0.33039,-0.090711
23.26,-10.5,-0.66867,-0.7823,-0.55166
4.53,-7.5,0.27383,0.16013,0.38431
16.83,-7.5,-0.21313,-0.3277,-0.09917
20.01,-7.5,-0.48838,-0.60713,-0.36796
23.26,-7.5,-0.72044,-0.82902,-0.61013
26.59,-7.5,-0.81134,-0.99825,-0.60025
30.02,-7.5,-0.81128,-0.93353,-0.67548
37.27,-7.5,-0.45561,-0.60343,-0.30053
41.17,-7.5,-0.25879,-0.38299,-0.12759
54.75,-7.5,-0.029428,-0.12702,0.062786
4.53,-4.5,0.28124,0.17044,0.38896
7.56,-4.5,0.25516,0.1473,0.36283
10.62,-4.5,0.16096,0.054014,0.26445
13.71,-4.5,0.002753,-0.099425,0.098192
20.01,-4.5,-0.53389,-0.64426,-0.42511
23.26,-4.5,-0.77698,-0.88064,-0.67075
30.02,-4.5,-0.8586,-0.98498,-0.72045
49.8,-4.5,0.020283,-0.099637,0.13757
54.75,-4.5,-0.031927,-0.13862,0.06677
4.53,-1.5,0.29183,0.18362,0.39792
7.56,-1.5,0.2536,0.14571,0.36031
10.62,-1.5,0.15216,0.05574,0.24538
13.71,-1.5,-0.02081,-0.11391,0.071395
16.83,-1.5,-0.25079,-0.3588,-0.14713
23.26,-1.5,-0.83551,-0.93946,-0.72794
33.57,-1.5,-0.8239,-0.9709,-0.68315
41.17,-1.5,-0.24224,-0.37692,-0.10544
60.42,-1.5,-0.080281,-0.1924,0.029945
10.62,1.5,0.14559,0.052153,0.24051
13.71,1.5,-0.043146,-0.13846,0.050833
20.01,1.5,-0.61816,-0.73038,-0.50552
26.59,1.5,-1.0218,-1.1316,-0.90531
33.57,1.5,-0.79044,-0.89984,-0.67678
7.56,4.5,0.26429,0.16324,0.37432
16.83,4.5,-0.33011,-0.43132,-0.22932
37.27,4.5,-0.61836,-0.76862,-0.47559
49.8,4.5,-0.0075026,-0.12748,0.11011
4.53,7.5,0.30085,0.19514,0.40702
16.83,7.5,-0.4024,-0.50758,-0.29575
20.01,7.5,-0.70904,-0.81785,-0.60039
26.59,7.5,-1.0476,-1.1494,-0.94096
49.8,7.5,-0.03511,-0.14564,0.073558
60.42,7.5,-0.052365,-0.18345,0.078054
-4.53,10.5,0.253,0.13848,0.36718
4.53,10.5,0.32308,0.21488,0.43581
10.62,10.5,0.10436,0.0050006,0.20301
26.59,10.5,-1.0624,-1.1641,-0.957
37.27,10.5,-0.47359,-0.57567,-0.37523
45.32,10.5,-0.028531,-0.1958,0.13436
-16.83,13.5,0.04101,-0.074885,0.16026
-13.71,13.5,0.06939,-0.050347,0.18715
-7.56,13.5,0.17785,0.079923,0.27663
-1.51,13.5,0.28164,0.16835,0.39223
1.51,13.5,0.30356,0.20413,0.3994
4.53,13.5,0.31306,0.20983,0.41604
7.56,13.5,0.24046,0.14311,0.34119
10.62,13.5,0.089031,-0.00216,0.18284
13.71,13.5,-0.13357,-0.24474,-0.019588
20.01,13.5,-0.7342,-0.83616,-0.62688
23.26,13.5,-0.95429,-1.0669,-0.83276
30.02,13.5,-1.0302,-1.1555,-0.89995
41.17,13.5,-0.23833,-0.3533,-0.12861
45.32,13.5,-0.05641,-0.215,0.10096
-30.02,16.5,-0.18046,-0.36186,-0.0056846
-26.59,16.5,-0.16119,-0.29777,-0.026755
-7.56,16.5,0.18375,0.085703,0.27975
10.62,16.5,0.070435,-0.023236,0.16424
20.01,16.5,-0.72858,-0.82637,-0.62554
23.26,16.5,-0.95449,-1.0608,-0.83487
26.59,16.5,-1.0533,-1.1601,-0.93901
37.27,16.5,-0.43155,-0.54502,-0.32114
45.32,16.5,-0.12449,-0.28389,0.038813
54.75,16.5,-0.051378,-0.14716,0.0397
60.42,16.5,-0.057873,-0.17917,0.06686
-37.27,19.5,-0.12311,-0.28837,0.054264
-33.57,19.5,-0.12994,-0.32133,0.058601
-30.02,19.5,-0.18193,-0.36298,-0.0094324
-26.59,19.5,-0.15679,-0.29757,-0.023159
-23.26,19.5,-0.076728,-0.18913,0.037789
-16.83,19.5,0.065896,-0.033746,0.16313
-7.56,19.5,0.19148,0.095882,0.2888
-4.53,19.5,0.24713,0.14438,0.3531
-1.51,19.5,0.28835,0.1842,0.38919
7.56,19.5,0.2011,0.10143,0.29491
10.62,19.5,0.059031,-0.045658,0.16224
13.71,19.5,-0.19247,-0.29847,-0.081943
16.83,19.5,-0.45218,-0.5542,-0.34509
20.01,19.5,-0.70977,-0.80086,-0.61042
23.26,19.5,-0.94345,-1.0513,-0.82701
41.17,19.5,-0.23757,-0.39204,-0.076127
45.32,19.5,-0.15056,-0.31658,0.020408
54.75,19.5,-0.036573,-0.12797,0.052538
60.42,19.5,-0.05251,-0.16639,0.064296
67.4,19.5,-0.14698,-0.27125,-0.022338
-33.57,22.5,-0.13885,-0.3159,0.045399
-16.83,22.5,0.10844,0.005675,0.21158
-4.53,22.5,0.24527,0.13908,0.35359
-1.51,22.5,0.28262,0.17116,0.39162
1.51,22.5,0.28049,0.17248,0.38722
7.56,22.5,0.18633,0.08169,0.28555
16.83,22.5,-0.42831,-0.52768,-0.32088
20.01,22.5,-0.68188,-0.77236,-0.58519
26.59,22.5,-1.0127,-1.1204,-0.90187
30.02,22.5,-0.98516,-1.0935,-0.87911
33.57,22.5,-0.65066,-0.74955,-0.54951
41.17,22.5,-0.28966,-0.44701,-0.12679
54.75,22.5,-0.012566,-0.10618,0.081317
67.4,22.5,-0.15664,-0.2779,-0.032715
-33.57,25.5,-0.15182,-0.31738,0.021434
-30.02,25.5,-0.15606,-0.32092,0.0078565
-20.01,25.5,0.02902,-0.070844,0.12694
-13.71,25.5,0.15689,0.05602,0.25714
-10.62,25.5,0.17021,0.066597,0.27471
-7.56,25.5,0.20982,0.10447,0.31812
-4.53,25.5,0.24911,0.15319,0.34985
-1.51,25.5,0.26697,0.16665,0.36796
7.56,25.5,0.14904,0.048719,0.24351
13.71,25.5,-0.15344,-0.26603,-0.043413
20.01,25.5,-0.62042,-0.71111,-0.52535
26.59,25.5,-0.98234,-1.0927,-0.86769
33.57,25.5,-0.62137,-0.78683,-0.4418
41.17,25.5,-0.34728,-0.45427,-0.24165
-30.02,28.5,-0.15712,-0.30982,-0.0042969
-26.59,28.5,-0.14294,-0.27559,-0.014254
-23.26,28.5,-0.059221,-0.17137,0.04886
-20.01,28.5,0.027035,-0.074982,0.12919
-13.71,28.5,0.16187,0.064613,0.25858
-10.62,28.5,0.17141,0.06463,0.27963
-4.53,28.5,0.23404,0.13587,0.33443
7.56,28.5,0.12822,0.033093,0.22093
10.62,28.5,0.032578,-0.07899,0.14362
16.83,28.5,-0.34357,-0.44432,-0.24353
20.01,28.5,-0.58687,-0.67678,-0.49057
67.4,28.5,-0.12843,-0.25493,-0.0010333
-23.26,31.5,-0.083115,-0.19718,0.032862
-20.01,31.5,0.031283,-0.076663,0.14392
-13.71,31.5,0.15619,0.057133,0.25883
1.51,31.5,0.2341,0.12688,0.34454
4.53,31.5,0.16562,0.06827,0.2659
7.56,31.5,0.11885,0.020072,0.21677
10.62,31.5,0.0087831,-0.099911,0.11366
16.83,31.5,-0.30907,-0.40875,-0.20749
20.01,31.5,-0.53956,-0.63437,-0.44082
23.26,31.5,-0.76666,-0.87948,-0.65328
30.02,31.5,-0.90417,-1.0052,-0.80551
45.32,31.5,-0.25373,-0.36526,-0.14181
49.8,31.5,-0.15023,-0.24608,-0.052771
-20.01,34.5,0.031617,-0.085849,0.15163
-13.71,34.5,0.14677,0.04504,0.25215
-4.53,34.5,0.20553,0.089646,0.32486
-1.51,34.5,0.20683,0.097564,0.32385
1.51,34.5,0.20066,0.09447,0.3124
4.53,34.5,0.14127,0.040026,0.24637
13.71,34.5,-0.10172,-0.2096,0.0036566
23.26,34.5,-0.72988,-0.836,-0.61933
54.75,34.5,-0.0017422,-0.10156,0.099544
-26.59,37.5,-0.19524,-0.34647,-0.047264
-16.83,37.5,0.073981,-0.055308,0.20761
-13.71,37.5,0.13281,0.022237,0.24441
-10.62,37.5,0.17685,0.055615,0.29359
-1.51,37.5,0.089465,-0.050549,0.23033
1.51,37.5,0.17142,0.055384,0.29407
4.53,37.5,0.10766,-0.0095041,0.22801
7.56,37.5,0.13891,0.015584,0.26352
23.26,37.5,-0.60195,-0.71978,-0.48634
30.02,37.5,-0.81142,-0.90665,-0.71353
41.17,37.5,-0.45788,-0.56193,-0.35179
60.42,37.5,-0.075894,-0.18458,0.030391
-4.53,40.5,0.20961,0.030848,0.39303
10.62,40.5,0.0037054,-0.12163,0.12795
13.71,40.5,-0.044316,-0.15892,0.068843
30.02,40.5,-0.77633,-0.87871,-0.67489
37.27,40.5,-0.52615,-0.64757,-0.40744
60.42,40.5,-0.083137,-0.19197,0.023973
-26.59,43.5,-0.09389,-0.22465,0.033855
1.51,43.5,0.16762,0.042938,0.29748
10.62,43.5,0.080538,-0.029567,0.18843
16.83,43.5,-0.072262,-0.19712,0.048227
20.01,43.5,-0.29454,-0.41713,-0.17617
30.02,43.5,-0.72719,-0.82786,-0.62609
37.27,43.5,-0.59678,-0.71293,-0.48311
41.17,43.5,-0.44712,-0.54967,-0.34276
-67.4,46.5,-0.10939,-0.36358,0.15115
-23.26,46.5,-0.044642,-0.17103,0.088239
-20.01,46.5,0.043163,-0.072054,0.16628
10.62,46.5,0.067485,-0.048718,0.18107
30.02,46.5,-0.68301,-0.78995,-0.58012
33.57,46.5,-0.68,-0.80583,-0.55113
37.27,46.5,-0.59906,-0.70906,-0.49478
49.8,46.5,-0.20235,-0.30365,-0.10352
60.42,46.5,-0.089734,-0.19754,0.018614
23.26,49.5,-0.37953,-0.47629,-0.28189
33.57,49.5,-0.68796,-0.81266,-0.5621
49.8,49.5,-0.23519,-0.33459,-0.13977
54.75,49.5,-0.016026,-0.12175,0.08702
-67.4,52.5,-0.092989,-0.33749,0.16439
13.71,52.5,0.031215,-0.088146,0.14664
16.83,52.5,9.0564e-05,-0.12131,0.11643
30.02,52.5,-0.55528,-0.66147,-0.44719
49.8,52.5,-0.27507,-0.37518,-0.1786
60.42,52.5,-0.10238,-0.20777,0.0010707
30.02,55.5,-0.49759,-0.60215,-0.39228
37.27,55.5,-0.6195,-0.74728,-0.49579
54.75,55.5,-0.079389,-0.1852,0.026577
60.42,55.5,-0.11327,-0.22303,-0.010322
33.57,58.5,-0.53368,-0.66127,-0.40649
37.27,58.5,-0.63382,-0.77225,-0.49607
49.8,58.5,-0.39674,-0.52147,-0.27461
54.75,58.5,-0.10692,-0.21874,0.0043382
67.4,58.5,-0.15362,-0.2641,-0.04111
30.02,61.5,-0.33753,-0.43851,-0.2375
33.57,61.5,-0.48109,-0.61094,-0.35647
45.32,61.5,-0.63496,-0.75305,-0.5118
60.42,61.5,-0.12618,-0.2323,-0.02331
67.4,61.5,-0.16213,-0.27791,-0.045464
20.01,64.5,-0.075277,-0.18589,0.032545
30.02,64.5,-0.26867,-0.37373,-0.16472
41.17,64.5,-0.72883,-0.8487,-0.60716
45.32,64.5,-0.69827,-0.81136,-0.57731
49.8,64.5,-0.43864,-0.5449,-0.33257
67.4,64.5,-0.18972,-0.31246,-0.065471
20.01,67.5,-0.027225,-0.137,0.084396
23.26,67.5,-0.094198,-0.19411,0.0070058
26.59,67.5,-0.13879,-0.24745,-0.028233
30.02,67.5,-0.18584,-0.29755,-0.074405
33.57,67.5,-0.37265,-0.5163,-0.24444
41.17,67.5,-0.78596,-0.90585,-0.66545
49.8,67.5,-0.47697,-0.5803,-0.37232
54.75,67.5,-0.17701,-0.29225,-0.062541
60.42,67.5,-0.14335,-0.24729,-0.043312
13.71,70.5,0.28699,0.16262,0.41001
41.17,70.5,-0.81438,-0.93754,-0.68936
45.32,70.5,-0.80522,-0.91814,-0.68111
60.42,70.5,-0.14651,-0.25263,-0.043589
4.53,73.5,0.35169,0.24053,0.46266
10.62,73.5,0.37885,0.22564,0.5259
13.71,73.5,0.26857,0.14464,0.38774
20.01,73.5,0.065307,-0.043413,0.16914
23.26,73.5,0.015846,-0.087631,0.11786
33.57,73.5,-0.20818,-0.33713,-0.083968
37.27,73.5,-0.56705,-0.71461,-0.42435
41.17,73.5,-0.86953,-0.99738,-0.73676
49.8,73.5,-0.52984,-0.63007,-0.42644
54.75,73.5,-0.21,-0.31252,-0.10798
67.4,73.5,-0.20514,-0.34369,-0.063382
-67.4,76.5,-0.067344,-0.26235,0.13609
7.56,76.5,0.41158,0.26961,0.54565
16.83,76.5,0.18965,0.083087,0.29267
20.01,76.5,0.086831,-0.026535,0.19537
23.26,76.5,0.065303,-0.03424,0.16596
33.57,76.5,-0.15957,-0.28148,-0.04196
45.32,76.5,-0.90805,-1.0276,-0.777
54.75,76.5,-0.25463,-0.35861,-0.1569
10.62,79.5,0.35012,0.21354,0.48146
13.71,79.5,0.32033,0.20743,0.43422
16.83,79.5,0.21838,0.11725,0.31381
26.59,79.5,0.13935,0.017916,0.26234
30.02,79.5,0.10262,-0.030766,0.23042
33.57,79.5,-0.099818,-0.22295,0.019203
49.8,79.5,-0.54142,-0.63678,-0.4442
54.75,79.5,-0.25214,-0.35335,-0.15862
13.71,82.5,0.28292,0.17535,0.38776
16.83,82.5,0.22183,0.12727,0.31482
23.26,82.5,0.13731,0.038749,0.24023
26.59,82.5,0.16519,0.055103,0.27397
30.02,82.5,0.16469,0.034058,0.28402
33.57,82.5,-0.013897,-0.14831,0.11336
41.17,82.5,-0.91174,-1.0423,-0.76966
49.8,82.5,-0.52656,-0.6234,-0.43294
54.75,82.5,-0.23778,-0.34083,-0.1404
60.42,82.5,-0.21655,-0.35274,-0.082491
67.4,82.5,-0.21329,-0.32506,-0.097887
16.83,85.5,0.20377,0.11017,0.29807
23.26,85.5,0.14582,0.054164,0.243
26.59,85.5,0.1852,0.079194,0.28693
30.02,85.5,0.22922,0.10118,0.34775
37.27,85.5,-0.40263,-0.52289,-0.28624
49.8,85.5,-0.49374,-0.59677,-0.39652
67.4,85.5,-0.21564,-0.32343,-0.10422
23.26,88.5,0.15413,0.065333,0.24744
26.59,88.5,0.19896,0.085684,0.30937
37.27,88.5,-0.36303,-0.48362,-0.24563
41.17,88.5,-0.83485,-0.96336,-0.69317
45.32,88.5,-0.85656,-0.97122,-0.72384
54.75,88.5,-0.19656,-0.30396,-0.094918
60.42,88.5,-0.16233,-0.27653,-0.052518
67.4,88.5,-0.22359,-0.33609,-0.10875
23.26,91.5,0.16066,0.068431,0.25412
30.02,91.5,0.26645,0.13292,0.38625
54.75,91.5,-0.16517,-0.27578,-0.060189
16.83,94.5,0.25499,0.16224,0.34806
37.27,94.5,-0.24343,-0.36479,-0.1316
60.42,94.5,-0.15323,-0.25917,-0.052566
16.83,97.5,0.25918,0.16107,0.35796
23.26,97.5,0.18029,0.080573,0.27991
30.02,97.5,0.27287,0.15023,0.38138
37.27,97.5,-0.21638,-0.33298,-0.11072
60.42,97.5,-0.15393,-0.25549,-0.053729
-67.4,100.5,-0.039975,-0.20578,0.1176
4.53,100.5,0.45808,0.36349,0.55121
13.71,100.5,0.37681,0.2657,0.48726
26.59,100.5,0.19836,0.094609,0.30255
30.02,100.5,0.2443,0.13065,0.35225
33.57,100.5,0.17812,0.050799,0.29012
37.27,100.5,-0.18405,-0.30409,-0.072975
49.8,100.5,-0.24196,-0.34658,-0.14298
67.4,100.5,-0.25435,-0.38073,-0.12291
-67.4,103.5,-0.037938,-0.19614,0.114
4.53,103.5,0.47902,0.38192,0.57837
7.56,103.5,0.44983,0.34222,0.5606
13.71,103.5,0.35229,0.24046,0.46001
16.83,103.5,0.26373,0.15789,0.36879
26.59,103.5,0.1811,0.087836,0.27908
33.57,103.5,0.1401,0.026345,0.2442
37.27,103.5,-0.13009,-0.25602,-0.0093264
41.17,103.5,-0.40255,-0.50948,-0.29582
45.32,103.5,-0.43075,-0.5291,-0.3307
54.75,103.5,-0.10934,-0.21939,-0.00021188
60.42,103.5,-0.16478,-0.26587,-0.059229
-67.4,106.5,-0.037682,-0.19248,0.11166
10.62,106.5,0.46407,0.35353,0.57246
20.01,106.5,0.23639,0.1338,0.33809
26.59,106.5,0.16807,0.067608,0.27137
30.02,106.5,0.19142,0.082275,0.29856
33.57,106.5,0.13729,0.03097,0.23672
49.8,106.5,-0.17258,-0.26981,-0.078466
54.75,106.5,-0.063834,-0.17415,0.050729
67.4,106.5,-0.26315,-0.37674,-0.14126
-4.53,109.5,0.29708,0.17872,0.41248
-1.51,109.5,0.34779,0.23006,0.4662
10.62,109.5,0.47034,0.36604,0.57118
20.01,109.5,0.2449,0.14102,0.34738
23.26,109.5,0.16816,0.057987,0.28198
33.57,109.5,0.12799,0.027697,0.22693
41.17,109.5,-0.13535,-0.23958,-0.032675
49.8,109.5,-0.14199,-0.23718,-0.044162
-67.4,112.5,-0.032354,-0.17328,0.1036
-41.17,112.5,-0.14371,-0.30206,0.014987
-33.57,112.5,-0.070709,-0.17843,0.037979
-7.56,112.5,0.28835,0.18419,0.38632
-1.51,112.5,0.33738,0.22378,0.45023
4.53,112.5,0.46573,0.37051,0.55668
26.59,112.5,0.12095,0.017803,0.22892
33.57,112.5,0.11072,0.012665,0.20862
37.27,112.5,0.095206,-0.023653,0.21078
67.4,112.5,-0.26203,-0.37038,-0.14495
-67.4,115.5,-0.030534,-0.16038,0.097363
-37.27,115.5,-0.097125,-0.23252,0.035815
-33.57,115.5,-0.059322,-0.1717,0.052107
-30.02,115.5,-0.014535,-0.12536,0.10153
1.51,115.5,0.41258,0.32169,0.50458
30.02,115.5,0.093912,-0.01001,0.20496
41.17,115.5,0.020128,-0.083997,0.12388
45.32,115.5,-0.069783,-0.17664,0.034949
49.8,115.5,-0.074895,-0.1699,0.022528
54.75,115.5,-0.080824,-0.18528,0.030732
67.4,115.5,-0.25905,-0.37086,-0.1398
-67.4,118.5,-0.029091,-0.15185,0.093867
-41.17,118.5,-0.10907,-0.26766,0.053946
-37.27,118.5,-0.073287,-0.19776,0.056016
7.56,118.5,0.56007,0.44311,0.67173
26.59,118.5,0.098853,-0.0061372,0.20945
30.02,118.5,0.076817,-0.031251,0.18899
33.57,118.5,0.094149,-0.005625,0.19542
37.27,118.5,0.13956,0.024287,0.25109
49.8,118.5,-0.038424,-0.13797,0.060721
60.42,118.5,-0.11866,-0.23366,-0.0105
-67.4,121.5,-0.024364,-0.14134,0.094965
-33.57,121.5,0.00098556,-0.11283,0.11932
-30.02,121.5,0.0049437,-0.10604,0.12074
-4.53,121.5,0.30187,0.19064,0.40883
26.59,121.5,0.099917,-0.0025722,0.20657
41.17,121.5,0.081622,-0.020877,0.18146
45.32,121.5,0.0068943,-0.096725,0.10687
49.8,121.5,-0.019511,-0.11628,0.082322
54.75,121.5,-0.060275,-0.15603,0.040548
-37.27,124.5,-0.060231,-0.16826,0.050174
-30.02,124.5,0.010584,-0.097914,0.12528
-26.59,124.5,0.065533,-0.045939,0.17678
-1.51,124.5,0.29436,0.17392,0.4173
41.17,124.5,0.089217,-0.009904,0.18615
45.32,124.5,0.033656,-0.072737,0.13695
54.75,124.5,-0.046481,-0.14159,0.049938
67.4,124.5,-0.23789,-0.35942,-0.11323
-67.4,127.5,-0.015013,-0.12903,0.099182
-37.27,127.5,-0.051132,-0.14719,0.048859
-26.59,127.5,0.057312,-0.052719,0.16752
41.17,127.5,0.092721,-0.0084242,0.19513
49.8,127.5,0.0032116,-0.10487,0.114
54.75,127.5,-0.022232,-0.11987,0.076708
60.42,127.5,-0.063475,-0.17741,0.047995
-67.4,130.5,-0.012763,-0.12794,0.10132
-37.27,130.5,-0.036128,-0.12582,0.058603
-23.26,130.5,0.14398,0.032923,0.25621
4.53,130.5,0.39547,0.28128,0.50967
33.57,130.5,0.080862,-0.048303,0.21389
37.27,130.5,0.11516,-0.013865,0.25055
49.8,130.5,0.01372,-0.10403,0.13038
54.75,130.5,-0.0028063,-0.11209,0.10745
-41.17,133.5,-0.061732,-0.17147,0.050264
-33.57,133.5,0.017765,-0.084462,0.11968
-30.02,133.5,0.029748,-0.062085,0.12059
7.56,133.5,0.45181,0.32986,0.56882
41.17,133.5,0.11003,0.0006229,0.22103
45.32,133.5,0.082084,-0.040205,0.20815
60.42,133.5,-0.029495,-0.14156,0.080564
67.4,133.5,-0.20095,-0.32891,-0.072696
-41.17,136.5,-0.035917,-0.14811,0.080206
-37.27,136.5,-0.015567,-0.11225,0.083455
-33.57,136.5,-0.038368,-0.17212,0.0903
-30.02,136.5,0.035786,-0.054337,0.12826
-26.59,136.5,0.070448,-0.047623,0.19333
41.17,136.5,0.096308,-0.019877,0.21448
54.75,136.5,0.032795,-0.084598,0.15203
60.42,136.5,0.0087335,-0.11179,0.1319
-13.71,139.5,0.44037,0.28435,0.58124
41.17,139.5,0.11788,0.002709,0.23364
-41.17,142.5,-0.0185,-0.15412,0.118
-30.02,142.5,0.062848,-0.042133,0.16877
45.32,142.5,0.17724,-0.090326,0.43987
49.8,142.5,0.051328,-0.075458,0.17849
54.75,142.5,0.14016,-0.10731,0.38871
60.42,142.5,-0.008381,-0.19957,0.17789
-45.32,145.5,0.0030757,-0.12935,0.13703
-37.27,145.5,0.042435,-0.065209,0.14898
-30.02,145.5,0.06476,-0.044684,0.17428
7.56,145.5,0.38246,0.2806,0.48381
60.42,145.5,0.066882,-0.078162,0.2124
67.4,145.5,-0.14772,-0.26335,-0.030743
-67.4,148.5,0.020323,-0.11191,0.15183
-49.8,148.5,-0.022297,-0.1372,0.095279
-41.17,148.5,0.023918,-0.1145,0.16065
-33.57,148.5,0.0492,-0.069844,0.16825
67.4,148.5,-0.1284,-0.23447,-0.019368
-37.27,151.5,0.037141,-0.062574,0.13608
60.42,151.5,0.069591,-0.08477,0.2214
67.4,151.5,-0.10585,-0.20795,-0.0026073
67.4,154.5,-0.095328,-0.19672,0.0074154
-1.51,157.5,0.33893,0.23544,0.44083
67.4,157.5,-0.098744,-0.20228,0.0047104
-1.51,163.5,0.32803,0.22586,0.4249
60.42,166.5,0.0046608,-0.18872,0.18908
-7.56,169.5,0.32286,0.20624,0.42737
-45.32,175.5,0.079038,-0.10156,0.26663
-45.32,178.5,0.11424,-0.069207,0.30839
-23.26,178.5,0.24945,0.14081,0.35486
67.4,178.5,-0.026243,-0.15683,0.10021
