52.75,-178.75,0.94733,0.061677,0.0094683
57.32,-178.75,0.93895,0.04326,0.0016353
62.55,-178.75,0.93766,0.047636,0.0012576
57.32,-173.73,1,0,0
48.63,-171.22,1,0,0
57.32,-171.22,1,0,0
69.02,-113.49,0.98505,0.023785,0.00020758
62.55,-98.43,1,0,0
22.74,-78.35,0,1,0
48.63,-73.33,0.97351,0.043416,0.00017009
52.75,-70.82,1,0,0
52.75,-68.31,0.9739,0.040838,0.0024481
52.75,-65.8,1,0,0
41.25,-58.27,1,0,0
48.63,-53.25,1,0,0
25.59,-48.23,0,1,0
28.52,-45.72,1,0,0
52.75,-45.72,0.98888,0.025867,2.492e-08
14.48,-43.21,0.1831,0.80107,9.163e-05
17.19,-43.21,0.054375,0.93744,5.8655e-05
19.94,-43.21,0,1,0
22.74,-43.21,0,1,0
31.53,-43.21,0.2911,0.62338,7.9313e-05
34.64,-43.21,0.40596,0.53579,6.9446e-05
48.63,-43.21,0.9717,0.059724,2.0728e-07
52.75,-43.21,0.98887,0.024828,1.2003e-09
9.16,-40.7,0.35069,0.70383,0.00036476
11.81,-40.7,1,0,0
14.48,-40.7,0.14248,0.84285,1.6734e-05
17.19,-40.7,0.044339,0.93947,6.338e-06
19.94,-40.7,0,1,0
22.74,-40.7,0,1,0
31.53,-40.7,0,1,0
41.25,-40.7,0.84419,0.28134,6.4445e-05
44.82,-40.7,0.93931,0.12465,2.0898e-07
48.63,-40.7,0.97267,0.058278,1.1702e-08
52.75,-40.7,0.98845,0.024552,7.7528e-11
3.91,-38.19,0.43406,0.55474,0.00048935
6.53,-38.19,0.32997,0.64848,0.00014307
9.16,-38.19,0.28654,0.70198,7.6265e-05
11.81,-38.19,0.32796,0.68207,5.4959e-05
14.48,-38.19,0.10852,0.86087,4.1519e-06
17.19,-38.19,0.037062,0.94948,3.0135e-06
19.94,-38.19,0,1,0
22.74,-38.19,0,1,0
28.52,-38.19,0,1,0
31.53,-38.19,0,1,0
37.87,-38.19,0.57715,0.50501,1.887e-05
41.25,-38.19,0.82706,0.27035,6.528e-08
44.82,-38.19,0.93493,0.12873,1.5447e-08
48.63,-38.19,0.97227,0.05844,8.6685e-10
52.75,-38.19,0.98736,0.02479,4.9134e-12
57.32,-38.19,0.99403,0.014812,5.8111e-08
-1.3,-35.68,0,1,0
1.3,-35.68,1,0,0
3.91,-35.68,0,1,0
6.53,-35.68,0.28054,0.6992,0.00011785
9.16,-35.68,0.20507,0.79818,0.00020019
11.81,-35.68,0.20829,0.81656,0.00017678
14.48,-35.68,0.074451,0.91414,1.8777e-05
17.19,-35.68,0.029634,0.95975,4.2405e-06
19.94,-35.68,0.024289,0.97479,2.2852e-05
25.59,-35.68,0,1,0
34.64,-35.68,0.22514,0.76087,0.00094934
37.87,-35.68,0.54551,0.51927,2.2562e-07
41.25,-35.68,0.80977,0.28138,4.7947e-09
44.82,-35.68,0.92829,0.13434,1.0583e-09
48.63,-35.68,0.96991,0.059899,6.2797e-11
52.75,-35.68,0.98676,0.02548,6.1774e-13
57.32,-35.68,0.99383,0.014833,7.327e-09
-57.32,-33.17,0.78649,0.31592,0.0236
-52.75,-33.17,0.79861,0.31018,0.016628
-48.63,-33.17,0.77533,0.3322,0.010511
-11.81,-33.17,0,1,0
-3.91,-33.17,0.064735,0.90891,0.00046294
-1.3,-33.17,0,1,0
11.81,-33.17,0,1,0
14.48,-33.17,0.05446,0.94782,0.00012781
17.19,-33.17,0.023025,0.96478,3.3846e-06
19.94,-33.17,0.017941,0.97748,4.5601e-06
25.59,-33.17,0,1,0
34.64,-33.17,0,1,0
37.87,-33.17,0.53262,0.52887,1.6847e-08
41.25,-33.17,0.79544,0.29251,4.5189e-10
44.82,-33.17,0.91932,0.14162,8.7263e-11
48.63,-33.17,0.96563,0.062997,1.4982e-11
52.75,-33.17,0.98732,0.026217,1.248e-13
57.32,-33.17,0.99383,0.015252,1.5174e-08
62.55,-33.17,1,0,0
-62.55,-30.66,0.76533,0.33509,0.046026
-57.32,-30.66,0.79853,0.30194,0.02032
-52.75,-30.66,0.81494,0.29364,0.015058
-48.63,-30.66,0.7946,0.31546,0.011003
-17.19,-30.66,0,1,0
-14.48,-30.66,0,1,0
-6.53,-30.66,0.036516,0.94208,8.8844e-05
-3.91,-30.66,0.051906,0.91614,8.4923e-05
-1.3,-30.66,0.11285,0.85803,0.00049295
1.3,-30.66,0.31694,0.70199,0.0004049
3.91,-30.66,1,0,0
6.53,-30.66,0,1,0
14.48,-30.66,0.037804,0.9589,0.00012083
17.19,-30.66,0.018615,0.96866,3.3481e-06
19.94,-30.66,0.014479,0.97669,5.268e-07
22.74,-30.66,0.017127,0.97384,1.8458e-06
25.59,-30.66,0.036642,0.94709,1.0158e-05
28.52,-30.66,0.072096,0.90873,7.4083e-06
31.53,-30.66,0.13176,0.86776,2.0068e-05
34.64,-30.66,0.24847,0.74475,1.7885e-05
37.87,-30.66,0.53649,0.53013,2.7931e-09
41.25,-30.66,0.78189,0.30127,6.2426e-11
44.82,-30.66,0.90812,0.15058,7.195e-11
48.63,-30.66,0.95942,0.067847,1.2215e-11
52.75,-30.66,0.98852,0.027027,6.1845e-14
57.32,-30.66,0.99433,0.016937,1.4909e-06
-62.55,-28.15,0.77355,0.32631,0.044005
-57.32,-28.15,0.81204,0.29197,0.021252
-52.75,-28.15,0.83151,0.27848,0.015022
-17.19,-28.15,0.043356,0.92944,0.0004688
-14.48,-28.15,0.025309,0.95047,7.443e-05
-11.81,-28.15,0,1,0
-9.16,-28.15,0.030383,0.95267,8.0285e-05
-6.53,-28.15,0.030741,0.9476,2.3542e-05
-3.91,-28.15,0.042927,0.92516,1.5162e-05
-1.3,-28.15,0.090417,0.87521,7.1804e-05
1.3,-28.15,0.28509,0.71995,0.00013731
3.91,-28.15,1,0,0
6.53,-28.15,0.14221,0.8318,7.0404e-05
9.16,-28.15,0,1,0
11.81,-28.15,0,1,0
14.48,-28.15,0,1,0
17.19,-28.15,0.015979,0.9707,3.1387e-06
19.94,-28.15,0.013501,0.97392,1.5121e-07
22.74,-28.15,0.017042,0.96865,1.0701e-07
25.59,-28.15,0.034593,0.94227,4.7975e-07
28.52,-28.15,0.077057,0.89565,9.2218e-07
31.53,-28.15,0.16433,0.82344,2.9512e-07
34.64,-28.15,0.29654,0.71321,5.5572e-08
37.87,-28.15,0.55022,0.52102,6.4186e-10
41.25,-28.15,0.77254,0.30896,1.2462e-10
44.82,-28.15,0.89474,0.16109,1.6362e-10
48.63,-28.15,0.9604,0.071441,6.962e-12
52.75,-28.15,0.98932,0.02793,3.3029e-14
-62.55,-25.64,0.78163,0.31852,0.043363
-52.75,-25.64,0.84763,0.26381,0.015398
-17.19,-25.64,0,1,0
-14.48,-25.64,0.02201,0.95247,2.0444e-05
-11.81,-25.64,0.026682,0.95267,4.9355e-05
-9.16,-25.64,0.025282,0.95468,1.1516e-05
-6.53,-25.64,0.026311,0.95143,3.8358e-06
-3.91,-25.64,0.036087,0.93303,3.0995e-06
-1.3,-25.64,0.071308,0.89206,1.5398e-05
1.3,-25.64,0,1,0
3.91,-25.64,0.27585,0.71567,2.2142e-05
6.53,-25.64,0.10274,0.86616,9.6272e-06
9.16,-25.64,0.038095,0.94362,0.00029902
11.81,-25.64,0,1,0
14.48,-25.64,0,1,0
17.19,-25.64,0.014007,0.97432,3.7473e-06
19.94,-25.64,0.013853,0.97059,1.187e-07
22.74,-25.64,0.018825,0.9612,4.2368e-08
25.59,-25.64,0.037517,0.93147,2.7364e-08
28.52,-25.64,0.092473,0.8712,6.7055e-08
31.53,-25.64,0.21432,0.77641,4.8034e-08
34.64,-25.64,0.35538,0.67283,4.7578e-09
37.87,-25.64,0.57118,0.50713,5.0933e-10
41.25,-25.64,0.76751,0.31583,3.8709e-10
44.82,-25.64,0.87972,0.17296,4.4287e-10
48.63,-25.64,0.96313,0.074844,4.0711e-12
52.75,-25.64,0.9901,0.028893,2.2764e-14
62.55,-25.64,1,0,0
-62.55,-23.13,0.78933,0.31131,0.043161
-57.32,-23.13,0.838,0.2748,0.026446
-52.75,-23.13,0.86214,0.24652,0.012543
-28.52,-23.13,0,1,0
-19.94,-23.13,0.087799,0.8816,2.8514e-05
-17.19,-23.13,0.044854,0.92254,8.0681e-05
-14.48,-23.13,0.022336,0.95065,1.1442e-05
-11.81,-23.13,0.022609,0.95335,9.8483e-06
-9.16,-23.13,0.022286,0.95509,1.5955e-06
-6.53,-23.13,0.023322,0.95315,4.7449e-07
-3.91,-23.13,0.030911,0.93955,1.0825e-06
-1.3,-23.13,0.05505,0.90862,5.297e-06
1.3,-23.13,0.17004,0.74396,1.1414e-05
3.91,-23.13,0.1501,0.80349,1.4837e-06
6.53,-23.13,0.077195,0.88997,4.6556e-06
9.16,-23.13,0.033628,0.94911,0.00033002
11.81,-23.13,0.01695,0.97378,0.00017548
14.48,-23.13,0,1,0
17.19,-23.13,0.013227,0.97782,5.1025e-06
19.94,-23.13,0.01353,0.97279,1.0387e-07
22.74,-23.13,0.022793,0.95018,2.0012e-07
25.59,-23.13,0.044915,0.91571,4.0349e-08
28.52,-23.13,0.12068,0.83554,4.8234e-09
31.53,-23.13,0.28881,0.7124,7.0332e-09
34.64,-23.13,0.41872,0.62566,1.6588e-09
37.87,-23.13,0.59423,0.49178,8.8025e-10
41.25,-23.13,0.76265,0.32185,1.3031e-09
44.82,-23.13,0.88407,0.18177,4.7683e-10
48.63,-23.13,0.96556,0.078653,2.9885e-12
52.75,-23.13,0.99094,0.029935,2.3635e-14
-62.55,-20.62,0.79669,0.30477,0.043515
-52.75,-20.62,0.87659,0.23336,0.012991
-48.63,-20.62,0.86994,0.24286,0.01511
-37.87,-20.62,0.64295,0.46214,0.0055571
-31.53,-20.62,0.27348,0.72768,0.00026167
-28.52,-20.62,0,1,0
-25.59,-20.62,1,0,0
-22.74,-20.62,0.22065,0.76761,1.3361e-05
-19.94,-20.62,0.086086,0.87683,6.6031e-06
-17.19,-20.62,0.042074,0.92339,1.687e-05
-14.48,-20.62,0.023486,0.94737,1.0237e-05
-11.81,-20.62,0.021697,0.95059,1.2841e-05
-9.16,-20.62,0.020976,0.95349,1.3011e-06
-6.53,-20.62,0.021723,0.95298,1.3838e-07
-3.91,-20.62,0.027352,0.94351,5.4103e-07
-1.3,-20.62,0.043147,0.92201,2.2555e-06
1.3,-20.62,0.076185,0.87295,3.042e-06
3.91,-20.62,0.11015,0.8091,7.0042e-08
6.53,-20.62,0.060283,0.91354,6.5398e-06
9.16,-20.62,0.039733,0.94637,0.00043748
11.81,-20.62,0,1,0
14.48,-20.62,0,1,0
17.19,-20.62,0.019342,0.9602,1.4344e-05
19.94,-20.62,0.01422,0.9728,1.2177e-07
22.74,-20.62,0.02498,0.94834,6.3934e-07
25.59,-20.62,0.057619,0.89351,1.6447e-06
28.52,-20.62,0.16125,0.79102,1.502e-07
31.53,-20.62,0.38414,0.63286,1.2019e-08
34.64,-20.62,0.47828,0.57802,6.0177e-09
37.87,-20.62,0.61372,0.47685,3.226e-09
41.25,-20.62,0.75792,0.32814,4.314e-09
44.82,-20.62,0.88673,0.19142,6.269e-10
48.63,-20.62,0.9666,0.083172,3.2156e-12
52.75,-20.62,0.99136,0.030803,1.3254e-14
62.55,-20.62,1,0,0
-62.55,-18.11,0.80337,0.29794,0.042557
-52.75,-18.11,0.88966,0.22066,0.012696
-48.63,-18.11,0.87931,0.15447,0.00040453
-44.82,-18.11,0.81289,0.27625,0.00471
-41.25,-18.11,0,1,0
-37.87,-18.11,1,0,0
-34.64,-18.11,0.46323,0.58202,0.00018018
-31.53,-18.11,0.26586,0.71903,9.1314e-05
-28.52,-18.11,0.20973,0.75678,0.00012825
-25.59,-18.11,0.41667,0.61994,0.00011104
-22.74,-18.11,0.2097,0.76532,1.1209e-05
-19.94,-18.11,0.085302,0.8721,5.25e-06
-17.19,-18.11,0.041943,0.91984,1.08e-05
-14.48,-18.11,0.024942,0.94323,1.6384e-05
-11.81,-18.11,0.021917,0.94751,2.6832e-05
-9.16,-18.11,0.021146,0.94975,6.8124e-06
-6.53,-18.11,0.02138,0.95092,3.7294e-07
-3.91,-18.11,0.025314,0.94506,3.5367e-07
-1.3,-18.11,0.035882,0.93008,1.3239e-06
1.3,-18.11,0,1,0
3.91,-18.11,0.077468,0.85447,1.3061e-07
6.53,-18.11,0.049704,0.92685,1.4776e-05
9.16,-18.11,0,1,0
11.81,-18.11,0,1,0
14.48,-18.11,0.016789,0.97726,0.0001149
17.19,-18.11,0.014075,0.97191,2.1332e-06
19.94,-18.11,0.01641,0.95899,3.2716e-08
22.74,-18.11,0.02906,0.94304,3.163e-06
25.59,-18.11,0.070686,0.87753,1.7504e-05
28.52,-18.11,0.20848,0.742,9.4392e-06
31.53,-18.11,0.49085,0.54231,6.1892e-07
34.64,-18.11,0.52482,0.5375,4.6345e-08
37.87,-18.11,0.62666,0.46495,1.4656e-08
41.25,-18.11,0.7525,0.33536,1.3712e-08
44.82,-18.11,0.88732,0.20209,1.0286e-09
48.63,-18.11,0.96618,0.088481,5.301e-12
52.75,-18.11,0.9914,0.031491,4.0927e-15
-52.75,-15.6,0.90487,0.18003,0.0016685
-48.63,-15.6,0.90158,0.1814,0.0024448
-44.82,-15.6,1,0,0
-41.25,-15.6,0.54016,0.5041,0.00063663
-37.87,-15.6,0.64748,0.42701,0.00068004
-34.64,-15.6,0.44509,0.58602,9.5175e-05
-31.53,-15.6,0.26174,0.71066,3.84e-05
-28.52,-15.6,0.22198,0.73675,3.7507e-05
-25.59,-15.6,0.318,0.67384,6.3488e-05
-22.74,-15.6,0.1903,0.77057,3.6849e-05
-19.94,-15.6,0.085484,0.86516,2.9495e-05
-17.19,-15.6,0.043663,0.91361,3.3856e-05
-14.48,-15.6,0.027253,0.9368,4.6476e-05
-11.81,-15.6,0.022815,0.94391,5.1125e-05
-9.16,-15.6,0.022722,0.94365,3.3281e-05
-6.53,-15.6,0.022256,0.94684,2.6238e-06
-3.91,-15.6,0.02472,0.94421,5.3282e-07
-1.3,-15.6,0.031767,0.93417,1.4566e-06
1.3,-15.6,0.039631,0.93155,3.0706e-05
3.91,-15.6,0.043414,0.92789,1.379e-05
6.53,-15.6,0.040331,0.94133,2.0678e-05
9.16,-15.6,0.04099,0.9468,0.00024685
11.81,-15.6,0.02145,0.96873,7.1319e-05
14.48,-15.6,0.015974,0.97423,3.5199e-05
17.19,-15.6,0.014867,0.97326,1.1567e-06
19.94,-15.6,0.019055,0.95295,2.438e-08
22.74,-15.6,0.031823,0.94536,4.1642e-06
25.59,-15.6,0.07583,0.88453,2.3825e-05
28.52,-15.6,0.24673,0.72581,3.6127e-05
31.53,-15.6,1,0,0
34.64,-15.6,0.55126,0.51073,2.4905e-07
37.87,-15.6,0.63184,0.45785,5.8687e-08
41.25,-15.6,0.74817,0.34427,3.7699e-08
44.82,-15.6,0.88618,0.21388,2.1123e-09
48.63,-15.6,0.96518,0.094448,1.2424e-11
52.75,-15.6,0.99139,0.032215,2.335e-15
-57.32,-13.09,0.8805,0.23681,0.02113
-52.75,-13.09,0.91485,0.17162,0.0015077
-48.63,-13.09,0.90778,0.1605,0.0010055
-44.82,-13.09,0.86336,0.23726,0.0010149
-41.25,-13.09,0.63866,0.46422,0.00029007
-37.87,-13.09,0.60379,0.4723,0.00020312
-34.64,-13.09,0.41874,0.59798,5.4221e-05
-31.53,-13.09,0.25846,0.70347,3.7725e-05
-28.52,-13.09,0.22333,0.72537,8.1961e-05
-25.59,-13.09,0.25767,0.70492,0.00013632
-22.74,-13.09,0.17145,0.7762,0.00012401
-19.94,-13.09,0.086739,0.85712,0.0001188
-17.19,-13.09,0.047037,0.90465,0.0001184
-14.48,-13.09,0.030746,0.92782,0.00013551
-11.81,-13.09,0.025001,0.9376,0.00011452
-9.16,-13.09,0.024109,0.93947,6.7983e-05
-6.53,-13.09,0.024448,0.94048,1.5212e-05
-3.91,-13.09,0.02559,0.94083,2.1603e-06
-1.3,-13.09,0.030332,0.93377,4.4165e-06
1.3,-13.09,0.033303,0.9368,1.2505e-05
3.91,-13.09,0.036417,0.9345,1.3504e-05
6.53,-13.09,0.037453,0.93667,2.2885e-05
9.16,-13.09,0.031976,0.94919,5.3502e-05
11.81,-13.09,0.020146,0.95987,1.0492e-05
14.48,-13.09,0.021213,0.96376,3.8437e-05
17.19,-13.09,0.017669,0.9694,1.8068e-06
19.94,-13.09,0.022224,0.95905,1.2428e-07
22.74,-13.09,0.037563,0.93778,2.2279e-07
25.59,-13.09,0.08434,0.88925,3.1642e-05
28.52,-13.09,0.28239,0.72468,6.8414e-05
31.53,-13.09,0.57584,0.51551,3.7796e-06
34.64,-13.09,0.58162,0.52395,2.1193e-07
37.87,-13.09,0.64512,0.46656,8.7679e-08
41.25,-13.09,0.77207,0.36077,2.6477e-08
44.82,-13.09,0.88473,0.22666,5.191e-09
48.63,-13.09,0.96398,0.10102,3.869e-11
52.75,-13.09,0.99132,0.032983,4.3469e-15
57.32,-13.09,0.99597,0.014572,7.6891e-09
69.02,-13.09,1,0,0
-57.32,-10.58,0.89076,0.21684,0.010535
-52.75,-10.58,0.92299,0.146,0.00030982
-48.63,-10.58,1,0,0
-44.82,-10.58,0.87973,0.25171,0.0007048
-41.25,-10.58,0.69806,0.4443,0.00014129
-37.87,-10.58,0.57473,0.51056,7.5754e-05
-34.64,-10.58,0.39,0.61387,6.5946e-05
-31.53,-10.58,0.2543,0.69852,0.00010337
-28.52,-10.58,0.22035,0.7183,0.0002421
-25.59,-10.58,0.22245,0.72087,0.00030791
-22.74,-10.58,0.15804,0.77819,0.00030137
-19.94,-10.58,0.089113,0.848,0.00028829
-17.19,-10.58,0.052356,0.89237,0.00030132
-14.48,-10.58,0.035157,0.91734,0.00028798
-11.81,-10.58,0.028578,0.92843,0.00024366
-9.16,-10.58,0.026715,0.93285,0.00014271
-6.53,-10.58,0.027857,0.93233,5.8882e-05
-3.91,-10.58,0.028081,0.93478,1.1351e-05
-1.3,-10.58,0.029521,0.93422,1.2274e-05
1.3,-10.58,0.0312,0.93651,1.0328e-05
3.91,-10.58,0.034032,0.93422,1.1041e-05
6.53,-10.58,0.035848,0.9342,1.97e-05
9.16,-10.58,0.031126,0.94449,3.598e-05
11.81,-10.58,0.022377,0.95695,2.1454e-05
14.48,-10.58,0,1,0
17.19,-10.58,0.022375,0.96945,4.7678e-06
19.94,-10.58,0.026845,0.97072,6.9518e-07
22.74,-10.58,0.049465,0.93774,2.6848e-06
25.59,-10.58,0.095092,0.89264,3.5654e-05
28.52,-10.58,0.32394,0.72336,0.00012295
31.53,-10.58,0.55086,0.57555,7.6227e-07
34.64,-10.58,0.59686,0.55355,1.2466e-07
37.87,-10.58,0.66438,0.48981,6.3539e-08
41.25,-10.58,0.79588,0.38242,1.8402e-08
44.82,-10.58,0.89389,0.23943,8.3207e-09
48.63,-10.58,0.96254,0.10825,1.4735e-10
52.75,-10.58,0.99098,0.033834,1.72e-14
57.32,-10.58,0.99611,0.013524,2.9116e-11
-57.32,-8.07,0.89595,0.176,0.0013422
-52.75,-8.07,0.93065,0.14246,0.00030501
-48.63,-8.07,0.92164,0.1281,5.2809e-05
-44.82,-8.07,0.8913,0.256,0.00034637
-41.25,-8.07,0.73228,0.43995,8.4665e-05
-37.87,-8.07,0.55356,0.54186,5.0963e-05
-34.64,-8.07,0.36268,0.63071,0.00015905
-31.53,-8.07,0.24922,0.69516,0.00031051
-28.52,-8.07,0.21713,0.7122,0.00055723
-25.59,-8.07,0.20321,0.72627,0.00060608
-22.74,-8.07,0.15108,0.77512,0.00058577
-19.94,-8.07,0.09367,0.83589,0.0005461
-17.19,-8.07,0.059313,0.87767,0.00055525
-14.48,-8.07,0.04125,0.90374,0.00051292
-11.81,-8.07,0.033401,0.91699,0.00043314
-9.16,-8.07,0.03077,0.92329,0.00028958
-6.53,-8.07,0.031452,0.92516,0.00013884
-3.91,-8.07,0.032519,0.92584,7.2159e-05
-1.3,-8.07,0.031392,0.9301,5.1083e-05
1.3,-8.07,0.032488,0.93109,2.5038e-05
3.91,-8.07,0.035137,0.92823,1.1563e-05
6.53,-8.07,0.034963,0.93256,1.3834e-05
9.16,-8.07,0.030598,0.94258,1.6308e-05
11.81,-8.07,0.024817,0.95327,1.1161e-05
14.48,-8.07,0.030675,0.95221,3.549e-05
17.19,-8.07,0.02833,0.96518,5.1124e-06
19.94,-8.07,0.03635,0.96965,2.1138e-06
22.74,-8.07,0.057142,0.95474,5.511e-06
25.59,-8.07,0.10706,0.89415,3.8842e-05
28.52,-8.07,0,1,0
31.53,-8.07,0.5227,0.63322,1.3934e-07
34.64,-8.07,0.59844,0.59477,5.8341e-08
37.87,-8.07,0.68252,0.52322,3.381e-08
41.25,-8.07,0.81821,0.40949,1.3629e-08
44.82,-8.07,0.91176,0.25436,9.3389e-09
48.63,-8.07,0.95992,0.11654,6.8713e-10
52.75,-8.07,0.98988,0.034981,1.1163e-13
57.32,-8.07,0.99607,0.012692,5.2717e-14
-57.32,-5.56,0.86422,0.14549,0.00089524
-52.75,-5.56,0.94097,0.15299,0.00080662
-48.63,-5.56,0.9392,0.13986,8.439e-05
-44.82,-5.56,0.89748,0.26686,0.00026527
-41.25,-5.56,0.75097,0.4461,8.0587e-05
-37.87,-5.56,0.53675,0.56659,7.8063e-05
-34.64,-5.56,0.33804,0.65177,0.00030323
-31.53,-5.56,0.24419,0.69237,0.00072936
-28.52,-5.56,0.21573,0.70518,0.0010124
-25.59,-5.56,0.19451,0.72403,0.0010343
-22.74,-5.56,0.14979,0.76723,0.0010084
-19.94,-5.56,0.10052,0.82085,0.00093257
-17.19,-5.56,0.067577,0.86128,0.0008934
-14.48,-5.56,0.049276,0.8869,0.00083627
-11.81,-5.56,0.039768,0.90278,0.00070642
-9.16,-5.56,0.036357,0.91078,0.0005502
-6.53,-5.56,0.036809,0.91479,0.00037025
-3.91,-5.56,0.038953,0.91502,0.0003681
-1.3,-5.56,0.036545,0.92114,0.00022759
1.3,-5.56,0.035108,0.92552,5.2047e-05
3.91,-5.56,0.034622,0.92853,7.8942e-06
6.53,-5.56,0.034504,0.93209,8.1756e-06
9.16,-5.56,0.031936,0.93921,7.3483e-06
11.81,-5.56,0.030112,0.94491,6.1504e-06
14.48,-5.56,0.039595,0.9403,2.0612e-05
17.19,-5.56,0.03635,0.95823,3.3877e-06
19.94,-5.56,0.044275,0.96591,1.631e-06
25.59,-5.56,0,1,0
28.52,-5.56,0.30988,0.76127,1.0054e-05
31.53,-5.56,0.48743,0.68869,2.5146e-08
34.64,-5.56,0.5897,0.643,2.3062e-08
37.87,-5.56,0.69751,0.56445,1.4827e-08
41.25,-5.56,0.83826,0.44159,1.1668e-08
44.82,-5.56,0.92757,0.2734,1.3414e-08
48.63,-5.56,0.96224,0.12351,1.9173e-09
52.75,-5.56,0.98781,0.036621,9.4557e-13
57.32,-5.56,0.99586,0.012064,2.5318e-15
62.55,-5.56,1,0,0
-57.32,-3.05,0.89451,0.1505,0.00051344
-48.63,-3.05,0.94918,0.16857,0.00035804
-44.82,-3.05,0.90768,0.24424,1.1217e-05
-41.25,-3.05,0.76074,0.45871,0.00013322
-37.87,-3.05,0.5237,0.58532,0.00018373
-34.64,-3.05,0.31459,0.6695,0.00061956
-31.53,-3.05,0.24043,0.68914,0.0013126
-28.52,-3.05,0.21701,0.69644,0.001516
-25.59,-3.05,0.19309,0.71615,0.0015167
-22.74,-3.05,0.15287,0.75556,0.0015083
-19.94,-3.05,0.10946,0.8032,0.0014718
-17.19,-3.05,0.077728,0.84209,0.0014236
-14.48,-3.05,0.058854,0.86787,0.0013651
-11.81,-3.05,0.04811,0.8852,0.0012116
-9.16,-3.05,0.043378,0.89577,0.0010367
-6.53,-3.05,0.043974,0.901,0.00095938
-3.91,-3.05,0.046641,0.90579,0.0010137
-1.3,-3.05,0.043318,0.91486,0.0004938
1.3,-3.05,0.038058,0.92146,6.2789e-05
3.91,-3.05,0.036101,0.92542,6.7738e-06
6.53,-3.05,0.036265,0.92807,5.6152e-06
9.16,-3.05,0.035728,0.93228,3.9319e-06
11.81,-3.05,0.038278,0.93329,4.3069e-06
14.48,-3.05,0,1,0
17.19,-3.05,0.047859,0.94916,2.3242e-06
19.94,-3.05,0.0549,0.96154,1.2369e-06
28.52,-3.05,1,0,0
31.53,-3.05,0.45145,0.74299,1.3221e-08
34.64,-3.05,0.57209,0.69228,8.3922e-09
37.87,-3.05,0.7081,0.60998,5.8564e-09
41.25,-3.05,0.85502,0.47722,1.2709e-08
44.82,-3.05,0.94066,0.29652,2.5616e-08
48.63,-3.05,0.97074,0.12935,2.7513e-09
52.75,-3.05,0.98453,0.038834,8.6883e-12
57.32,-3.05,0.99535,0.011615,5.0188e-16
62.55,-3.05,0.99539,0.010862,1.5869e-06
-52.75,-0.54,0.95169,0.1784,0.0055355
-48.63,-0.54,0.95387,0.17724,0.00030929
-44.82,-0.54,0.91886,0.27568,8.9879e-06
-41.25,-0.54,0.78651,0.49157,8.7165e-05
-37.87,-0.54,0.51964,0.60421,0.00030999
-34.64,-0.54,0.29214,0.68435,0.0012376
-31.53,-0.54,0.23724,0.68958,0.0017572
-28.52,-0.54,0.22155,0.68523,0.0020237
-25.59,-0.54,0.19689,0.70407,0.0020059
-22.74,-0.54,0.15947,0.74064,0.002023
-19.94,-0.54,0.12014,0.78349,0.0020792
-17.19,-0.54,0.089495,0.82059,0.0021212
-14.48,-0.54,0.069799,0.84699,0.0021425
-11.81,-0.54,0.058518,0.86433,0.0021223
-9.16,-0.54,0.052393,0.87718,0.0019981
-6.53,-0.54,0.052281,0.88459,0.0020944
-3.91,-0.54,0,1,0
-1.3,-0.54,0,1,0
1.3,-0.54,0.041798,0.91576,7.1612e-05
3.91,-0.54,0.039019,0.91994,7.2488e-06
6.53,-0.54,0.039949,0.92114,5.0428e-06
9.16,-0.54,0.041832,0.92232,2.8276e-06
11.81,-0.54,0.048926,0.91954,3.2873e-06
14.48,-0.54,0.072464,0.90781,2.5909e-05
17.19,-0.54,0.062879,0.93842,1.5698e-06
19.94,-0.54,0.068316,0.9559,8.6098e-07
22.74,-0.54,0.10843,0.95478,3.6401e-06
28.52,-0.54,0,1,0
31.53,-0.54,0.41997,0.79156,2.3005e-08
34.64,-0.54,0.55006,0.74045,2.5701e-09
37.87,-0.54,0.71413,0.65592,2.4612e-09
41.25,-0.54,0.86755,0.51388,1.8243e-08
44.82,-0.54,0.95056,0.32279,6.4243e-08
48.63,-0.54,0.97769,0.13781,4.5245e-09
52.75,-0.54,0.98774,0.037655,1.1175e-11
57.32,-0.54,0.99545,0.011068,1.7994e-15
62.55,-0.54,0.99722,0.0075675,3.3777e-07
-62.55,1.97,0.83525,0.18195,0.0024184
-52.75,1.97,0.95594,0.17955,0.0054441
-48.63,1.97,0.95595,0.19096,0.00038146
-44.82,1.97,0.93017,0.33803,2.4739e-05
-41.25,1.97,0.80898,0.49342,4.4171e-06
-37.87,1.97,0.53157,0.62971,0.00025019
-34.64,1.97,0.26816,0.71083,0.0016277
-31.53,1.97,0.23747,0.68938,0.0020809
-28.52,1.97,0.22935,0.67168,0.0025819
-25.59,1.97,0.20459,0.68886,0.0026147
-22.74,1.97,0.16874,0.72341,0.0026841
-19.94,1.97,0.13218,0.76237,0.0028638
-17.19,1.97,0.10251,0.79744,0.0030391
-14.48,1.97,0.082306,0.82381,0.0032124
-11.81,1.97,0.070173,0.84183,0.0033775
-9.16,1.97,0.063466,0.85507,0.0035116
-6.53,1.97,0.059083,0.87046,0.0033137
-3.91,1.97,0.050919,0.90034,0.0013864
-1.3,1.97,0.050784,0.9042,0.00066664
1.3,1.97,0.045439,0.90892,7.6414e-05
3.91,1.97,0.04348,0.91172,9.9434e-06
6.53,1.97,0.045913,0.91067,6.3436e-06
9.16,1.97,0.05107,0.90783,3.2125e-06
11.81,1.97,0.063075,0.90147,2.5785e-06
14.48,1.97,0.084715,0.89626,4.3063e-06
17.19,1.97,0.08253,0.92257,9.9097e-07
19.94,1.97,0.084118,0.94621,5.9394e-07
22.74,1.97,0.13196,0.95215,1.0451e-06
31.53,1.97,0.39897,0.8326,6.4117e-08
34.64,1.97,0.52358,0.78249,1.9944e-09
37.87,1.97,0.71472,0.69725,3.2482e-09
41.25,1.97,0.8756,0.54866,3.134e-08
44.82,1.97,0.95719,0.35,1.973e-07
48.63,1.97,0.98268,0.14944,8.9158e-09
52.75,1.97,0.99052,0.036703,1.2298e-11
57.32,1.97,0.99631,0.010542,9.1301e-14
62.55,1.97,0.99768,0.006389,7.0403e-08
69.02,1.97,1,0,0
-62.55,4.48,0.80528,0.15889,0.0025429
-48.63,4.48,0.95373,0.20615,0.0007639
-44.82,4.48,0.93277,0.37823,2.9513e-05
-41.25,4.48,0.8238,0.55327,7.3694e-05
-37.87,4.48,0.5518,0.64375,0.00022408
-34.64,4.48,0,1,0
-31.53,4.48,0.23988,0.69571,0.0018528
-28.52,4.48,0.23023,0.67496,0.0024664
-25.59,4.48,0.21489,0.67197,0.0035227
-22.74,4.48,0.18,0.70465,0.0037334
-19.94,4.48,0.14521,0.74057,0.0040764
-17.19,4.48,0.11642,0.77333,0.0044115
-14.48,4.48,0.096009,0.799,0.0047541
-11.81,4.48,0.083161,0.81739,0.0050981
-9.16,4.48,0.073539,0.83535,0.0050676
-6.53,4.48,0.055296,0.87737,0.0025432
-3.91,4.48,0.046137,0.90535,0.00071356
-1.3,4.48,0.045163,0.91157,0.00018216
1.3,4.48,0.044868,0.91128,2.2898e-05
3.91,4.48,0.046086,0.90889,6.9946e-06
6.53,4.48,0.052807,0.90025,7.1878e-06
9.16,4.48,0.06468,0.88719,5.9277e-06
11.81,4.48,0.082737,0.8777,2.7615e-06
14.48,4.48,0.10863,0.87575,1.6804e-06
17.19,4.48,0.11096,0.90437,7.4957e-07
19.94,4.48,0.10519,0.93753,5.3478e-07
22.74,4.48,0.16501,0.95072,6.1194e-07
25.59,4.48,0,1,0
28.52,4.48,0,1,0
31.53,4.48,0.38784,0.86304,2.5955e-07
34.64,4.48,0.50104,0.82185,2.3232e-08
37.87,4.48,0.71045,0.73017,2.3444e-08
41.25,4.48,0.87508,0.5607,2.2476e-08
44.82,4.48,0.96053,0.36513,3.251e-07
48.63,4.48,0.98619,0.16496,1.9238e-08
52.75,4.48,0.99237,0.036279,1.2189e-11
57.32,4.48,0.99652,0.010748,5.627e-12
62.55,4.48,0.99733,0.0068228,5.122e-07
-62.55,6.99,0.82545,0.15408,0.001461
-48.63,6.99,1,0,0
-44.82,6.99,0.93606,0.45296,8.1214e-05
-41.25,6.99,0.83831,0.57457,9.0306e-05
-37.87,6.99,0.5829,0.64678,0.0001807
-34.64,6.99,0.296,0.71649,0.001281
-31.53,6.99,0.25173,0.69408,0.0015952
-28.52,6.99,0.23376,0.67719,0.0022576
-25.59,6.99,0.20577,0.69167,0.0025809
-22.74,6.99,0.17014,0.72346,0.0028276
-19.94,6.99,0.1372,0.75548,0.0032695
-17.19,6.99,0.10895,0.78707,0.0035725
-14.48,6.99,0.087558,0.81464,0.0037142
-11.81,6.99,0.074109,0.83449,0.0038438
-9.16,6.99,0.067109,0.84763,0.0039792
-6.53,6.99,0.052821,0.88123,0.0020262
-3.91,6.99,0.043773,0.90744,0.00038469
-1.3,6.99,0.042431,0.91542,4.8937e-05
1.3,6.99,0.043852,0.91487,5.2019e-06
3.91,6.99,0.047055,0.91114,2.816e-06
6.53,6.99,0.055801,0.90137,2.4674e-06
9.16,6.99,0.07301,0.88354,1.9317e-06
11.81,6.99,0.10514,0.85881,1.6593e-06
14.48,6.99,0.14687,0.84978,9.321e-07
17.19,6.99,0.15332,0.88259,5.8026e-07
19.94,6.99,0.12846,0.92889,6.0769e-07
22.74,6.99,0.19235,0.94783,6.1872e-07
25.59,6.99,1,1,0
31.53,6.99,0.39653,0.88656,4.3615e-06
34.64,6.99,0.47532,0.84945,3.7844e-07
48.63,6.99,0.98747,0.175,8.3703e-08
52.75,6.99,0.9932,0.036479,2.7225e-11
57.32,6.99,0.99594,0.011617,1.1943e-09
-62.55,9.5,0.86594,0.16279,0.0013417
-44.82,9.5,0.93346,0.52046,0.0001674
-41.25,9.5,0.85267,0.5852,0.00010398
-37.87,9.5,0.62283,0.63934,0.00012455
-34.64,9.5,0.35226,0.69315,0.00068742
-31.53,9.5,0.27271,0.68467,0.0013501
-28.52,9.5,0.23738,0.68391,0.0018305
-25.59,9.5,0.1963,0.71503,0.0018336
-22.74,9.5,0.15769,0.74854,0.0019857
-19.94,9.5,0.12413,0.78011,0.0022514
-17.19,9.5,0.096593,0.81016,0.002462
-14.48,9.5,0.077107,0.83461,0.0026266
-11.81,9.5,0.065566,0.85127,0.0027866
-9.16,9.5,0.060287,0.86105,0.0029195
-6.53,9.5,0.051813,0.88212,0.0017481
-3.91,9.5,0.043006,0.90711,0.00024974
-1.3,9.5,0.041583,0.91627,1.6868e-05
1.3,9.5,0.043898,0.91659,1.811e-06
3.91,9.5,0.049217,0.9119,1.2189e-06
6.53,9.5,0.0614,0.89937,1.1014e-06
9.16,9.5,0.085313,0.87665,1.0674e-06
11.81,9.5,0.1326,0.84394,1.0457e-06
14.48,9.5,0.20642,0.81871,5.5958e-07
17.19,9.5,0.22005,0.8485,7.4737e-07
19.94,9.5,0.1499,0.91507,1.0748e-06
22.74,9.5,0.19558,0.94035,7.0661e-07
25.59,9.5,1,1,0
31.53,9.5,0,1,0
52.75,9.5,0.99243,0.033406,2.8157e-10
57.32,9.5,1,0,0
62.55,9.5,1,0,0
-52.75,12.01,0.965,0.14149,0.00010263
-44.82,12.01,1,1,0
-41.25,12.01,0.8674,0.5819,0.00010334
-37.87,12.01,0.66671,0.62151,7.7226e-05
-34.64,12.01,0.4106,0.66503,0.000424
-31.53,12.01,0.3014,0.66757,0.0011746
-28.52,12.01,0.24059,0.69774,0.0012049
-25.59,12.01,0.18998,0.73632,0.0012954
-22.74,12.01,0.14732,0.77211,0.0014408
-19.94,12.01,0.11247,0.80351,0.0015896
-17.19,12.01,0.08545,0.83203,0.001673
-14.48,12.01,0.067943,0.85306,0.0017764
-11.81,12.01,0.058322,0.86631,0.0019236
-9.16,12.01,0.054668,0.87264,0.0020777
-6.53,12.01,0.05231,0.88011,0.0016719
-3.91,12.01,0.04368,0.90428,0.00021759
-1.3,12.01,0.042267,0.91436,8.8911e-06
1.3,12.01,0.045415,0.91548,9.7938e-07
3.91,12.01,0.052885,0.91048,6.0132e-07
6.53,12.01,0.069135,0.89579,5.765e-07
9.16,12.01,0.10234,0.86564,1.0604e-06
11.81,12.01,0.17191,0.81979,1.9214e-06
14.48,12.01,0.30109,0.77809,1.3392e-06
17.19,12.01,0.32866,0.8079,2.4118e-06
19.94,12.01,0.16686,0.8987,2.6497e-06
22.74,12.01,0.17724,0.94344,2.2278e-05
28.52,12.01,0,1,0
31.53,12.01,1,1,0
44.82,12.01,1,1,0
48.63,12.01,1,0,0
52.75,12.01,1,0,0
57.32,12.01,1,0,0
62.55,12.01,0.99516,0.0076746,3.6768e-07
69.02,12.01,1,0,0
-57.32,14.52,0.95535,0.14861,0.000994
-52.75,14.52,0.97252,0.15782,0.00023541
-48.63,14.52,0.97119,0.26678,0.00030574
-44.82,14.52,0.93991,0.53344,0.00034612
-41.25,14.52,0.88184,0.56074,8.7002e-05
-37.87,14.52,0.70922,0.59226,4.9623e-05
-34.64,14.52,0.46895,0.63013,0.00032369
-31.53,14.52,0.33245,0.66419,0.00055134
-28.52,14.52,0.2496,0.70735,0.00064587
-25.59,14.52,0.18746,0.75494,0.00077964
-22.74,14.52,0.13946,0.79359,0.00096772
-19.94,14.52,0.10261,0.82505,0.001076
-17.19,14.52,0.075994,0.85193,0.0010762
-14.48,14.52,0.060404,0.86944,0.0011421
-11.81,14.52,0.052571,0.87924,0.0012909
-9.16,14.52,0.050175,0.88263,0.0014563
-6.53,14.52,0.051545,0.88133,0.0014271
-3.91,14.52,0.045341,0.89992,0.00022951
-1.3,14.52,0.044316,0.90998,7.2e-06
1.3,14.52,0.048539,0.91121,7.0943e-07
3.91,14.52,0.058421,0.90586,3.7268e-07
6.53,14.52,0.07956,0.88943,3.7154e-07
9.16,14.52,0.12376,0.85249,1.2406e-06
11.81,14.52,0.22066,0.78761,5.4644e-06
14.48,14.52,0.43475,0.71657,6.3005e-06
17.19,14.52,0.49405,0.74122,1.9263e-05
19.94,14.52,0.18054,0.88623,2.3249e-05
22.74,14.52,0.16214,0.91656,3.2917e-05
25.59,14.52,0,1,0
28.52,14.52,0.3926,0.77743,2.4479e-06
31.53,14.52,0.35471,0.86426,1.7736e-05
34.64,14.52,0,1,0
37.87,14.52,1,1,0
41.25,14.52,0.817,0.58778,1.6025e-05
44.82,14.52,1,0,0
48.63,14.52,1,1,0
52.75,14.52,1,0,0
57.32,14.52,1,0,0
62.55,14.52,0.99691,0.0047515,1.5174e-08
-57.32,17.03,0.95968,0.14092,0.00067592
-52.75,17.03,0.97523,0.14951,0.00012708
-48.63,17.03,0.97449,0.25454,0.00012934
-44.82,17.03,0.94801,0.44522,3.8702e-05
-41.25,17.03,0.89457,0.4867,4.3503e-06
-37.87,17.03,0.74759,0.55264,3.7086e-05
-34.64,17.03,0.53034,0.59667,0.00019107
-31.53,17.03,0.37318,0.65466,0.00019572
-28.52,17.03,0.26544,0.71194,0.0002551
-25.59,17.03,0.18968,0.7703,0.00036363
-22.74,17.03,0.13391,0.81383,0.00053258
-19.94,17.03,0.094321,0.84535,0.00063644
-17.19,17.03,0.06865,0.86917,0.00066275
-14.48,17.03,0.054735,0.88324,0.00074215
-11.81,17.03,0.048439,0.88974,0.00089653
-9.16,17.03,0.046399,0.89208,0.0010085
-6.53,17.03,0.048787,0.88775,0.00099909
-3.91,17.03,0.048366,0.89313,0.00029407
-1.3,17.03,0.047496,0.90379,7.7159e-06
1.3,17.03,0.052784,0.90535,5.3206e-07
3.91,17.03,0.065616,0.89888,2.6004e-07
6.53,17.03,0.092881,0.87955,2.84e-07
9.16,17.03,0.14965,0.83601,1.3961e-06
11.81,17.03,0.26982,0.75255,2.0092e-05
14.48,17.03,0.58403,0.63711,2.4312e-05
17.19,17.03,1,0,0
19.94,17.03,0,1,0
22.74,17.03,0,1,0
28.52,17.03,1,0,0
41.25,17.03,0,1,0
44.82,17.03,1,0,0
48.63,17.03,1,0,0
52.75,17.03,1,0,0
57.32,17.03,0.99617,0.0077895,1.9524e-11
62.55,17.03,0.99772,0.003278,2.8275e-10
69.02,17.03,1,0,0
-57.32,19.54,0.96358,0.13648,0.00069332
-52.75,19.54,0.97622,0.12881,3.0721e-05
-48.63,19.54,0.97682,0.23476,6.4787e-05
-44.82,19.54,0.95811,0.41931,0.00019457
-41.25,19.54,0.90253,0.4132,1.9522e-06
-37.87,19.54,0.78027,0.50471,3.7709e-05
-34.64,19.54,0.60272,0.56923,4.842e-05
-31.53,19.54,0.42485,0.63782,4.9343e-05
-28.52,19.54,0.28956,0.71038,6.6188e-05
-25.59,19.54,0.19803,0.78182,0.00011577
-22.74,19.54,0.1322,0.83081,0.00022383
-19.94,19.54,0.088866,0.86234,0.0003206
-17.19,19.54,0.063727,0.88322,0.0003846
-14.48,19.54,0.051066,0.89409,0.00048538
-11.81,19.54,0.04561,0.89851,0.00062903
-9.16,19.54,0.044159,0.89924,0.00073702
-6.53,19.54,0.047333,0.89225,0.00075114
-3.91,19.54,0.053339,0.88264,0.00045184
-1.3,19.54,0.052715,0.89362,1.3201e-05
1.3,19.54,0.059076,0.89564,5.1864e-07
3.91,19.54,0.074688,0.88926,2.0451e-07
6.53,19.54,0.10839,0.86909,2.0198e-07
9.16,19.54,0.17943,0.81994,1.2012e-06
11.81,19.54,0,1,0
14.48,19.54,1,0,0
19.94,19.54,0,1,0
31.53,19.54,0,1,0
41.25,19.54,1,0,0
44.82,19.54,1,0,0
48.63,19.54,0.99202,0.074363,7.0696e-07
52.75,19.54,0.9949,0.016648,1.1383e-12
57.32,19.54,0.99711,0.0054103,2.426e-13
62.55,19.54,0.99813,0.0025448,7.3951e-12
69.02,19.54,0.99496,0.0048167,9.8686e-08
-52.75,22.05,0.97776,0.11762,1.3735e-05
-48.63,22.05,0.97835,0.21084,3.9084e-05
-44.82,22.05,0.96255,0.35456,0.00010437
-41.25,22.05,0.92272,0.39986,3.0392e-06
-37.87,22.05,0.81784,0.45945,2.1577e-05
-34.64,22.05,0.67635,0.53401,1.0823e-05
-31.53,22.05,0.48833,0.61233,1.0476e-05
-28.52,22.05,0.3238,0.70115,1.263e-05
-25.59,22.05,0.21467,0.78894,2.2022e-05
-22.74,22.05,0.1352,0.84396,6.0332e-05
-19.94,22.05,0.086667,0.87549,0.00011269
-17.19,22.05,0.061425,0.89364,0.00017779
-14.48,22.05,0.049472,0.90166,0.00029135
-11.81,22.05,0.044096,0.90572,0.00041334
-9.16,22.05,0.043588,0.90382,0.00057196
-6.53,22.05,0.04714,0.89497,0.00060549
-3.91,22.05,0.05515,0.88021,0.00040527
-1.3,22.05,0.060592,0.87848,3.424e-05
1.3,22.05,0.068266,0.8806,7.468e-07
3.91,22.05,0.086765,0.87441,2.2135e-07
6.53,22.05,0.12725,0.85391,1.7297e-07
9.16,22.05,0.21338,0.80293,8.0305e-07
11.81,22.05,0.38623,0.70102,8.3225e-06
14.48,22.05,0.74563,0.55452,3.7318e-05
17.19,22.05,1,1,0
37.87,22.05,1,0,0
41.25,22.05,1,1,0
44.82,22.05,1,0,0
48.63,22.05,1,0,0
52.75,22.05,0.99519,0.011861,3.6567e-13
57.32,22.05,0.99728,0.0042288,1.2046e-14
62.55,22.05,0.99835,0.0021644,9.799e-13
69.02,22.05,0.99678,0.0033796,1.2145e-09
-57.32,24.56,0.9692,0.1153,0.00018809
-52.75,24.56,0.98143,0.1226,2.9813e-05
-48.63,24.56,0.97924,0.18658,3.3322e-05
-44.82,24.56,0.96505,0.29728,7.6301e-05
-41.25,24.56,0.92946,0.36393,2.8341e-05
-37.87,24.56,0.86152,0.41723,5.3969e-06
-34.64,24.56,0.74561,0.49064,3.6446e-06
-31.53,24.56,0.56163,0.57715,6.601e-06
-28.52,24.56,0.36974,0.68241,1.0462e-05
-25.59,24.56,0.24314,0.79119,4.8063e-06
-22.74,24.56,0.14394,0.85275,1.4255e-05
-19.94,24.56,0.088149,0.88433,2.523e-05
-17.19,24.56,0.061953,0.90004,5.8005e-05
-14.48,24.56,0.04958,0.90712,0.00013535
-11.81,24.56,0.044552,0.90981,0.00025776
-9.16,24.56,0.044799,0.90566,0.00048603
-6.53,24.56,0.047398,0.89821,0.0004563
-3.91,24.56,0.05532,0.88264,0.00026082
-1.3,24.56,0.063946,0.87497,2.2383e-05
1.3,24.56,0.076441,0.86993,5.6793e-07
3.91,24.56,0.10174,0.85558,2.9036e-07
6.53,24.56,0.14973,0.83436,1.8011e-07
9.16,24.56,0.25182,0.78352,5.1374e-07
11.81,24.56,0.45952,0.68016,1.9707e-06
14.48,24.56,0.76475,0.5464,8.9527e-06
34.64,24.56,0,1,0
37.87,24.56,1,0,0
41.25,24.56,1,0,0
48.63,24.56,0.99085,0.043863,2.0866e-05
52.75,24.56,0.99602,0.0090842,1.968e-13
57.32,24.56,0.9969,0.0036907,1.3581e-15
62.55,24.56,0.99841,0.0019742,2.1345e-13
69.02,24.56,0.99773,0.0026199,5.8298e-11
-57.32,27.07,0.97054,0.099513,3.2601e-05
-52.75,27.07,0.98319,0.11256,1.9048e-05
-48.63,27.07,0.97945,0.16398,3.8692e-05
-44.82,27.07,0.96612,0.24922,7.4943e-05
-41.25,27.07,0.93352,0.30927,4.5883e-05
-37.87,27.07,0.88849,0.3634,4.2159e-06
-34.64,27.07,0.80726,0.44105,3.3308e-06
-31.53,27.07,0.63943,0.5322,1.3709e-05
-28.52,27.07,0.42665,0.65224,3.6428e-05
-25.59,27.07,0.29018,0.78969,7.4467e-06
-22.74,27.07,0.15945,0.8565,1.571e-05
-19.94,27.07,0.093946,0.88844,9.1031e-06
-17.19,27.07,0.065642,0.90186,1.4395e-05
-14.48,27.07,0.05187,0.90998,4.2571e-05
-11.81,27.07,0.047105,0.91045,0.0001614
-9.16,27.07,0.047725,0.90543,0.00045178
-6.53,27.07,0.049028,0.90005,0.00034711
-3.91,27.07,0.056438,0.88435,0.00015525
-1.3,27.07,0.068525,0.87,1.446e-05
1.3,27.07,0.083385,0.86423,2.1678e-07
3.91,27.07,0.11099,0.85304,1.1438e-07
6.53,27.07,0.17024,0.82604,1.4699e-07
9.16,27.07,0.29387,0.76741,4.4357e-07
11.81,27.07,0.52287,0.66365,1.9831e-06
14.48,27.07,0.78372,0.53845,4.3497e-06
34.64,27.07,1,1,0
41.25,27.07,1,0,0
48.63,27.07,1,0,0
52.75,27.07,0.99693,0.0073584,1.1905e-13
57.32,27.07,0.99684,0.0034198,3.9057e-16
62.55,27.07,0.99837,0.0019124,5.027e-14
69.02,27.07,0.99825,0.0022151,3.699e-12
-57.32,29.58,0.97469,0.093115,2.739e-05
-52.75,29.58,0.98453,0.10179,1.28e-05
-48.63,29.58,0.98015,0.14383,4.0322e-05
-44.82,29.58,0.96596,0.21028,0.00010036
-41.25,29.58,0.94391,0.26319,3.6941e-05
-37.87,29.58,0.91688,0.31379,2.1575e-06
-34.64,29.58,0.85846,0.38822,5.1882e-06
-31.53,29.58,0.71533,0.47795,2.9224e-05
-28.52,29.58,0.4874,0.60894,0.00014787
-25.59,29.58,0.36827,0.78389,1.9615e-05
-22.74,29.58,0.18282,0.85603,4.8249e-05
-19.94,29.58,0.10513,0.88723,1.4435e-05
-17.19,29.58,0.073004,0.9,2.9194e-06
-14.48,29.58,0.057196,0.90844,1.0517e-05
-11.81,29.58,0.051606,0.90855,9.9285e-05
-9.16,29.58,0.052385,0.90473,0.00041435
-6.53,29.58,0.052613,0.89905,0.00029704
-3.91,29.58,0.058952,0.88459,8.5124e-05
-1.3,29.58,0.075661,0.86075,1.1973e-05
1.3,29.58,0.093252,0.85478,1.6146e-07
3.91,29.58,0.12358,0.84565,1.1737e-07
6.53,29.58,0.19091,0.82503,4.4803e-07
9.16,29.58,0.34174,0.76991,1.5378e-06
11.81,29.58,0.58205,0.65924,4.4463e-06
14.48,29.58,0.80231,0.52317,4.8062e-06
25.59,29.58,0,1,0
28.52,29.58,0,1,0
34.64,29.58,1,0,0
37.87,29.58,1,0,0
41.25,29.58,1,0,0
44.82,29.58,0.9938,0.023809,2.4876e-09
52.75,29.58,0.99787,0.0064583,2.4558e-13
57.32,29.58,0.99773,0.0031979,2.4062e-16
62.55,29.58,0.99818,0.0019606,9.3207e-15
69.02,29.58,0.99852,0.0020295,5.8191e-13
-57.32,32.09,0.97884,0.090869,6.1301e-05
-52.75,32.09,0.98563,0.091336,9.4139e-06
-48.63,32.09,0.9813,0.12551,3.6947e-05
-44.82,32.09,0.96475,0.17947,0.00017082
-41.25,32.09,0.9558,0.22134,1.9835e-05
-37.87,32.09,0.93828,0.26491,1.5173e-06
-34.64,32.09,0.89665,0.33197,7.5563e-06
-31.53,32.09,0.78658,0.41987,5.8211e-05
-28.52,32.09,0,1,0
-19.94,32.09,0.12243,0.87939,2.9705e-05
-17.19,32.09,0.086626,0.89345,1.7798e-06
-14.48,32.09,0.066193,0.90249,2.251e-06
-11.81,32.09,0.058298,0.90436,5.9522e-05
-9.16,32.09,0.060567,0.89982,0.00050287
-6.53,32.09,0.057691,0.89734,0.00023666
-3.91,32.09,0.063539,0.8818,4.8171e-05
-1.3,32.09,0.086383,0.84517,1.5168e-05
1.3,32.09,0.10786,0.8382,3.6181e-07
3.91,32.09,0.13875,0.83451,4.1229e-07
6.53,32.09,0.21436,0.81844,2.4225e-06
9.16,32.09,0.40074,0.76912,7.3977e-06
11.81,32.09,0.63029,0.67383,2.7254e-05
31.53,32.09,1,1,0
34.64,32.09,1,0,0
44.82,32.09,0.9912,0.023736,1.0116e-08
52.75,32.09,0.99817,0.0063984,6.462e-12
57.32,32.09,0.99794,0.0032978,9.2227e-16
62.55,32.09,0.99789,0.0020989,1.6601e-15
69.02,32.09,0.99861,0.0020103,6.3074e-13
-62.55,34.6,0.95888,0.096228,0.00033715
-57.32,34.6,0.98089,0.080741,2.9864e-05
-52.75,34.6,0.98668,0.081605,7.0427e-06
-48.63,34.6,0.98193,0.10948,3.8766e-05
-44.82,34.6,0.96494,0.15408,0.00024108
-41.25,34.6,0.96418,0.1837,1.387e-05
-37.87,34.6,0.953,0.21856,1.2698e-06
-34.64,34.6,0.9228,0.26891,5.9303e-06
-31.53,34.6,0.84706,0.3483,5.8333e-05
-28.52,34.6,1,0,0
-22.74,34.6,0,1,0
-14.48,34.6,0.08061,0.89168,9.0803e-07
-11.81,34.6,0.068198,0.89917,2.6798e-05
-9.16,34.6,0.0734,0.88981,0.00082408
-6.53,34.6,0.064815,0.89335,0.00018546
-3.91,34.6,0.070437,0.87525,3.1212e-05
-1.3,34.6,0.099135,0.82856,1.4872e-05
1.3,34.6,0.12936,0.81081,7.7912e-07
3.91,34.6,0.15598,0.81549,1.3239e-06
6.53,34.6,0.23615,0.80727,1.1357e-05
9.16,34.6,0.46328,0.77263,2.6163e-05
11.81,34.6,1,1,0
14.48,34.6,1,0,0
31.53,34.6,1,0,0
34.64,34.6,1,0,0
44.82,34.6,1,0,0
48.63,34.6,1,0,0
52.75,34.6,0.99794,0.006906,1.7871e-10
57.32,34.6,0.99766,0.0037194,6.4274e-15
62.55,34.6,0.99843,0.0021057,3.8247e-15
69.02,34.6,0.99851,0.0021505,1.7089e-12
-62.55,37.11,0.96256,0.088019,0.00024086
-57.32,37.11,0.98253,0.071923,1.6354e-05
-52.75,37.11,0.98739,0.072647,5.9994e-06
-48.63,37.11,0.98286,0.095242,3.7095e-05
-44.82,37.11,0.96889,0.13067,0.00020131
-41.25,37.11,0.9698,0.15148,1.3147e-05
-37.87,37.11,0.96277,0.17701,1.1455e-06
-34.64,37.11,0.94285,0.21506,5.2166e-06
-31.53,37.11,0.88951,0.25439,3.6404e-05
-28.52,37.11,0.81323,0.44214,0.000809
-25.59,37.11,1,1,0
-11.81,37.11,0.081612,0.88982,1.4181e-05
-9.16,37.11,0,1,0
-6.53,37.11,0.0735,0.88652,0.00013689
-3.91,37.11,0.07966,0.86368,2.8006e-05
-1.3,37.11,0.11411,0.81414,8.1611e-06
1.3,37.11,0.16002,0.77236,1.5054e-06
3.91,37.11,0.17331,0.78776,2.1342e-06
6.53,37.11,0.24514,0.78585,3.1308e-05
9.16,37.11,1,0,0
11.81,37.11,0,1,0
19.94,37.11,1,1,0
48.63,37.11,1,0,0
52.75,37.11,0.99688,0.0076932,1.0019e-09
57.32,37.11,0.99686,0.0045705,5.8798e-14
62.55,37.11,0.99882,0.002149,1.6348e-14
69.02,37.11,0.99828,0.0022866,3.2108e-12
-62.55,39.62,0.96362,0.074919,3.112e-05
-57.32,39.62,0.9837,0.064124,1.0823e-05
-52.75,39.62,0.98778,0.064748,5.8714e-06
-48.63,39.62,0.9833,0.083265,4.0532e-05
-44.82,39.62,0.97132,0.11151,0.00020245
-41.25,39.62,0.97326,0.12515,1.7193e-05
-37.87,39.62,0.96895,0.14207,1.4125e-06
-34.64,39.62,0.95589,0.1675,3.705e-06
-31.53,39.62,0.92576,0.2086,3.2904e-05
-28.52,39.62,0.88453,0.29834,6.6913e-05
-25.59,39.62,0.81807,0.62956,0.00097288
-9.16,39.62,0.091939,0.8881,0.00083367
-6.53,39.62,0.083068,0.87688,8.8547e-05
-3.91,39.62,0.090883,0.85255,2.2289e-05
-1.3,39.62,0.13552,0.79876,1.1185e-05
1.3,39.62,0.20217,0.74044,9.2147e-06
3.91,39.62,0.18972,0.76096,3.8231e-06
6.53,39.62,0,1,0
9.16,39.62,1,1,0
48.63,39.62,1,0,0
52.75,39.62,0.9946,0.010319,1.1621e-08
57.32,39.62,0.99613,0.0061165,3.362e-11
62.55,39.62,0.99896,0.0022695,7.9151e-14
69.02,39.62,0.99793,0.0027473,1.2274e-09
-62.55,42.13,0.96657,0.068259,1.9385e-05
-57.32,42.13,0.98483,0.057753,7.8794e-06
-52.75,42.13,0.98783,0.058017,6.543e-06
-48.63,42.13,0.98328,0.073397,4.9952e-05
-44.82,42.13,0.97244,0.09627,0.00024237
-41.25,42.13,0.97501,0.10453,2.9916e-05
-37.87,42.13,0.97245,0.11458,3.2386e-06
-34.64,42.13,0.96371,0.13004,3.2675e-06
-31.53,42.13,0.94457,0.15731,2.8016e-05
-28.52,42.13,0.91633,0.22317,0.00021341
-25.59,42.13,0.86127,0.44086,8.7938e-06
-19.94,42.13,0,1,0
-6.53,42.13,0.094256,0.8632,5.6522e-05
-3.91,42.13,0.10711,0.84185,3.1806e-05
-1.3,42.13,0.16708,0.77857,4.279e-05
1.3,42.13,0.27832,0.68755,4.8077e-05
3.91,42.13,0.20954,0.74621,1.8018e-05
6.53,42.13,0.21406,0.77215,8.2762e-06
9.16,42.13,0,1,0
41.25,42.13,1,0,0
48.63,42.13,0.99536,0.010746,2.2603e-07
52.75,42.13,1,0,0
57.32,42.13,0.99425,0.0093613,1.1209e-08
62.55,42.13,0.999,0.0024417,5.7155e-13
69.02,42.13,0.99743,0.0031001,2.2748e-08
-62.55,44.64,0.97312,0.065803,5.3343e-05
-57.32,44.64,0.98589,0.052245,5.824e-06
-52.75,44.64,0.98761,0.052373,7.9233e-06
-48.63,44.64,0.98281,0.065398,6.8026e-05
-44.82,44.64,0.9724,0.08445,0.000334
-41.25,44.64,0.97529,0.089003,6.3518e-05
-37.87,44.64,0.97385,0.094174,1.1422e-05
-34.64,44.64,0.96769,0.10281,6.5711e-06
-31.53,44.64,0.95553,0.1201,3.2148e-05
-28.52,44.64,1,0,0
-25.59,44.64,0.89504,0.31877,2.8511e-05
-22.74,44.64,0.67757,0.52838,1.3635e-05
-9.16,44.64,0.10829,0.84568,4.7297e-05
11.81,44.64,1,0,0
41.25,44.64,1,0,0
44.82,44.64,1,0,0
48.63,44.64,0.99596,0.0095559,4.4016e-08
57.32,44.64,1,0,0
62.55,44.64,0.99899,0.0026475,3.809e-12
69.02,44.64,0.99624,0.0038261,2.8493e-07
-62.55,47.15,0.97591,0.062083,8.7808e-05
-57.32,47.15,0.98669,0.047345,4.8786e-06
-52.75,47.15,0.98796,0.046962,7.2436e-06
-48.63,47.15,0.98189,0.058989,9.9841e-05
-44.82,47.15,0.97129,0.075504,0.0005045
-41.25,47.15,0.97426,0.077725,0.00014832
-37.87,47.15,0.97344,0.079712,4.4453e-05
-34.64,47.15,0.96916,0.08382,2.3855e-05
-31.53,47.15,0.96332,0.093514,4.6191e-05
-28.52,47.15,0.95041,0.12191,0.00045732
-25.59,47.15,0.92137,0.22572,0.00012856
-22.74,47.15,0.77481,0.40756,8.282e-06
-9.16,47.15,0.13158,0.81661,2.5845e-05
1.3,47.15,1,0,0
6.53,47.15,0,1,0
11.81,47.15,0.77178,0.33508,1.9127e-05
41.25,47.15,1,0,0
44.82,47.15,1,0,0
48.63,47.15,0.99552,0.010741,1.5474e-08
57.32,47.15,0.99569,0.0097832,3.1897e-07
62.55,47.15,0.99893,0.0028846,1.6727e-11
69.02,47.15,1,0,0
-62.55,49.66,0.97824,0.058836,0.00015971
-57.32,49.66,0.98751,0.043213,4.0032e-06
-52.75,49.66,0.98896,0.041596,4.928e-06
-48.63,49.66,0.98195,0.052696,0.00011442
-44.82,49.66,0.97974,0.060267,0.00017619
-41.25,49.66,0.97805,0.064931,0.00012424
-37.87,49.66,0.97823,0.064944,4.1102e-05
-34.64,49.66,0.97625,0.066469,2.4441e-05
-31.53,49.66,0.97008,0.073683,6.0633e-05
-28.52,49.66,0.96454,0.092179,0.00029653
-25.59,49.66,0.93492,0.16203,0.00056503
-22.74,49.66,0.8402,0.2941,1.2473e-05
-11.81,49.66,0,1,0
-9.16,49.66,0.16815,0.77789,1.7549e-05
-1.3,49.66,0,1,0
6.53,49.66,0,1,0
9.16,49.66,1,0,0
41.25,49.66,1,0,0
48.63,49.66,0.99429,0.015921,3.8667e-08
62.55,49.66,0.99883,0.0031574,4.0144e-11
69.02,49.66,1,0,0
-62.55,52.17,0.97983,0.05402,0.00014935
-57.32,52.17,0.98804,0.039663,3.9281e-06
-52.75,52.17,0.98993,0.036803,3.3397e-06
-48.63,52.17,0.98462,0.044994,6.9605e-05
-44.82,52.17,0.98576,0.047998,5.3698e-05
-41.25,52.17,0.98373,0.052124,5.2047e-05
-37.87,52.17,0.98449,0.051051,1.7479e-05
-34.64,52.17,0.98411,0.051329,1.3053e-05
-31.53,52.17,0.98113,0.056549,3.6652e-05
-28.52,52.17,0.97159,0.0717,0.00025423
-25.59,52.17,1,0,0
-22.74,52.17,0.88383,0.21168,2.2826e-05
-19.94,52.17,0.79759,0.2991,2.4788e-06
-17.19,52.17,1,0,0
-1.3,52.17,0,1,0
3.91,52.17,0,1,0
48.63,52.17,1,0,0
52.75,52.17,1,0,0
62.55,52.17,0.99864,0.0035317,7.9311e-11
69.02,52.17,0.99663,0.004819,0.00049022
-62.55,54.68,0.98114,0.049818,0.00016013
-57.32,54.68,0.98832,0.03673,4.5131e-06
-52.75,54.68,0.99082,0.032588,2.3636e-06
-48.63,54.68,0.98898,0.036419,2.0348e-05
-44.82,54.68,0.9897,0.038569,1.6605e-05
-41.25,54.68,0.9879,0.042043,2.4834e-05
-37.87,54.68,0.9881,0.041013,1.4077e-05
-34.64,54.68,0.98851,0.040745,9.6294e-06
-31.53,54.68,0.98682,0.045216,2.3029e-05
-28.52,54.68,0.97986,0.058204,0.00020074
-25.59,54.68,1,0,0
-22.74,54.68,0.91149,0.1559,2.713e-05
-19.94,54.68,0.85295,0.22495,4.9949e-06
-17.19,54.68,0.78487,0.30943,0.00063409
1.3,54.68,1,0,0
48.63,54.68,1,0,0
62.55,54.68,0.99827,0.0042956,9.7261e-10
69.02,54.68,1,0,0
-62.55,57.19,0.98227,0.045841,0.00016235
-57.32,57.19,0.98827,0.034379,6.2367e-06
-52.75,57.19,0.99154,0.028974,1.8673e-06
-48.63,57.19,0.99189,0.029669,6.4408e-06
-44.82,57.19,0.99212,0.031593,7.4013e-06
-41.25,57.19,0.99036,0.035032,2.6303e-05
-37.87,57.19,0.9904,0.033763,1.8696e-05
-34.64,57.19,0.99101,0.03358,8.5592e-06
-31.53,57.19,0.98981,0.038136,1.402e-05
-28.52,57.19,0.98428,0.050023,0.0001481
-25.59,57.19,0.96414,0.081371,0.00090835
-22.74,57.19,0.93806,0.12347,2.2551e-05
-19.94,57.19,0.88639,0.17438,7.0516e-06
-17.19,57.19,0.8164,0.24351,5.4604e-05
62.55,57.19,0.9974,0.0061041,8.7664e-08
69.02,57.19,0.99713,0.0038912,1.0917e-05
-69.02,59.7,0.97007,0.068866,0.0062025
-62.55,59.7,0.98328,0.042114,0.00015958
-57.32,59.7,0.98785,0.03264,1.016e-05
-52.75,59.7,0.99218,0.025837,1.6022e-06
-48.63,59.7,0.99378,0.024437,2.6638e-06
-44.82,59.7,0.99357,0.026564,6.2932e-06
-41.25,59.7,0.99156,0.03072,4.7009e-05
-37.87,59.7,0.99172,0.028768,3.1596e-05
-34.64,59.7,0.9924,0.028588,9.3205e-06
-31.53,59.7,0.99144,0.033677,8.5005e-06
-28.52,59.7,0.98679,0.045456,9.6819e-05
-25.59,59.7,0.97394,0.06996,0.00033896
-22.74,59.7,0.95476,0.10457,1.7386e-05
-19.94,59.7,0.91755,0.14673,5.693e-06
-17.19,59.7,0.85016,0.2127,1.6483e-05
52.75,59.7,0.99572,0.019064,1.4371e-08
62.55,59.7,1,0,0
69.02,59.7,1,0,0
-69.02,62.21,0.97191,0.053796,0.00064835
-62.55,62.21,0.98433,0.038128,9.9388e-05
-57.32,62.21,0.98691,0.031544,2.0029e-05
-52.75,62.21,0.99274,0.023107,1.4897e-06
-48.63,62.21,0.995,0.020399,1.6265e-06
-44.82,62.21,0.99445,0.022924,7.8945e-06
-41.25,62.21,0.99185,0.028695,9.955e-05
-37.87,62.21,0.99252,0.025517,5.3897e-05
-34.64,62.21,0.99332,0.025694,1.0654e-05
-31.53,62.21,0.99245,0.029767,5.1481e-06
48.63,62.21,1,0,0
52.75,62.21,1,0,0
69.02,62.21,0.99729,0.0021371,1.9786e-16
-69.02,64.72,0.97435,0.047469,0.00020472
-62.55,64.72,0.9855,0.033694,3.4469e-05
-57.32,64.72,0.98516,0.031178,5.0764e-05
-52.75,64.72,0.99321,0.020748,1.5287e-06
-48.63,64.72,0.99583,0.017256,1.3772e-06
-44.82,64.72,0.99504,0.020085,1.0987e-05
-41.25,64.72,0.9913,0.028896,0.00022503
-37.87,64.72,0.99289,0.024012,8.5999e-05
-34.64,64.72,0.99375,0.023564,1.4393e-05
48.63,64.72,1,1,0
57.32,64.72,1,0,0
62.55,64.72,1,0,0
69.02,64.72,0.9977,0.0022763,6.9554e-17
-69.02,67.23,0.97647,0.04195,7.0362e-05
-62.55,67.23,0.98673,0.02932,1.5438e-05
-57.32,67.23,0.98201,0.031901,0.00016551
-52.75,67.23,0.99362,0.018706,1.7546e-06
-48.63,67.23,0.99641,0.014773,1.4379e-06
-44.82,67.23,0.99557,0.017459,1.4547e-05
-41.25,67.23,0.98942,0.031567,0.0005784
-37.87,67.23,0.99264,0.024157,0.00013679
48.63,67.23,1,0,0
52.75,67.23,1,0,0
62.55,67.23,1,0,0
69.02,67.23,1,0,0
-69.02,69.74,0.97828,0.037224,3.088e-05
-62.55,69.74,0.98795,0.025241,9.5946e-06
-57.32,69.74,1,0,0
-52.75,69.74,0.99396,0.017009,2.4034e-06
-48.63,69.74,0.99683,0.012774,1.6977e-06
-44.82,69.74,0.99615,0.014671,1.647e-05
-41.25,69.74,1,0,0
44.82,69.74,0,1,0
57.32,69.74,1,0,0
62.55,69.74,1,0,0
69.02,69.74,1,0,0
-69.02,72.25,0.97988,0.033712,2.0074e-05
-62.55,72.25,0.98907,0.021587,8.8654e-06
-57.32,72.25,0.98685,0.02354,0.00014772
-52.75,72.25,0.99411,0.015785,4.4602e-06
-48.63,72.25,0.99716,0.011129,2.1189e-06
-44.82,72.25,0.99682,0.011831,1.4637e-05
-41.25,72.25,0.99273,0.020954,0.00053102
-37.87,72.25,1,0,0
44.82,72.25,1,0,0
57.32,72.25,1,0,0
62.55,72.25,0.997,0.0043303,9.3685e-07
69.02,72.25,1,0,0
-69.02,74.76,0.98131,0.03111,1.8571e-05
-62.55,74.76,0.98994,0.018449,1.1398e-05
-57.32,74.76,0.99092,0.018187,7.3299e-05
-52.75,74.76,0.99389,0.015225,1.3246e-05
-48.63,74.76,0.99737,0.0098145,2.9648e-06
-44.82,74.76,0.99741,0.0092402,1.2403e-05
-41.25,74.76,0.99566,0.01267,0.00025007
-37.87,74.76,1,0,0
-34.64,74.76,0.9952,0.01822,0.00018954
48.63,74.76,1,0,0
57.32,74.76,0.99582,0.010747,1.9165e-08
62.55,74.76,0.99789,0.0047214,4.6148e-05
69.02,74.76,1,0,0
-69.02,77.27,0.98256,0.028503,1.5241e-05
-62.55,77.27,0.99048,0.015865,1.6657e-05
-57.32,77.27,0.99149,0.016292,8.5773e-05
-52.75,77.27,0.99308,0.015484,6.1074e-05
-48.63,77.27,0.99749,0.008763,4.9847e-06
-44.82,77.27,0.99784,0.0072263,1.2151e-05
-41.25,77.27,0.997,0.0084964,0.00013318
-37.87,77.27,0.99437,0.012572,0.00036078
-34.64,77.27,0.99577,0.012112,4.2414e-05
44.82,77.27,1,0,0
48.63,77.27,1,0,0
52.75,77.27,1,0,0
57.32,77.27,0.99585,0.011949,1.0997e-10
62.55,77.27,0.99724,0.0057311,1.6863e-05
69.02,77.27,1,0,0
-69.02,79.78,0.98363,0.026531,1.9141e-05
-62.55,79.78,0.99107,0.013838,2.0403e-05
-57.32,79.78,0.98926,0.017273,0.00016896
-52.75,79.78,0.99043,0.017363,0.00044868
-48.63,79.78,0.9975,0.007917,1.0784e-05
-44.82,79.78,0.99812,0.005831,1.4053e-05
-41.25,79.78,0.99765,0.0062378,8.2057e-05
-37.87,79.78,0.99617,0.0085165,0.00020078
-34.64,79.78,0.99625,0.010328,3.4802e-05
48.63,79.78,1,0,0
57.32,79.78,1,0,0
62.55,79.78,1,0,0
69.02,79.78,1,0,0
-69.02,82.29,0.98455,0.024455,1.8346e-05
-62.55,82.29,0.992,0.012172,2.0339e-05
-57.32,82.29,1,0,0
-52.75,82.29,1,0,0
-48.63,82.29,0.9974,0.0072536,2.9172e-05
-44.82,82.29,0.99824,0.0049731,2.05e-05
-41.25,82.29,0.99795,0.0050638,5.597e-05
-37.87,82.29,0.99714,0.0067406,9.6411e-05
-34.64,82.29,0.9965,0.0095911,2.6392e-05
57.32,82.29,0.99616,0.01345,2.3752e-13
62.55,82.29,0.99745,0.0084621,8.5101e-05
69.02,82.29,0.9974,0.0055287,1.1737e-07
-69.02,84.8,0.9853,0.023029,3.2824e-05
-62.55,84.8,0.99272,0.010756,2.1363e-05
-57.32,84.8,0.99043,0.013628,0.00036956
-52.75,84.8,0.99035,0.014466,0.0017395
-48.63,84.8,0.99716,0.0067505,9.6797e-05
-44.82,84.8,0.99825,0.0044536,3.1268e-05
-41.25,84.8,0.99844,0.0041188,2.0785e-05
-37.87,84.8,0.99781,0.0058284,4.1391e-05
-34.64,84.8,0.99636,0.0097677,3.4034e-05
-31.53,84.8,1,0,0
52.75,84.8,1,0,0
57.32,84.8,0.99724,0.011458,1.7343e-13
62.55,84.8,0.99805,0.0079028,8.6438e-06
69.02,84.8,1,0,0
-69.02,87.31,0.98591,0.021389,3.2734e-05
-62.55,87.31,0.99331,0.0096521,2.2498e-05
-57.32,87.31,0.99448,0.0092651,0.00018346
-52.75,87.31,0.99319,0.010641,0.0015133
-48.63,87.31,0.99688,0.0063063,0.00029602
-44.82,87.31,0.99851,0.003806,2.5231e-05
-41.25,87.31,0.99873,0.0035059,8.437e-06
-37.87,87.31,0.99811,0.005291,2.285e-05
-34.64,87.31,0.99539,0.011735,0.00015725
-31.53,87.31,1,0,0
44.82,87.31,1,0,0
57.32,87.31,0.99735,0.012716,3.3943e-11
62.55,87.31,0.99771,0.009911,1.1577e-06
69.02,87.31,1,0,0
-69.02,89.82,0.98636,0.020352,6.268e-05
-62.55,89.82,0.99361,0.008919,2.5508e-05
-57.32,89.82,0.99647,0.0069352,0.00013416
-52.75,89.82,0.99439,0.0090162,0.0015528
-48.63,89.82,0.99706,0.0056279,0.00048525
-44.82,89.82,0.99868,0.00337,2.314e-05
-41.25,89.82,0.99891,0.0030895,3.969e-06
-37.87,89.82,0.99831,0.0048815,1.339e-05
-34.64,89.82,1,0,0
57.32,89.82,0.99639,0.017517,1.1146e-08
62.55,89.82,1,0,0
69.02,89.82,1,0,0
-69.02,92.33,0.98671,0.019324,9.4948e-05
-62.55,92.33,0.9934,0.0086176,3.4377e-05
-57.32,92.33,0.99747,0.0057244,0.00012564
-52.75,92.33,0.99366,0.0094485,0.0020147
-48.63,92.33,0.99693,0.0053031,0.00087995
-44.82,92.33,0.99872,0.0031629,3.6722e-05
-41.25,92.33,0.99899,0.0028393,3.1508e-06
-37.87,92.33,0.99843,0.0044822,9.4827e-06
-34.64,92.33,0.99586,0.0099332,0.00013387
52.75,92.33,1,0,0
57.32,92.33,1,0,0
62.55,92.33,1,0,0
69.02,92.33,1,0,0
-69.02,94.84,0.98697,0.018798,0.00025682
-62.55,94.84,0.99255,0.008902,5.8466e-05
-57.32,94.84,0.9979,0.0052895,0.00014759
-52.75,94.84,1,0,0
-48.63,94.84,0.99642,0.0052774,0.0016594
-44.82,94.84,0.99858,0.0031851,0.00011506
-41.25,94.84,0.99894,0.0027457,5.983e-06
-37.87,94.84,0.99844,0.0041696,1.0787e-05
-34.64,94.84,0.9966,0.0083426,6.2621e-05
44.82,94.84,1,0,0
52.75,94.84,0.98307,0.042836,1.5695e-14
57.32,94.84,1,0,0
62.55,94.84,1,0,0
69.02,94.84,0.99766,0.0068305,3.6174e-14
-69.02,97.35,0.98676,0.021779,0.0047805
-62.55,97.35,0.99041,0.010062,0.0001541
-57.32,97.35,0.99781,0.0056289,0.00022966
-52.75,97.35,0.99504,0.007606,0.0020076
-48.63,97.35,0.99732,0.0045929,0.001322
-44.82,97.35,0.99852,0.0032056,0.00022313
-41.25,97.35,0.99894,0.0026892,9.2512e-06
-37.87,97.35,0.99841,0.004034,1.1407e-05
-34.64,97.35,0.99619,0.011746,0.0017791
-31.53,97.35,1,0,0
52.75,97.35,1,0,0
57.32,97.35,1,0,0
62.55,97.35,1,0,0
69.02,97.35,1,0,0
-62.55,99.86,1,0,0
-57.32,99.86,0.99704,0.0071381,0.00045695
-52.75,99.86,0.99563,0.0072124,0.0017289
-48.63,99.86,0.99786,0.0042068,0.00096807
-44.82,99.86,0.99837,0.0033715,0.00040337
-41.25,99.86,0.99885,0.0027517,1.4162e-05
-37.87,99.86,0.99827,0.003995,1.2113e-05
-34.64,99.86,1,0,0
57.32,99.86,1,0,0
62.55,99.86,1,0,0
69.02,99.86,1,0,0
-62.55,102.37,0.99061,0.0094078,0.00028791
-57.32,102.37,1,0,0
-52.75,102.37,1,0,0
-48.63,102.37,0.99813,0.0040596,0.00065171
-44.82,102.37,0.99837,0.0035251,0.00036269
-41.25,102.37,0.99867,0.0029426,2.0505e-05
-37.87,102.37,0.99808,0.0039919,1.171e-05
44.82,102.37,1,0,0
52.75,102.37,1,0,0
57.32,102.37,1,0,0
62.55,102.37,1,0,0
69.02,102.37,0.99785,0.0093371,5.6665e-17
-62.55,104.88,1,0,0
-57.32,104.88,0.99751,0.0074018,0.00049918
-52.75,104.88,0.99614,0.0068627,0.0010868
-48.63,104.88,0.99822,0.0040742,0.00040244
-44.82,104.88,0.99824,0.0039309,0.00025603
-41.25,104.88,0.99832,0.0032795,2.8779e-05
-37.87,104.88,0.99785,0.0040606,1.0587e-05
52.75,104.88,1,1,0
57.32,104.88,1,0,0
62.55,104.88,1,0,0
69.02,104.88,0.99784,0.01052,1.991e-17
-62.55,107.39,1,0,0
-57.32,107.39,0.99758,0.0071533,0.00051249
-52.75,107.39,0.99758,0.0052142,0.00052728
-48.63,107.39,0.99819,0.0042063,0.00023596
-44.82,107.39,0.99772,0.0048411,0.00022233
-41.25,107.39,0.99771,0.0038057,4.1731e-05
-37.87,107.39,0.99755,0.0042781,1.0297e-05
52.75,107.39,0,1,0
57.32,107.39,1,0,0
62.55,107.39,1,1,0
69.02,107.39,1,0,0
-62.55,109.9,0.99167,0.010569,0.00065163
-57.32,109.9,1,0,0
-52.75,109.9,0.99809,0.0045935,0.00032476
-48.63,109.9,0.99808,0.0044306,0.00014976
-44.82,109.9,0.99644,0.0066644,0.00031987
-41.25,109.9,0.99697,0.0046995,4.5077e-05
-37.87,109.9,0.9971,0.004648,1.2081e-05
57.32,109.9,0.96955,0.17529,3.1392e-18
62.55,109.9,1,0,0
69.02,109.9,1,0,0
-62.55,112.41,1,0,0
-57.32,112.41,1,0,0
-52.75,112.41,0.99766,0.0040873,2.8197e-05
-48.63,112.41,0.99755,0.0044615,2.1842e-05
-44.82,112.41,1,0,0
-41.25,112.41,0.99533,0.0064647,0.0001236
-37.87,112.41,0.99636,0.0049954,1.7469e-05
-34.64,112.41,0.99594,0.0084679,0.00034597
-31.53,112.41,1,0,0
34.64,112.41,1,0,0
52.75,112.41,0.65593,0.36801,2.9825e-22
57.32,112.41,0.96469,0.21218,2.0881e-18
62.55,112.41,1,1,0
69.02,112.41,1,0,0
-57.32,114.92,0.99543,0.0090011,0.0009735
-52.75,114.92,0.99679,0.0043669,9.5254e-06
-48.63,114.92,0.99742,0.004826,3.862e-05
-44.82,114.92,1,0,0
-41.25,114.92,1,0,0
-37.87,114.92,0.99609,0.0059438,2.289e-05
31.53,114.92,1,0,0
52.75,114.92,0.63706,0.34723,1.5e-21
57.32,114.92,0.95401,0.24998,3.1245e-16
62.55,114.92,1,0,0
69.02,114.92,1,0,0
-41.25,117.43,1,0,0
25.59,117.43,0.98983,0.020644,2.9232e-07
31.53,117.43,0.97713,0.028293,9.0186e-10
52.75,117.43,0.62313,0.34407,1.9599e-21
57.32,117.43,0.93255,0.27051,3.6914e-14
69.02,117.43,1,0,0
25.59,119.94,0.98971,0.019689,5.8332e-07
28.52,119.94,0.98769,0.020241,4.4747e-07
31.53,119.94,1,0,0
52.75,119.94,0.61182,0.32359,2.2774e-21
57.32,119.94,0.89588,0.27941,3.6129e-12
69.02,119.94,1,0,0
28.52,122.45,0.98789,0.018926,1.2326e-06
31.53,122.45,1,0,0
48.63,122.45,0,1,0
52.75,122.45,0.62625,0.30229,5.2289e-22
57.32,122.45,1,0,0
62.55,122.45,1,0,0
69.02,122.45,1,0,0
52.75,124.96,0.67439,0.29191,5.8067e-24
62.55,124.96,1,0,0
69.02,124.96,0.99587,0.022886,2.948e-13
37.87,127.47,1,0,0
52.75,127.47,0.74256,0.22247,7.8951e-24
57.32,127.47,0,1,0
62.55,127.47,1,1,0
69.02,127.47,1,0,0
31.53,129.98,1,0,0
48.63,129.98,0,1,0
52.75,129.98,0.82459,0.19747,1.3986e-19
57.32,129.98,1,0,0
69.02,129.98,0.99654,0.024036,1.7388e-07
25.59,132.49,1,0,0
28.52,132.49,1,0,0
48.63,132.49,1,0,0
52.75,132.49,0.88971,0.13362,3.8426e-19
57.32,132.49,0.93927,0.11605,4.4389e-12
62.55,132.49,1,0,0
69.02,132.49,0.99795,0.017122,3.4597e-08
31.53,135,0.98205,0.027775,2.1342e-10
37.87,135,0.74248,0.16253,4.3574e-17
41.25,135,0.8706,0.093244,2.4995e-23
44.82,135,1,0,0
48.63,135,0.88609,0.14153,1.6445e-21
52.75,135,1,0,0
57.32,135,1,0,0
62.55,135,1,0,0
69.02,135,0.99836,0.013332,9.2246e-09
25.59,137.51,0.98953,0.017412,1.6476e-07
28.52,137.51,0.98917,0.014311,7.6695e-12
31.53,137.51,0.98534,0.019473,2.5243e-13
34.64,137.51,0.94864,0.055155,1.591e-11
37.87,137.51,0,1,0
41.25,137.51,0.92368,0.083468,3.961e-24
44.82,137.51,0.94539,0.07633,1.0615e-17
48.63,137.51,0.95173,0.072428,2.8952e-29
52.75,137.51,1,0,0
57.32,137.51,1,0,0
69.02,137.51,0.99856,0.011228,3.1068e-09
22.74,140.02,1,0,0
25.59,140.02,0.99051,0.015127,4.6741e-10
28.52,140.02,0.99146,0.015299,3.1695e-11
31.53,140.02,0.98403,0.014305,5.1584e-15
34.64,140.02,1,0,0
37.87,140.02,0.8097,0.16101,1.7764e-20
41.25,140.02,0.94489,0.060639,1.5251e-26
44.82,140.02,0.9672,0.047855,2.1809e-23
48.63,140.02,0.97585,0.040767,3.4387e-33
52.75,140.02,1,0,0
57.32,140.02,1,0,0
62.55,140.02,0.99732,0.027786,9.8826e-17
69.02,140.02,0.99862,0.010234,2.2007e-09
19.94,142.53,0.98816,0.018453,4.2388e-08
22.74,142.53,0.98186,0.027816,0.000136
25.59,142.53,0.99213,0.016824,1.1486e-06
31.53,142.53,0.99055,0.015489,3.4197e-14
34.64,142.53,0.96604,0.041252,2.9502e-10
37.87,142.53,0.90774,0.086917,9.6578e-18
41.25,142.53,0.96017,0.033774,9.2726e-31
44.82,142.53,0.97487,0.034282,1.2624e-25
48.63,142.53,0.98441,0.027451,2.6457e-36
52.75,142.53,1,0,0
57.32,142.53,1,0,0
69.02,142.53,0.99843,0.010082,3.7483e-09
17.19,145.04,0.99332,0.014331,3.6734e-07
19.94,145.04,0.99032,0.019398,1.1392e-05
34.64,145.04,0.98204,0.029346,1.7975e-12
37.87,145.04,1,0,0
41.25,145.04,0.97374,0.028321,5.1277e-33
44.82,145.04,1,0,0
48.63,145.04,1,0,0
52.75,145.04,1,0,0
57.32,145.04,1,0,0
62.55,145.04,1,0,0
69.02,145.04,0.99804,0.010874,1.0078e-08
14.48,147.55,0.99481,0.0093355,3.1934e-09
34.64,147.55,0.98804,0.027324,1.0316e-11
37.87,147.55,1,0,0
41.25,147.55,0.98212,0.013577,5.5084e-41
44.82,147.55,1,0,0
48.63,147.55,1,0,0
52.75,147.55,1,0,0
57.32,147.55,0.99634,0.011781,4.8e-23
62.55,147.55,0.99626,0.017501,2.0639e-13
69.02,147.55,0.99719,0.012837,4.1804e-08
34.64,150.06,0.99158,0.020829,2.974e-13
37.87,150.06,0.98646,0.021689,3.024e-18
41.25,150.06,0.98962,0.010976,3.9473e-39
44.82,150.06,0.99433,0.0099534,5.524e-36
48.63,150.06,1,0,0
52.75,150.06,1,0,0
57.32,150.06,0.99763,0.0082839,1.1813e-26
62.55,150.06,1,0,0
69.02,150.06,0.99527,0.01665,2.8676e-07
37.87,152.57,0.98883,0.024282,1.1664e-16
41.25,152.57,0.99313,0.014191,2.0717e-21
44.82,152.57,0.99628,0.008603,7.8077e-35
48.63,152.57,0.99652,0.0070795,6.5331e-38
52.75,152.57,1,0,0
57.32,152.57,0.99778,0.0070302,3.914e-29
62.55,152.57,0.99749,0.0097474,5.1169e-25
69.02,152.57,1,0,0
37.87,155.08,1,0,0
41.25,155.08,1,0,0
44.82,155.08,1,0,0
48.63,155.08,1,0,0
52.75,155.08,1,0,0
57.32,155.08,1,0,0
62.55,155.08,1,0,0
69.02,155.08,0.99533,0.014646,2.7227e-08
41.25,157.59,1,0,0
44.82,157.59,1,0,0
48.63,157.59,1,0,0
52.75,157.59,1,0,0
57.32,157.59,1,0,0
62.55,157.59,0.99755,0.0092191,8.0626e-25
69.02,157.59,0.99726,0.0098212,1.5446e-10
41.25,160.1,1,0,0
44.82,160.1,1,0,0
48.63,160.1,0.99407,0.0047347,8.1393e-43
52.75,160.1,0.99795,0.0048284,1.5098e-42
57.32,160.1,1,0,0
62.55,160.1,1,0,0
69.02,160.1,0.99819,0.0072234,8.8464e-13
41.25,162.61,1,0,0
44.82,162.61,1,0,0
48.63,162.61,0.99875,0.0024816,2.0041e-43
52.75,162.61,0.99822,0.0045241,3.7276e-43
57.32,162.61,1,0,0
62.55,162.61,0.99807,0.0048559,1.5885e-29
69.02,162.61,0.99866,0.0057422,7.7279e-15
44.82,165.12,1,0,0
48.63,165.12,0.99907,0.0023613,1.7329e-41
52.75,165.12,1,0,0
57.32,165.12,1,0,0
62.55,165.12,0.99856,0.0033164,7.6866e-33
69.02,165.12,0.99887,0.0045294,1.3681e-16
44.82,167.63,0.99785,0.0069906,2.1572e-12
48.63,167.63,0.99883,0.0036306,5.7905e-31
52.75,167.63,1,0,0
57.32,167.63,1,0,0
62.55,167.63,0.9988,0.0027149,2.7605e-33
48.63,170.14,0.99845,0.004082,3.5679e-24
52.75,170.14,1,0,0
57.32,170.14,1,0,0
62.55,170.14,0.99866,0.0030766,1.8235e-29
48.63,172.65,0.9975,0.0054261,4.0231e-18
52.75,172.65,1,0,0
57.32,172.65,1,0,0
62.55,172.65,0.99818,0.0033193,1.381e-28
48.63,175.16,1,0,0
52.75,175.16,1,0,0
57.32,175.16,0.99882,0.0052052,1.0236e-36
62.55,175.16,0.99693,0.0044415,4.878e-25
48.63,177.67,1,0,0
52.75,177.67,1,0,0
57.32,177.67,1,0,0
62.55,177.67,1,0,0
