52.75,-178.75,-999,0.90339,0.56724,1.3134
57.32,-178.75,-999,0.91961,0.5779,1.3342
62.55,-178.75,-999,0.83162,0.50154,1.2293
57.32,-173.73,-999,0.90945,0.66518,1.1955
48.63,-171.22,-999,0.92911,0.71894,1.1696
57.32,-171.22,-999,0.88963,0.66836,1.1479
69.02,-113.49,-999,0.72268,0.5241,0.94662
62.55,-98.43,-999,0.61182,0.45378,0.7855
22.74,-78.35,-999,0.57567,0.42224,0.75599
48.63,-73.33,-999,1.0128,0.77819,1.2747
52.75,-70.82,-999,1.0483,0.88173,1.229
52.75,-68.31,-999,0.97511,0.74174,1.2323
52.75,-65.8,-999,1.1734,0.9935,1.3653
41.25,-58.27,-999,1.016,0.86354,1.1773
48.63,-53.25,-999,1.0525,0.87279,1.2478
25.59,-48.23,-999,0.5153,0.40214,0.6385
28.52,-45.72,-999,0.66091,0.56538,0.76603
52.75,-45.72,-999,0.88253,0.65576,1.1358
14.48,-43.21,-999,0.79419,0.58072,1.0241
17.19,-43.21,-999,0.694,0.50168,0.90369
19.94,-43.21,-999,0.59997,0.47506,0.73967
22.74,-43.21,-999,0.51733,0.40425,0.64254
31.53,-43.21,-999,0.59742,0.42052,0.78992
34.64,-43.21,-999,0.61217,0.43382,0.8124
48.63,-43.21,-999,0.82748,0.61481,1.0701
52.75,-43.21,-999,0.85778,0.63644,1.102
9.16,-40.7,-999,1.0792,0.82277,1.3579
11.81,-40.7,-999,1.0622,0.92534,1.2111
14.48,-40.7,-999,0.82513,0.61041,1.0588
17.19,-40.7,-999,0.71008,0.51789,0.91786
19.94,-40.7,-999,0.61043,0.46963,0.7694
22.74,-40.7,-999,0.52637,0.39598,0.67604
31.53,-40.7,-999,0.50671,0.40275,0.6258
41.25,-40.7,-999,0.70263,0.51897,0.91298
44.82,-40.7,-999,0.75794,0.56139,0.98083
48.63,-40.7,-999,0.83821,0.62876,1.0782
52.75,-40.7,-999,0.85243,0.63817,1.0925
3.91,-38.19,-999,1.4488,1.1342,1.7828
6.53,-38.19,-999,1.2781,0.99251,1.5802
9.16,-38.19,-999,1.1194,0.85643,1.3998
11.81,-38.19,-999,0.95775,0.72644,1.2048
14.48,-38.19,-999,0.82739,0.61529,1.0512
17.19,-38.19,-999,0.66728,0.48567,0.86414
19.94,-38.19,-999,0.54225,0.42722,0.66858
22.74,-38.19,-999,0.48575,0.37535,0.60717
28.52,-38.19,-999,0.43071,0.33344,0.53438
31.53,-38.19,-999,0.46993,0.37083,0.58134
37.87,-38.19,-999,0.63091,0.45986,0.8234
41.25,-38.19,-999,0.68635,0.50542,0.89083
44.82,-38.19,-999,0.7527,0.55916,0.97145
48.63,-38.19,-999,0.80765,0.60248,1.0382
52.75,-38.19,-999,0.82918,0.61899,1.0606
57.32,-38.19,-999,0.76395,0.5593,0.99108
-1.3,-35.68,-999,1.6911,1.398,2.0209
1.3,-35.68,-999,1.8272,1.6229,2.0488
3.91,-35.68,-999,1.3815,1.155,1.6168
6.53,-35.68,-999,1.2657,0.98531,1.5627
9.16,-35.68,-999,1.0747,0.81858,1.348
11.81,-35.68,-999,0.96323,0.72884,1.2216
14.48,-35.68,-999,0.82221,0.61303,1.0587
17.19,-35.68,-999,0.65812,0.47973,0.85096
19.94,-35.68,-999,0.56003,0.39708,0.7369
25.59,-35.68,-999,0.42295,0.32673,0.52647
34.64,-35.68,-999,0.57636,0.4129,0.76091
37.87,-35.68,-999,0.6034,0.43881,0.78869
41.25,-35.68,-999,0.6671,0.48765,0.86679
44.82,-35.68,-999,0.73309,0.54154,0.94764
48.63,-35.68,-999,0.78753,0.58469,1.0134
52.75,-35.68,-999,0.77169,0.57413,0.99109
57.32,-35.68,-999,0.73689,0.53703,0.96225
-57.32,-33.17,-999,1.2029,0.87697,1.5546
-52.75,-33.17,-999,1.0788,0.78913,1.4042
-48.63,-33.17,-999,0.94121,0.69694,1.2116
-11.81,-33.17,-999,1.4265,1.1629,1.7244
-3.91,-33.17,-999,1.7542,1.3855,2.1407
-1.3,-33.17,-999,1.5833,1.3074,1.8797
11.81,-33.17,-999,0.8498,0.68795,1.0323
14.48,-33.17,-999,0.83626,0.6203,1.0787
17.19,-33.17,-999,0.65097,0.47175,0.84426
19.94,-33.17,-999,0.54641,0.38814,0.72105
25.59,-33.17,-999,0.41777,0.32342,0.52251
34.64,-33.17,-999,0.48719,0.38557,0.59469
37.87,-33.17,-999,0.60877,0.44124,0.79383
41.25,-33.17,-999,0.65964,0.48159,0.85518
44.82,-33.17,-999,0.7174,0.52501,0.9318
48.63,-33.17,-999,0.7726,0.57152,0.99258
52.75,-33.17,-999,0.75371,0.55736,0.97206
57.32,-33.17,-999,0.7289,0.53313,0.95305
62.55,-33.17,-999,0.73366,0.58238,0.90219
-62.55,-30.66,-999,1.1389,0.84517,1.4685
-57.32,-30.66,-999,1.2058,0.88886,1.552
-52.75,-30.66,-999,1.1135,0.81833,1.4347
-48.63,-30.66,-999,0.93198,0.69269,1.1971
-17.19,-30.66,-999,1.2217,0.99202,1.4694
-14.48,-30.66,-999,1.2472,1.0111,1.5062
-6.53,-30.66,-999,1.736,1.3781,2.1181
-3.91,-30.66,-999,1.8156,1.4532,2.2022
-1.3,-30.66,-999,1.6931,1.3538,2.0525
1.3,-30.66,-999,1.6237,1.2922,1.9703
3.91,-30.66,-999,1.6536,1.482,1.8368
6.53,-30.66,-999,1.2761,1.0558,1.5065
14.48,-30.66,-999,0.8523,0.63625,1.0959
17.19,-30.66,-999,0.71653,0.52209,0.93375
19.94,-30.66,-999,0.5415,0.38427,0.71407
22.74,-30.66,-999,0.47422,0.33175,0.63562
25.59,-30.66,-999,0.43859,0.3032,0.58934
28.52,-30.66,-999,0.40848,0.28068,0.5519
31.53,-30.66,-999,0.439,0.30469,0.58982
34.64,-30.66,-999,0.5105,0.36313,0.67436
37.87,-30.66,-999,0.57406,0.41297,0.75066
41.25,-30.66,-999,0.63847,0.46122,0.83164
44.82,-30.66,-999,0.70303,0.51232,0.91312
48.63,-30.66,-999,0.76125,0.56046,0.98074
52.75,-30.66,-999,0.74029,0.54565,0.95553
57.32,-30.66,-999,0.71102,0.51794,0.93239
-62.55,-28.15,-999,1.1301,0.84164,1.4498
-57.32,-28.15,-999,1.1439,0.8464,1.474
-52.75,-28.15,-999,1.1001,0.81395,1.4135
-17.19,-28.15,-999,1.273,0.98199,1.5849
-14.48,-28.15,-999,1.3685,1.0746,1.6717
-11.81,-28.15,-999,1.4607,1.2198,1.7209
-9.16,-28.15,-999,1.6364,1.2982,1.9959
-6.53,-28.15,-999,1.7693,1.4172,2.1362
-3.91,-28.15,-999,1.7875,1.4377,2.1546
-1.3,-28.15,-999,1.72,1.383,2.0736
1.3,-28.15,-999,1.6644,1.3378,2.0116
3.91,-28.15,-999,1.691,1.5031,1.8829
6.53,-28.15,-999,1.4072,1.1111,1.7229
9.16,-28.15,-999,1.1638,0.96998,1.3681
11.81,-28.15,-999,0.9538,0.78489,1.1333
14.48,-28.15,-999,0.80445,0.65361,0.96416
17.19,-28.15,-999,0.6878,0.4978,0.89257
19.94,-28.15,-999,0.52172,0.36597,0.69199
22.74,-28.15,-999,0.44037,0.30452,0.59271
25.59,-28.15,-999,0.40963,0.28071,0.55545
28.52,-28.15,-999,0.39081,0.26737,0.53192
31.53,-28.15,-999,0.41555,0.28581,0.56175
34.64,-28.15,-999,0.48165,0.33887,0.64154
37.87,-28.15,-999,0.55079,0.39178,0.72402
41.25,-28.15,-999,0.63719,0.45917,0.83519
44.82,-28.15,-999,0.69159,0.49986,0.90033
48.63,-28.15,-999,0.71345,0.52036,0.92156
52.75,-28.15,-999,0.73227,0.53789,0.94599
-62.55,-25.64,-999,1.1208,0.83752,1.4358
-52.75,-25.64,-999,1.0858,0.80842,1.3915
-17.19,-25.64,-999,1.2609,1.0576,1.4722
-14.48,-25.64,-999,1.3941,1.1011,1.7044
-11.81,-25.64,-999,1.5298,1.2177,1.8635
-9.16,-25.64,-999,1.6436,1.3179,1.9888
-6.53,-25.64,-999,1.7395,1.4004,2.0903
-3.91,-25.64,-999,1.8026,1.4562,2.1642
-1.3,-25.64,-999,1.7382,1.3999,2.0897
1.3,-25.64,-999,1.6231,1.3628,1.884
3.91,-25.64,-999,1.581,1.2576,1.9197
6.53,-25.64,-999,1.4253,1.1223,1.7463
9.16,-25.64,-999,1.252,0.97355,1.5504
11.81,-25.64,-999,0.96794,0.79046,1.1552
14.48,-25.64,-999,0.76086,0.6114,0.92538
17.19,-25.64,-999,0.65424,0.47109,0.85808
19.94,-25.64,-999,0.53193,0.37253,0.70932
22.74,-25.64,-999,0.41541,0.28294,0.56373
25.59,-25.64,-999,0.3655,0.24652,0.50191
28.52,-25.64,-999,0.36386,0.24541,0.4989
31.53,-25.64,-999,0.38857,0.26358,0.52935
34.64,-25.64,-999,0.44945,0.31025,0.6045
37.87,-25.64,-999,0.5288,0.37142,0.7027
41.25,-25.64,-999,0.61662,0.43883,0.81295
44.82,-25.64,-999,0.68274,0.48811,0.89405
48.63,-25.64,-999,0.70566,0.51193,0.91243
52.75,-25.64,-999,0.72708,0.53273,0.94122
62.55,-25.64,-999,0.72733,0.58369,0.8879
-62.55,-23.13,-999,1.1081,0.82864,1.4181
-57.32,-23.13,-999,1.0951,0.81503,1.4074
-52.75,-23.13,-999,1.0748,0.80646,1.3701
-28.52,-23.13,-999,0.80318,0.66413,0.95048
-19.94,-23.13,-999,1.1809,0.92059,1.4528
-17.19,-23.13,-999,1.3198,1.0376,1.613
-14.48,-23.13,-999,1.4499,1.1528,1.7553
-11.81,-23.13,-999,1.5358,1.2289,1.8589
-9.16,-23.13,-999,1.6377,1.317,1.9737
-6.53,-23.13,-999,1.7268,1.3951,2.0771
-3.91,-23.13,-999,1.7889,1.4478,2.1464
-1.3,-23.13,-999,1.757,1.4127,2.1041
1.3,-23.13,-999,1.7491,1.3952,2.1144
3.91,-23.13,-999,1.6332,1.2966,1.9807
6.53,-23.13,-999,1.4773,1.1604,1.8051
9.16,-23.13,-999,1.2244,0.94308,1.5231
11.81,-23.13,-999,0.99631,0.75024,1.262
14.48,-23.13,-999,0.76345,0.61318,0.9266
17.19,-23.13,-999,0.65172,0.46722,0.85765
19.94,-23.13,-999,0.51299,0.35536,0.69328
22.74,-23.13,-999,0.38591,0.25942,0.52814
25.59,-23.13,-999,0.33545,0.22175,0.46639
28.52,-23.13,-999,0.32803,0.21744,0.45652
31.53,-23.13,-999,0.3604,0.23995,0.49696
34.64,-23.13,-999,0.42159,0.28763,0.57016
37.87,-23.13,-999,0.50819,0.3519,0.68133
41.25,-23.13,-999,0.60279,0.42472,0.79889
44.82,-23.13,-999,0.64218,0.45628,0.84433
48.63,-23.13,-999,0.70132,0.50802,0.90693
52.75,-23.13,-999,0.7247,0.52851,0.9391
-62.55,-20.62,-999,1.0983,0.82616,1.4023
-52.75,-20.62,-999,1.0626,0.80054,1.3485
-48.63,-20.62,-999,0.95109,0.72206,1.2054
-37.87,-20.62,-999,0.72158,0.54768,0.91478
-31.53,-20.62,-999,0.80745,0.61367,1.0087
-28.52,-20.62,-999,0.82919,0.69614,0.96709
-25.59,-20.62,-999,1.0577,0.89913,1.2251
-22.74,-20.62,-999,1.0717,0.83667,1.3248
-19.94,-20.62,-999,1.2026,0.94586,1.4733
-17.19,-20.62,-999,1.3185,1.0442,1.6033
-14.48,-20.62,-999,1.4457,1.1517,1.7502
-11.81,-20.62,-999,1.5331,1.231,1.8518
-9.16,-20.62,-999,1.6322,1.318,1.9629
-6.53,-20.62,-999,1.7196,1.3907,2.0621
-3.91,-20.62,-999,1.784,1.4444,2.1383
-1.3,-20.62,-999,1.7748,1.4245,2.1264
1.3,-20.62,-999,1.7723,1.4203,2.1326
3.91,-20.62,-999,1.6398,1.2895,2.0009
6.53,-20.62,-999,1.4737,1.1447,1.8154
9.16,-20.62,-999,1.2667,0.97304,1.5732
11.81,-20.62,-999,0.95843,0.77083,1.164
14.48,-20.62,-999,0.78927,0.63116,0.96275
17.19,-20.62,-999,0.65428,0.46373,0.8708
19.94,-20.62,-999,0.48519,0.33197,0.66386
22.74,-20.62,-999,0.38586,0.25382,0.54063
25.59,-20.62,-999,0.30296,0.19547,0.42468
28.52,-20.62,-999,0.29761,0.19306,0.41942
31.53,-20.62,-999,0.33158,0.21732,0.46092
34.64,-20.62,-999,0.39539,0.26435,0.54138
37.87,-20.62,-999,0.48652,0.33203,0.65708
41.25,-20.62,-999,0.59411,0.4139,0.79359
44.82,-20.62,-999,0.63715,0.45055,0.84143
48.63,-20.62,-999,0.70223,0.50732,0.91261
52.75,-20.62,-999,0.72906,0.53285,0.94575
62.55,-20.62,-999,0.75004,0.60929,0.90542
-62.55,-18.11,-999,1.0869,0.82063,1.3862
-52.75,-18.11,-999,1.0523,0.7982,1.3319
-48.63,-18.11,-999,0.92859,0.70075,1.187
-44.82,-18.11,-999,0.8717,0.66399,1.0988
-41.25,-18.11,-999,0.7457,0.59809,0.90195
-37.87,-18.11,-999,0.86974,0.72638,1.021
-34.64,-18.11,-999,0.79894,0.60993,1.0014
-31.53,-18.11,-999,0.83677,0.64223,1.0449
-28.52,-18.11,-999,0.89804,0.69321,1.1132
-25.59,-18.11,-999,0.97467,0.75479,1.2062
-22.74,-18.11,-999,1.089,0.85428,1.3389
-19.94,-18.11,-999,1.1928,0.94067,1.4629
-17.19,-18.11,-999,1.3107,1.0408,1.5963
-14.48,-18.11,-999,1.4415,1.1508,1.7463
-11.81,-18.11,-999,1.5674,1.2581,1.889
-9.16,-18.11,-999,1.6315,1.3167,1.9652
-6.53,-18.11,-999,1.7145,1.3823,2.0609
-3.91,-18.11,-999,1.7827,1.4425,2.1344
-1.3,-18.11,-999,1.7932,1.4355,2.1463
1.3,-18.11,-999,1.7122,1.4262,1.9969
3.91,-18.11,-999,1.6927,1.335,2.0647
6.53,-18.11,-999,1.5367,1.1952,1.895
9.16,-18.11,-999,1.2574,1.0274,1.506
11.81,-18.11,-999,1.0113,0.81296,1.2217
14.48,-18.11,-999,0.82217,0.60032,1.0646
17.19,-18.11,-999,0.60999,0.42909,0.81213
19.94,-18.11,-999,0.44676,0.29891,0.61495
22.74,-18.11,-999,0.34058,0.21888,0.48435
25.59,-18.11,-999,0.27314,0.16926,0.39067
28.52,-18.11,-999,0.26634,0.1685,0.38146
31.53,-18.11,-999,0.30292,0.19437,0.4276
34.64,-18.11,-999,0.37056,0.24288,0.51464
37.87,-18.11,-999,0.46715,0.31392,0.63614
41.25,-18.11,-999,0.58244,0.40103,0.78352
44.82,-18.11,-999,0.63605,0.44728,0.84403
48.63,-18.11,-999,0.70824,0.51387,0.92291
52.75,-18.11,-999,0.73742,0.53901,0.9575
-52.75,-15.6,-999,1.0863,0.82862,1.3718
-48.63,-15.6,-999,0.9133,0.6965,1.1556
-44.82,-15.6,-999,0.93286,0.77882,1.1012
-41.25,-15.6,-999,0.81929,0.62381,1.0297
-37.87,-15.6,-999,0.80455,0.6126,1.0104
-34.64,-15.6,-999,0.80693,0.61547,1.0161
-31.53,-15.6,-999,0.84262,0.64733,1.0544
-28.52,-15.6,-999,0.9016,0.69593,1.1231
-25.59,-15.6,-999,0.97753,0.75998,1.2087
-22.74,-15.6,-999,1.083,0.85022,1.3301
-19.94,-15.6,-999,1.1899,0.94117,1.4542
-17.19,-15.6,-999,1.3165,1.0463,1.5963
-14.48,-15.6,-999,1.4323,1.148,1.732
-11.81,-15.6,-999,1.5534,1.2472,1.8665
-9.16,-15.6,-999,1.6267,1.3131,1.9567
-6.53,-15.6,-999,1.7102,1.3761,2.0556
-3.91,-15.6,-999,1.783,1.4376,2.1354
-1.3,-15.6,-999,1.8354,1.4802,2.196
1.3,-15.6,-999,1.7666,1.4044,2.1407
3.91,-15.6,-999,1.7298,1.3619,2.117
6.53,-15.6,-999,1.6016,1.2495,1.9718
9.16,-15.6,-999,1.3907,1.0659,1.7269
11.81,-15.6,-999,1.1173,0.83931,1.4093
14.48,-15.6,-999,0.8317,0.60441,1.078
17.19,-15.6,-999,0.58083,0.40449,0.77797
19.94,-15.6,-999,0.40784,0.26754,0.56554
22.74,-15.6,-999,0.27508,0.16801,0.39818
25.59,-15.6,-999,0.23658,0.14102,0.34757
28.52,-15.6,-999,0.2379,0.14574,0.34697
31.53,-15.6,-999,0.32293,0.24923,0.40594
34.64,-15.6,-999,0.34703,0.22442,0.48895
37.87,-15.6,-999,0.45016,0.29716,0.62186
41.25,-15.6,-999,0.53434,0.3607,0.72837
44.82,-15.6,-999,0.63817,0.4478,0.85175
48.63,-15.6,-999,0.71635,0.51857,0.93745
52.75,-15.6,-999,0.74898,0.54683,0.97616
-57.32,-13.09,-999,1.0789,0.81975,1.3679
-52.75,-13.09,-999,1.056,0.80745,1.3322
-48.63,-13.09,-999,0.93043,0.71052,1.1766
-44.82,-13.09,-999,0.8508,0.64755,1.0757
-41.25,-13.09,-999,0.83154,0.6328,1.0424
-37.87,-13.09,-999,0.82886,0.62946,1.0386
-34.64,-13.09,-999,0.81854,0.62198,1.0299
-31.53,-13.09,-999,0.85173,0.65325,1.0677
-28.52,-13.09,-999,0.90789,0.70108,1.1313
-25.59,-13.09,-999,0.97872,0.76164,1.2114
-22.74,-13.09,-999,1.0807,0.84821,1.3287
-19.94,-13.09,-999,1.2,0.94945,1.4647
-17.19,-13.09,-999,1.3111,1.0437,1.5916
-14.48,-13.09,-999,1.4344,1.1468,1.7315
-11.81,-13.09,-999,1.5433,1.2393,1.8524
-9.16,-13.09,-999,1.6513,1.328,1.9824
-6.53,-13.09,-999,1.7062,1.3717,2.0537
-3.91,-13.09,-999,1.7841,1.4365,2.1375
-1.3,-13.09,-999,1.7739,1.4207,2.1434
1.3,-13.09,-999,1.8016,1.4288,2.1841
3.91,-13.09,-999,1.7939,1.4124,2.199
6.53,-13.09,-999,1.6885,1.3105,2.0902
9.16,-13.09,-999,1.4656,1.1262,1.8171
11.81,-13.09,-999,1.1699,0.8793,1.4779
14.48,-13.09,-999,0.8417,0.60929,1.0924
17.19,-13.09,-999,0.52627,0.35777,0.7191
19.94,-13.09,-999,0.34345,0.21694,0.49012
22.74,-13.09,-999,0.24322,0.14417,0.35961
25.59,-13.09,-999,0.20129,0.11642,0.30241
28.52,-13.09,-999,0.20371,0.12052,0.30389
31.53,-13.09,-999,0.24404,0.14999,0.35645
34.64,-13.09,-999,0.32443,0.20473,0.46431
37.87,-13.09,-999,0.43887,0.28472,0.61327
41.25,-13.09,-999,0.53643,0.35943,0.74007
44.82,-13.09,-999,0.64351,0.44927,0.86175
48.63,-13.09,-999,0.72904,0.52377,0.95771
52.75,-13.09,-999,0.76256,0.55413,0.99515
57.32,-13.09,-999,0.7637,0.55276,0.9993
69.02,-13.09,-999,0.67985,0.55082,0.82239
-57.32,-10.58,-999,1.0945,0.83279,1.3798
-52.75,-10.58,-999,1.0316,0.789,1.3009
-48.63,-10.58,-999,1.046,0.86204,1.2376
-44.82,-10.58,-999,0.86093,0.65723,1.0858
-41.25,-10.58,-999,0.83273,0.63243,1.0475
-37.87,-10.58,-999,0.83421,0.63037,1.0509
-34.64,-10.58,-999,0.82347,0.62077,1.0374
-31.53,-10.58,-999,0.85428,0.65117,1.0724
-28.52,-10.58,-999,0.90826,0.69797,1.1365
-25.59,-10.58,-999,0.97865,0.76169,1.216
-22.74,-10.58,-999,1.0781,0.84436,1.3274
-19.94,-10.58,-999,1.1948,0.94461,1.4589
-17.19,-10.58,-999,1.3073,1.039,1.5899
-14.48,-10.58,-999,1.4273,1.1412,1.7243
-11.81,-10.58,-999,1.5348,1.2319,1.8437
-9.16,-10.58,-999,1.6393,1.3164,1.9709
-6.53,-10.58,-999,1.7347,1.3907,2.0836
-3.91,-10.58,-999,1.7834,1.434,2.138
-1.3,-10.58,-999,1.7865,1.429,2.1601
1.3,-10.58,-999,1.834,1.4557,2.2291
3.91,-10.58,-999,1.8563,1.4571,2.2722
6.53,-10.58,-999,1.7641,1.3621,2.1852
9.16,-10.58,-999,1.5335,1.1742,1.9022
11.81,-10.58,-999,1.1654,0.87066,1.4848
14.48,-10.58,-999,0.7567,0.59082,0.9329
17.19,-10.58,-999,0.50181,0.33897,0.69016
19.94,-10.58,-999,0.30697,0.18939,0.44501
22.74,-10.58,-999,0.21545,0.12355,0.32919
25.59,-10.58,-999,0.17051,0.09413,0.26354
28.52,-10.58,-999,0.1733,0.099527,0.26635
31.53,-10.58,-999,0.21761,0.13025,0.32289
34.64,-10.58,-999,0.30344,0.18778,0.43777
37.87,-10.58,-999,0.42185,0.26971,0.5949
41.25,-10.58,-999,0.53089,0.3535,0.73597
44.82,-10.58,-999,0.66866,0.46438,0.90136
48.63,-10.58,-999,0.74537,0.53573,0.98143
52.75,-10.58,-999,0.78402,0.57077,1.0248
57.32,-10.58,-999,0.75979,0.55421,0.99235
-57.32,-8.07,-999,1.1199,0.85531,1.4137
-52.75,-8.07,-999,1.0268,0.7852,1.297
-48.63,-8.07,-999,1.0019,0.77078,1.26
-44.82,-8.07,-999,0.86976,0.66201,1.0974
-41.25,-8.07,-999,0.83712,0.63152,1.0542
-37.87,-8.07,-999,0.83335,0.62623,1.0566
-34.64,-8.07,-999,0.85115,0.64042,1.0815
-31.53,-8.07,-999,0.85882,0.64954,1.0811
-28.52,-8.07,-999,0.91015,0.69803,1.1397
-25.59,-8.07,-999,0.97724,0.75744,1.218
-22.74,-8.07,-999,1.0754,0.84187,1.3243
-19.94,-8.07,-999,1.1906,0.9387,1.4524
-17.19,-8.07,-999,1.3124,1.0437,1.596
-14.48,-8.07,-999,1.422,1.1342,1.7232
-11.81,-8.07,-999,1.5328,1.2261,1.8466
-9.16,-8.07,-999,1.6288,1.3046,1.9643
-6.53,-8.07,-999,1.7229,1.3787,2.0756
-3.91,-8.07,-999,1.7817,1.4292,2.1411
-1.3,-8.07,-999,1.7964,1.4307,2.1743
1.3,-8.07,-999,1.8602,1.4791,2.2591
3.91,-8.07,-999,1.9062,1.4961,2.3334
6.53,-8.07,-999,1.791,1.3859,2.2259
9.16,-8.07,-999,1.5455,1.1802,1.9347
11.81,-8.07,-999,1.1856,0.89174,1.5017
14.48,-8.07,-999,0.80197,0.58444,1.0479
17.19,-8.07,-999,0.48434,0.32867,0.6642
19.94,-8.07,-999,0.27752,0.1667,0.40637
22.74,-8.07,-999,0.18534,0.10249,0.28742
25.59,-8.07,-999,0.14492,0.076707,0.22967
28.52,-8.07,-999,0.13506,0.089907,0.19047
31.53,-8.07,-999,0.19516,0.11341,0.29363
34.64,-8.07,-999,0.28005,0.17121,0.40901
37.87,-8.07,-999,0.38071,0.24076,0.54552
41.25,-8.07,-999,0.52719,0.35081,0.73447
44.82,-8.07,-999,0.67672,0.46943,0.91255
48.63,-8.07,-999,0.76723,0.5483,1.0129
52.75,-8.07,-999,0.80981,0.58794,1.0549
57.32,-8.07,-999,0.78385,0.57073,1.0216
-57.32,-5.56,-999,1.0716,0.80777,1.3646
-52.75,-5.56,-999,1.0309,0.79028,1.2981
-48.63,-5.56,-999,0.99282,0.76506,1.2442
-44.82,-5.56,-999,0.87653,0.66393,1.1071
-41.25,-5.56,-999,0.84154,0.6338,1.0638
-37.87,-5.56,-999,0.83432,0.62305,1.0621
-34.64,-5.56,-999,0.84863,0.63247,1.0868
-31.53,-5.56,-999,0.85906,0.64254,1.0882
-28.52,-5.56,-999,0.90775,0.69319,1.1435
-25.59,-5.56,-999,0.97432,0.75478,1.2147
-22.74,-5.56,-999,1.0738,0.83691,1.3238
-19.94,-5.56,-999,1.1869,0.93024,1.4565
-17.19,-5.56,-999,1.3084,1.0362,1.5987
-14.48,-5.56,-999,1.4177,1.1279,1.7192
-11.81,-5.56,-999,1.5255,1.2149,1.8433
-9.16,-5.56,-999,1.6247,1.2958,1.9619
-6.53,-5.56,-999,1.7113,1.3654,2.0695
-3.91,-5.56,-999,1.8026,1.4357,2.1774
-1.3,-5.56,-999,1.8011,1.4293,2.1868
1.3,-5.56,-999,1.8527,1.4656,2.2601
3.91,-5.56,-999,1.9052,1.4926,2.34
6.53,-5.56,-999,1.8239,1.4195,2.2567
9.16,-5.56,-999,1.5738,1.2075,1.9575
11.81,-5.56,-999,1.1988,0.90844,1.5092
14.48,-5.56,-999,0.79886,0.58729,1.0377
17.19,-5.56,-999,0.47159,0.321,0.64513
19.94,-5.56,-999,0.26209,0.15774,0.38463
25.59,-5.56,-999,0.11729,0.073803,0.16968
28.52,-5.56,-999,0.13102,0.069742,0.20785
31.53,-5.56,-999,0.17307,0.098772,0.2655
34.64,-5.56,-999,0.26477,0.15833,0.38963
37.87,-5.56,-999,0.3677,0.22936,0.53001
41.25,-5.56,-999,0.52337,0.34666,0.73048
44.82,-5.56,-999,0.68656,0.47828,0.926
48.63,-5.56,-999,0.81592,0.57543,1.0813
52.75,-5.56,-999,0.83809,0.60821,1.0967
57.32,-5.56,-999,0.79279,0.57641,1.0323
62.55,-5.56,-999,0.81581,0.68376,0.96094
-57.32,-3.05,-999,1.045,0.78837,1.3268
-48.63,-3.05,-999,0.98889,0.75982,1.2333
-44.82,-3.05,-999,0.89504,0.68432,1.1239
-41.25,-3.05,-999,0.84851,0.63574,1.0752
-37.87,-3.05,-999,0.83576,0.61866,1.0692
-34.64,-3.05,-999,0.8475,0.62423,1.0931
-31.53,-3.05,-999,0.87873,0.65465,1.1294
-28.52,-3.05,-999,0.90601,0.68724,1.1439
-25.59,-3.05,-999,0.96998,0.74852,1.2126
-22.74,-3.05,-999,1.0687,0.83151,1.3223
-19.94,-3.05,-999,1.1827,0.92398,1.4592
-17.19,-3.05,-999,1.3045,1.0294,1.5935
-14.48,-3.05,-999,1.4212,1.1273,1.728
-11.81,-3.05,-999,1.5193,1.2022,1.8436
-9.16,-3.05,-999,1.614,1.2802,1.9566
-6.53,-3.05,-999,1.6994,1.3522,2.0621
-3.91,-3.05,-999,1.6978,1.3426,2.078
-1.3,-3.05,-999,1.7758,1.4007,2.1741
1.3,-3.05,-999,1.854,1.464,2.2608
3.91,-3.05,-999,1.911,1.5029,2.3399
6.53,-3.05,-999,1.8369,1.4364,2.2571
9.16,-3.05,-999,1.5852,1.2341,1.9544
11.81,-3.05,-999,1.1997,0.91819,1.503
14.48,-3.05,-999,0.74608,0.59777,0.9049
17.19,-3.05,-999,0.45959,0.31362,0.62636
19.94,-3.05,-999,0.24815,0.14835,0.36675
28.52,-3.05,-999,0.13943,0.098883,0.18664
31.53,-3.05,-999,0.16194,0.089726,0.25117
34.64,-3.05,-999,0.24513,0.14489,0.36339
37.87,-3.05,-999,0.35376,0.2207,0.50961
41.25,-3.05,-999,0.51823,0.34605,0.72127
44.82,-3.05,-999,0.69748,0.48637,0.94124
48.63,-3.05,-999,0.83253,0.58843,1.1079
52.75,-3.05,-999,0.86572,0.62593,1.1334
57.32,-3.05,-999,0.80977,0.5899,1.0542
62.55,-3.05,-999,0.69889,0.49939,0.91866
-52.75,-0.54,-999,1.01,0.78216,1.2636
-48.63,-0.54,-999,0.923,0.71353,1.1602
-44.82,-0.54,-999,0.89442,0.68322,1.1232
-41.25,-0.54,-999,0.86473,0.64473,1.0974
-37.87,-0.54,-999,0.85824,0.63147,1.107
-34.64,-0.54,-999,0.84596,0.61736,1.0988
-31.53,-0.54,-999,0.87355,0.64658,1.1276
-28.52,-0.54,-999,0.90306,0.68092,1.1453
-25.59,-0.54,-999,0.96467,0.73919,1.2111
-22.74,-0.54,-999,1.0629,0.82558,1.3221
-19.94,-0.54,-999,1.1786,0.9172,1.4565
-17.19,-0.54,-999,1.3021,1.022,1.5989
-14.48,-0.54,-999,1.4177,1.1197,1.7257
-11.81,-0.54,-999,1.5134,1.1939,1.8457
-9.16,-0.54,-999,1.6038,1.2719,1.9568
-6.53,-0.54,-999,1.6899,1.3396,2.0612
-3.91,-0.54,-999,1.6086,1.3359,1.9065
-1.3,-0.54,-999,1.6871,1.3935,1.9979
1.3,-0.54,-999,1.8455,1.4555,2.2477
3.91,-0.54,-999,1.9001,1.4933,2.3231
6.53,-0.54,-999,1.8303,1.4385,2.2324
9.16,-0.54,-999,1.5784,1.2372,1.9349
11.81,-0.54,-999,1.1906,0.91916,1.4835
14.48,-0.54,-999,0.77972,0.57832,1.0074
17.19,-0.54,-999,0.44774,0.3053,0.61027
19.94,-0.54,-999,0.24002,0.14507,0.35432
22.74,-0.54,-999,0.13274,0.068841,0.21173
28.52,-0.54,-999,0.099809,0.061376,0.1476
31.53,-0.54,-999,0.14492,0.078388,0.22531
34.64,-0.54,-999,0.23737,0.13807,0.35435
37.87,-0.54,-999,0.34203,0.21416,0.4911
41.25,-0.54,-999,0.51459,0.34411,0.7138
44.82,-0.54,-999,0.70946,0.49589,0.95982
48.63,-0.54,-999,0.85394,0.60495,1.1287
52.75,-0.54,-999,0.87928,0.62962,1.156
57.32,-0.54,-999,0.81453,0.58933,1.0727
62.55,-0.54,-999,0.69334,0.49544,0.91614
-62.55,1.97,-999,1.1177,0.8577,1.4037
-52.75,1.97,-999,1.008,0.77867,1.257
-48.63,1.97,-999,0.91986,0.71159,1.1547
-44.82,1.97,-999,0.89496,0.68256,1.1204
-41.25,1.97,-999,0.87555,0.65259,1.1099
-37.87,1.97,-999,0.86092,0.62678,1.1148
-34.64,1.97,-999,0.86693,0.62702,1.1338
-31.53,1.97,-999,0.89121,0.64973,1.1596
-28.52,1.97,-999,0.91444,0.68298,1.1649
-25.59,1.97,-999,0.95773,0.7302,1.2092
-22.74,1.97,-999,1.0562,0.81626,1.3172
-19.94,1.97,-999,1.1745,0.91207,1.4575
-17.19,1.97,-999,1.3,1.0157,1.5987
-14.48,1.97,-999,1.4148,1.1144,1.7275
-11.81,1.97,-999,1.5144,1.1904,1.8549
-9.16,1.97,-999,1.5939,1.254,1.9532
-6.53,1.97,-999,1.5906,1.2416,1.9731
-3.91,1.97,-999,1.6625,1.3011,2.0541
-1.3,1.97,-999,1.7457,1.3678,2.1552
1.3,1.97,-999,1.8312,1.4447,2.2351
3.91,1.97,-999,1.8802,1.4829,2.2916
6.53,1.97,-999,1.8096,1.4291,2.2035
9.16,1.97,-999,1.5595,1.2272,1.9092
11.81,1.97,-999,1.1742,0.91677,1.4639
14.48,1.97,-999,0.7676,0.5717,0.98594
17.19,1.97,-999,0.44065,0.30257,0.59667
19.94,1.97,-999,0.23302,0.14319,0.34066
22.74,1.97,-999,0.13302,0.072114,0.20775
31.53,1.97,-999,0.14654,0.077739,0.22862
34.64,1.97,-999,0.1991,0.11615,0.29892
37.87,1.97,-999,0.32773,0.20582,0.46678
41.25,1.97,-999,0.50383,0.33609,0.69703
44.82,1.97,-999,0.70832,0.49331,0.95521
48.63,1.97,-999,0.86341,0.61588,1.1384
52.75,1.97,-999,0.89487,0.64182,1.1721
57.32,1.97,-999,0.81636,0.59343,1.0673
62.55,1.97,-999,0.6995,0.5008,0.92423
69.02,1.97,-999,0.74393,0.59838,0.89703
-62.55,4.48,-999,1.1183,0.84809,1.413
-48.63,4.48,-999,0.89464,0.68411,1.125
-44.82,4.48,-999,0.90907,0.69291,1.1396
-41.25,4.48,-999,0.87356,0.64804,1.115
-37.87,4.48,-999,0.86389,0.62497,1.1268
-34.64,4.48,-999,0.81835,0.62628,1.0244
-31.53,4.48,-999,0.88389,0.64093,1.1585
-28.52,4.48,-999,0.92458,0.6889,1.185
-25.59,4.48,-999,0.99638,0.75136,1.2693
-22.74,4.48,-999,1.0489,0.80663,1.3156
-19.94,4.48,-999,1.1717,0.90627,1.4563
-17.19,4.48,-999,1.2991,1.01,1.605
-14.48,4.48,-999,1.4138,1.1073,1.736
-11.81,4.48,-999,1.5089,1.1782,1.8577
-9.16,4.48,-999,1.5065,1.1722,1.8702
-6.53,4.48,-999,1.567,1.2204,1.949
-3.91,4.48,-999,1.6351,1.2741,2.0294
-1.3,4.48,-999,1.7173,1.3407,2.1162
1.3,4.48,-999,1.8036,1.4169,2.2052
3.91,4.48,-999,1.8503,1.4607,2.2536
6.53,4.48,-999,1.7764,1.4125,2.1621
9.16,4.48,-999,1.5216,1.205,1.8592
11.81,4.48,-999,1.1424,0.8936,1.422
14.48,4.48,-999,0.74392,0.55141,0.95726
17.19,4.48,-999,0.42392,0.28724,0.5786
19.94,4.48,-999,0.22429,0.1362,0.32953
22.74,4.48,-999,0.12241,0.065111,0.19316
25.59,4.48,-999,0.067535,0.039495,0.10221
28.52,4.48,-999,0.081192,0.048565,0.12134
31.53,4.48,-999,0.13608,0.071965,0.21331
34.64,4.48,-999,0.19352,0.1121,0.2914
37.87,4.48,-999,0.31836,0.19855,0.45425
41.25,4.48,-999,0.48632,0.32374,0.67044
44.82,4.48,-999,0.71875,0.5006,0.96429
48.63,4.48,-999,0.87738,0.62751,1.1516
52.75,4.48,-999,0.90194,0.6506,1.175
57.32,4.48,-999,0.82404,0.59938,1.0801
62.55,4.48,-999,0.68444,0.4867,0.90411
-62.55,6.99,-999,1.0637,0.81143,1.3459
-48.63,6.99,-999,1.0028,0.83909,1.1777
-44.82,6.99,-999,0.90573,0.68722,1.1395
-41.25,6.99,-999,0.87404,0.64621,1.117
-37.87,6.99,-999,0.86146,0.62046,1.1242
-34.64,6.99,-999,0.86177,0.6118,1.1423
-31.53,6.99,-999,0.87596,0.62948,1.156
-28.52,6.99,-999,0.91245,0.67605,1.1732
-25.59,6.99,-999,0.92127,0.69059,1.1669
-22.74,6.99,-999,1.0219,0.77344,1.2888
-19.94,6.99,-999,1.1427,0.87604,1.4363
-17.19,6.99,-999,1.2678,0.97969,1.5772
-14.48,6.99,-999,1.3819,1.0736,1.7029
-11.81,6.99,-999,1.4733,1.1477,1.822
-9.16,6.99,-999,1.5475,1.2048,1.9183
-6.53,6.99,-999,1.5428,1.1998,1.9263
-3.91,6.99,-999,1.6046,1.2437,2.0001
-1.3,6.99,-999,1.6822,1.308,2.0807
1.3,6.99,-999,1.7644,1.387,2.1581
3.91,6.99,-999,1.805,1.4322,2.1957
6.53,6.99,-999,1.7216,1.3747,2.088
9.16,6.99,-999,1.4778,1.1757,1.7987
11.81,6.99,-999,1.1143,0.86796,1.383
14.48,6.99,-999,0.72139,0.53426,0.93022
17.19,6.99,-999,0.41172,0.27978,0.56542
19.94,6.99,-999,0.21761,0.13192,0.32144
22.74,6.99,-999,0.11856,0.062718,0.18798
25.59,6.99,-999,0.087488,0.04777,0.14019
31.53,6.99,-999,0.13147,0.069582,0.20687
34.64,6.99,-999,0.18075,0.10479,0.27452
48.63,6.99,-999,0.86834,0.61941,1.1425
52.75,6.99,-999,0.90203,0.64987,1.1732
57.32,6.99,-999,0.82212,0.59601,1.0764
-62.55,9.5,-999,1.048,0.80743,1.3188
-44.82,9.5,-999,0.90172,0.68157,1.1331
-41.25,9.5,-999,0.87131,0.64308,1.1159
-37.87,9.5,-999,0.85898,0.6162,1.1267
-34.64,9.5,-999,0.85782,0.60282,1.1445
-31.53,9.5,-999,0.86797,0.61638,1.1502
-28.52,9.5,-999,0.83884,0.61562,1.0855
-25.59,9.5,-999,0.90296,0.67472,1.1439
-22.74,9.5,-999,1.005,0.7598,1.2675
-19.94,9.5,-999,1.1294,0.86479,1.4169
-17.19,9.5,-999,1.26,0.96914,1.5718
-14.48,9.5,-999,1.3745,1.0653,1.6986
-11.81,9.5,-999,1.4633,1.1375,1.814
-9.16,9.5,-999,1.5311,1.189,1.9034
-6.53,9.5,-999,1.5185,1.1732,1.9009
-3.91,9.5,-999,1.5724,1.2112,1.9641
-1.3,9.5,-999,1.6443,1.2737,2.038
1.3,9.5,-999,1.72,1.3503,2.1021
3.91,9.5,-999,1.7514,1.3958,2.1258
6.53,9.5,-999,1.6617,1.3275,2.0118
9.16,9.5,-999,1.4183,1.1303,1.7243
11.81,9.5,-999,1.0671,0.82503,1.329
14.48,9.5,-999,0.69922,0.51242,0.90542
17.19,9.5,-999,0.40056,0.27306,0.55095
19.94,9.5,-999,0.21422,0.13063,0.31559
22.74,9.5,-999,0.119,0.063795,0.18629
25.59,9.5,-999,0.088004,0.047872,0.14056
31.53,9.5,-999,0.094678,0.061372,0.13417
52.75,9.5,-999,0.9157,0.65907,1.1962
57.32,9.5,-999,0.90697,0.75404,1.0683
62.55,9.5,-999,0.78037,0.63856,0.93592
-52.75,12.01,-999,0.96867,0.74798,1.215
-44.82,12.01,-999,0.96981,0.73137,1.2374
-41.25,12.01,-999,0.87617,0.64579,1.1237
-37.87,12.01,-999,0.86408,0.61751,1.1388
-34.64,12.01,-999,0.86125,0.59798,1.1574
-31.53,12.01,-999,0.79831,0.55592,1.068
-28.52,12.01,-999,0.82251,0.60128,1.0676
-25.59,12.01,-999,0.88464,0.65869,1.1291
-22.74,12.01,-999,0.98751,0.74413,1.2494
-19.94,12.01,-999,1.1155,0.85103,1.4046
-17.19,12.01,-999,1.2501,0.96119,1.5621
-14.48,12.01,-999,1.3676,1.0576,1.6971
-11.81,12.01,-999,1.4539,1.127,1.8044
-9.16,12.01,-999,1.5158,1.1726,1.8908
-6.53,12.01,-999,1.4958,1.1516,1.8754
-3.91,12.01,-999,1.5414,1.1823,1.9306
-1.3,12.01,-999,1.606,1.2439,1.9924
1.3,12.01,-999,1.6733,1.3143,2.049
3.91,12.01,-999,1.6934,1.3496,2.0542
6.53,12.01,-999,1.5988,1.2796,1.9314
9.16,12.01,-999,1.3598,1.0826,1.6546
11.81,12.01,-999,1.0199,0.78431,1.2704
14.48,12.01,-999,0.67356,0.4891,0.87724
17.19,12.01,-999,0.39263,0.26392,0.54153
19.94,12.01,-999,0.2128,0.13077,0.31055
22.74,12.01,-999,0.11515,0.062269,0.17974
28.52,12.01,-999,0.078578,0.049227,0.11416
31.53,12.01,-999,0.12361,0.07351,0.18357
44.82,12.01,-999,0.68092,0.53991,0.83795
48.63,12.01,-999,0.94207,0.80152,1.0848
52.75,12.01,-999,0.9744,0.8177,1.1318
57.32,12.01,-999,0.90797,0.7594,1.0697
62.55,12.01,-999,0.69317,0.49315,0.90814
69.02,12.01,-999,0.69159,0.55194,0.84415
-57.32,14.52,-999,1.0257,0.80126,1.2718
-52.75,14.52,-999,0.9125,0.70203,1.1425
-48.63,14.52,-999,0.88521,0.6778,1.1085
-44.82,14.52,-999,0.88514,0.67279,1.1144
-41.25,14.52,-999,0.86709,0.63924,1.1115
-37.87,14.52,-999,0.85714,0.60827,1.1291
-34.64,14.52,-999,0.85262,0.58484,1.1512
-31.53,14.52,-999,0.78597,0.54335,1.0561
-28.52,14.52,-999,0.80601,0.58705,1.0489
-25.59,14.52,-999,0.86634,0.64245,1.1073
-22.74,14.52,-999,0.96234,0.7237,1.2209
-19.94,14.52,-999,1.0901,0.82824,1.3726
-17.19,14.52,-999,1.2382,0.95423,1.5478
-14.48,14.52,-999,1.3605,1.0515,1.6889
-11.81,14.52,-999,1.4456,1.1164,1.7978
-9.16,14.52,-999,1.4914,1.1527,1.8573
-6.53,14.52,-999,1.5367,1.1816,1.9213
-3.91,14.52,-999,1.5131,1.158,1.8918
-1.3,14.52,-999,1.5704,1.2154,1.9525
1.3,14.52,-999,1.6281,1.2827,1.9905
3.91,14.52,-999,1.6371,1.3053,1.9824
6.53,14.52,-999,1.5357,1.228,1.8559
9.16,14.52,-999,1.3025,1.0287,1.5863
11.81,14.52,-999,0.9773,0.74709,1.2177
14.48,14.52,-999,0.64477,0.46383,0.84216
17.19,14.52,-999,0.38708,0.25884,0.5356
19.94,14.52,-999,0.22107,0.13566,0.32603
22.74,14.52,-999,0.12132,0.066624,0.18869
25.59,14.52,-999,0.08784,0.052689,0.13046
28.52,14.52,-999,0.10525,0.054515,0.16866
31.53,14.52,-999,0.11039,0.058962,0.17414
34.64,14.52,-999,0.13838,0.095328,0.18955
37.87,14.52,-999,0.3242,0.23536,0.42867
41.25,14.52,-999,0.44586,0.29201,0.62069
44.82,14.52,-999,0.70687,0.60078,0.82428
48.63,14.52,-999,0.90241,0.72086,1.103
52.75,14.52,-999,1.0098,0.85342,1.1697
57.32,14.52,-999,0.9686,0.81885,1.1229
62.55,14.52,-999,0.71647,0.51356,0.93454
-57.32,17.03,-999,1.0382,0.81515,1.2838
-52.75,17.03,-999,0.93092,0.72201,1.1582
-48.63,17.03,-999,0.89802,0.69368,1.1184
-44.82,17.03,-999,0.87421,0.6662,1.1018
-41.25,17.03,-999,0.86424,0.63642,1.1053
-37.87,17.03,-999,0.85112,0.60282,1.1248
-34.64,17.03,-999,0.77798,0.52303,1.0683
-31.53,17.03,-999,0.77361,0.53478,1.0397
-28.52,17.03,-999,0.79048,0.5746,1.0298
-25.59,17.03,-999,0.84912,0.62883,1.0888
-22.74,17.03,-999,0.94389,0.70664,1.1987
-19.94,17.03,-999,1.0727,0.81663,1.3544
-17.19,17.03,-999,1.225,0.9462,1.5306
-14.48,17.03,-999,1.3514,1.0468,1.6767
-11.81,17.03,-999,1.437,1.1058,1.7867
-9.16,17.03,-999,1.4774,1.1382,1.838
-6.53,17.03,-999,1.5182,1.1687,1.8951
-3.91,17.03,-999,1.4886,1.1414,1.864
-1.3,17.03,-999,1.5378,1.1928,1.91
1.3,17.03,-999,1.5873,1.2517,1.9456
3.91,17.03,-999,1.5869,1.2641,1.9221
6.53,17.03,-999,1.4813,1.1805,1.7903
9.16,17.03,-999,1.2505,0.98673,1.5296
11.81,17.03,-999,0.93922,0.71723,1.1757
14.48,17.03,-999,0.62311,0.44573,0.81564
17.19,17.03,-999,0.42162,0.31939,0.54149
19.94,17.03,-999,0.18142,0.12402,0.24861
22.74,17.03,-999,0.10939,0.072001,0.15543
28.52,17.03,-999,0.11227,0.076024,0.15593
41.25,17.03,-999,0.37459,0.27501,0.486
44.82,17.03,-999,0.73286,0.62188,0.84701
48.63,17.03,-999,0.92681,0.79022,1.0619
52.75,17.03,-999,1.0404,0.89045,1.1931
57.32,17.03,-999,0.85891,0.62377,1.1103
62.55,17.03,-999,0.71611,0.51734,0.92723
69.02,17.03,-999,0.67605,0.53151,0.83103
-57.32,19.54,-999,1.0035,0.78196,1.2484
-52.75,19.54,-999,0.94396,0.73258,1.173
-48.63,19.54,-999,0.89719,0.693,1.1174
-44.82,19.54,-999,0.86375,0.65733,1.0857
-41.25,19.54,-999,0.86224,0.63473,1.1037
-37.87,19.54,-999,0.84552,0.5959,1.1206
-34.64,19.54,-999,0.76873,0.51431,1.0552
-31.53,19.54,-999,0.76144,0.52491,1.0232
-28.52,19.54,-999,0.77575,0.56281,1.0144
-25.59,19.54,-999,0.83388,0.61817,1.0712
-22.74,19.54,-999,0.92684,0.6903,1.1812
-19.94,19.54,-999,1.055,0.80188,1.3271
-17.19,19.54,-999,1.211,0.93945,1.5107
-14.48,19.54,-999,1.3421,1.0389,1.667
-11.81,19.54,-999,1.4156,1.0911,1.7566
-9.16,19.54,-999,1.4666,1.1316,1.823
-6.53,19.54,-999,1.5045,1.1592,1.8769
-3.91,19.54,-999,1.4703,1.131,1.8388
-1.3,19.54,-999,1.5127,1.1715,1.8854
1.3,19.54,-999,1.5532,1.222,1.9056
3.91,19.54,-999,1.5434,1.2241,1.8669
6.53,19.54,-999,1.4329,1.1361,1.7293
9.16,19.54,-999,1.2088,0.94715,1.4794
11.81,19.54,-999,0.86154,0.71205,1.0216
14.48,19.54,-999,0.69177,0.55768,0.8467
19.94,19.54,-999,0.19061,0.13526,0.25656
31.53,19.54,-999,0.09434,0.064581,0.12992
41.25,19.54,-999,0.44417,0.35839,0.53737
44.82,19.54,-999,0.71312,0.60144,0.83184
48.63,19.54,-999,0.81009,0.57797,1.0694
52.75,19.54,-999,0.91423,0.66368,1.182
57.32,19.54,-999,0.86251,0.62875,1.1126
62.55,19.54,-999,0.6944,0.5062,0.90182
69.02,19.54,-999,0.58175,0.39958,0.78474
-52.75,22.05,-999,1.0034,0.78634,1.2425
-48.63,22.05,-999,0.89778,0.69369,1.1179
-44.82,22.05,-999,0.86288,0.65447,1.084
-41.25,22.05,-999,0.85009,0.62715,1.0882
-37.87,22.05,-999,0.77628,0.53936,1.0402
-34.64,22.05,-999,0.75914,0.50679,1.0387
-31.53,22.05,-999,0.74961,0.5162,1.0062
-28.52,22.05,-999,0.76278,0.55397,0.99809
-25.59,22.05,-999,0.8209,0.60758,1.0576
-22.74,22.05,-999,0.91152,0.67616,1.167
-19.94,22.05,-999,1.0377,0.78988,1.3045
-17.19,22.05,-999,1.1973,0.93281,1.4895
-14.48,22.05,-999,1.3335,1.0313,1.6539
-11.81,22.05,-999,1.4065,1.0848,1.7455
-9.16,22.05,-999,1.4592,1.122,1.8132
-6.53,22.05,-999,1.4912,1.1508,1.86
-3.91,22.05,-999,1.516,1.1642,1.8968
-1.3,22.05,-999,1.4962,1.1539,1.8629
1.3,22.05,-999,1.5294,1.1956,1.8803
3.91,22.05,-999,1.5124,1.1903,1.8396
6.53,22.05,-999,1.3989,1.1045,1.6966
9.16,22.05,-999,1.1798,0.91808,1.446
11.81,22.05,-999,0.89283,0.67678,1.121
14.48,22.05,-999,0.60947,0.4377,0.79993
17.19,22.05,-999,0.3989,0.26833,0.55378
37.87,22.05,-999,0.28093,0.21608,0.35368
41.25,22.05,-999,0.41514,0.31192,0.53634
44.82,22.05,-999,0.67204,0.56391,0.79047
48.63,22.05,-999,0.89646,0.77001,1.0294
52.75,22.05,-999,0.89945,0.65456,1.1655
57.32,22.05,-999,0.86361,0.63212,1.1102
62.55,22.05,-999,0.70316,0.51327,0.90998
69.02,22.05,-999,0.57985,0.39849,0.78215
-57.32,24.56,-999,0.9955,0.77852,1.2348
-52.75,24.56,-999,0.99449,0.7775,1.2241
-48.63,24.56,-999,0.90291,0.69649,1.1247
-44.82,24.56,-999,0.86347,0.6547,1.0848
-41.25,24.56,-999,0.84438,0.62413,1.0832
-37.87,24.56,-999,0.7702,0.5388,1.0291
-34.64,24.56,-999,0.74943,0.50423,1.021
-31.53,24.56,-999,0.73811,0.51294,0.98808
-28.52,24.56,-999,0.75112,0.5462,0.98109
-25.59,24.56,-999,0.81188,0.6005,1.0505
-22.74,24.56,-999,0.89968,0.66719,1.1565
-19.94,24.56,-999,1.0216,0.77653,1.2879
-17.19,24.56,-999,1.1852,0.92592,1.4691
-14.48,24.56,-999,1.306,1.0096,1.6178
-11.81,24.56,-999,1.3998,1.0789,1.7365
-9.16,24.56,-999,1.4492,1.1164,1.8011
-6.53,24.56,-999,1.4661,1.1318,1.8308
-3.91,24.56,-999,1.5087,1.1613,1.8872
-1.3,24.56,-999,1.4851,1.143,1.851
1.3,24.56,-999,1.5165,1.1821,1.8761
3.91,24.56,-999,1.5004,1.1762,1.8373
6.53,24.56,-999,1.3782,1.0799,1.6792
9.16,24.56,-999,1.1657,0.90736,1.4331
11.81,24.56,-999,0.89328,0.68325,1.1158
14.48,24.56,-999,0.61107,0.44847,0.79527
34.64,24.56,-999,0.13084,0.090695,0.1791
37.87,24.56,-999,0.2836,0.21465,0.35917
41.25,24.56,-999,0.41989,0.33536,0.50913
48.63,24.56,-999,0.75617,0.53938,0.99962
52.75,24.56,-999,0.92015,0.67356,1.1853
57.32,24.56,-999,0.86368,0.63532,1.1076
62.55,24.56,-999,0.70747,0.51626,0.91577
69.02,24.56,-999,0.58516,0.4035,0.7877
-57.32,27.07,-999,1.0149,0.79897,1.2572
-52.75,27.07,-999,0.98021,0.7664,1.2064
-48.63,27.07,-999,0.9033,0.69395,1.1265
-44.82,27.07,-999,0.8672,0.65541,1.0895
-41.25,27.07,-999,0.8437,0.6227,1.0824
-37.87,27.07,-999,0.7659,0.53778,1.0212
-34.64,27.07,-999,0.74252,0.50592,1.004
-31.53,27.07,-999,0.72629,0.50795,0.9701
-28.52,27.07,-999,0.74014,0.54054,0.96909
-25.59,27.07,-999,0.78303,0.5769,1.0166
-22.74,27.07,-999,0.89328,0.66093,1.1541
-19.94,27.07,-999,1.0081,0.76376,1.2763
-17.19,27.07,-999,1.1779,0.91348,1.4636
-14.48,27.07,-999,1.2967,1.0023,1.604
-11.81,27.07,-999,1.3975,1.0797,1.7335
-9.16,27.07,-999,1.4424,1.1068,1.7936
-6.53,27.07,-999,1.4646,1.1293,1.8283
-3.91,27.07,-999,1.493,1.1526,1.8725
-1.3,27.07,-999,1.478,1.135,1.8512
1.3,27.07,-999,1.5011,1.1677,1.8627
3.91,27.07,-999,1.4775,1.1557,1.8167
6.53,27.07,-999,1.3708,1.0706,1.6746
9.16,27.07,-999,1.1662,0.9082,1.4321
11.81,27.07,-999,0.88945,0.68566,1.1153
14.48,27.07,-999,0.62746,0.46511,0.81327
34.64,27.07,-999,0.16399,0.10657,0.2333
41.25,27.07,-999,0.40272,0.32116,0.49157
48.63,27.07,-999,0.79625,0.67063,0.93155
52.75,27.07,-999,0.84943,0.61854,1.0982
57.32,27.07,-999,0.88035,0.65202,1.1211
62.55,27.07,-999,0.71906,0.52717,0.9283
69.02,27.07,-999,0.5938,0.41128,0.79831
-57.32,29.58,-999,1.0229,0.80905,1.2651
-52.75,29.58,-999,0.971,0.75857,1.1954
-48.63,29.58,-999,0.93528,0.71969,1.1604
-44.82,29.58,-999,0.86679,0.65413,1.0946
-41.25,29.58,-999,0.78696,0.57412,1.0208
-37.87,29.58,-999,0.76051,0.5379,1.009
-34.64,29.58,-999,0.73572,0.51009,0.98755
-31.53,29.58,-999,0.72068,0.50834,0.957
-28.52,29.58,-999,0.72653,0.53064,0.9531
-25.59,29.58,-999,0.76937,0.56434,1.0065
-22.74,29.58,-999,0.8547,0.62777,1.1079
-19.94,29.58,-999,1.0009,0.75281,1.2735
-17.19,29.58,-999,1.1382,0.87976,1.4206
-14.48,29.58,-999,1.2932,1.0008,1.5996
-11.81,29.58,-999,1.3789,1.063,1.7118
-9.16,29.58,-999,1.4216,1.0843,1.7675
-6.53,29.58,-999,1.4713,1.1233,1.8362
-3.91,29.58,-999,1.4988,1.152,1.8793
-1.3,29.58,-999,1.477,1.1331,1.8519
1.3,29.58,-999,1.4964,1.1603,1.8602
3.91,29.58,-999,1.4643,1.139,1.8086
6.53,29.58,-999,1.3536,1.0527,1.661
9.16,29.58,-999,1.1542,0.89666,1.4286
11.81,29.58,-999,0.90078,0.69322,1.1302
14.48,29.58,-999,0.65092,0.4841,0.84437
25.59,29.58,-999,0.11827,0.083488,0.15755
28.52,29.58,-999,0.10795,0.076807,0.14329
34.64,29.58,-999,0.2058,0.15036,0.27008
37.87,29.58,-999,0.26608,0.19855,0.34076
41.25,29.58,-999,0.38211,0.30306,0.46862
44.82,29.58,-999,0.4624,0.3052,0.63711
52.75,29.58,-999,0.8107,0.58535,1.0532
57.32,29.58,-999,0.88241,0.65446,1.1232
62.55,29.58,-999,0.73234,0.53856,0.9436
69.02,29.58,-999,0.60538,0.42119,0.81116
-57.32,32.09,-999,1.0018,0.78948,1.2311
-52.75,32.09,-999,0.98086,0.76483,1.2073
-48.63,32.09,-999,0.92873,0.7138,1.1516
-44.82,32.09,-999,0.86754,0.65196,1.0987
-41.25,32.09,-999,0.78317,0.57134,1.0142
-37.87,32.09,-999,0.75569,0.53714,0.99603
-34.64,32.09,-999,0.72861,0.5112,0.96971
-31.53,32.09,-999,0.71636,0.50896,0.94787
-28.52,32.09,-999,0.69149,0.54137,0.85577
-19.94,32.09,-999,0.97488,0.72639,1.2485
-17.19,32.09,-999,1.1315,0.86593,1.4191
-14.48,32.09,-999,1.2828,0.99208,1.5971
-11.81,32.09,-999,1.3473,1.0313,1.674
-9.16,32.09,-999,1.4266,1.0914,1.7817
-6.53,32.09,-999,1.4564,1.1125,1.8237
-3.91,32.09,-999,1.5123,1.158,1.8976
-1.3,32.09,-999,1.4844,1.1322,1.8683
1.3,32.09,-999,1.4986,1.1527,1.8752
3.91,32.09,-999,1.463,1.1322,1.8215
6.53,32.09,-999,1.3518,1.0461,1.6703
9.16,32.09,-999,1.1623,0.8971,1.4457
11.81,32.09,-999,0.921,0.70572,1.1647
31.53,32.09,-999,0.17062,0.10601,0.24971
34.64,32.09,-999,0.20639,0.15002,0.27236
44.82,32.09,-999,0.47728,0.32148,0.64917
52.75,32.09,-999,0.78603,0.56244,1.0242
57.32,32.09,-999,0.88689,0.65903,1.1253
62.55,32.09,-999,0.74253,0.54716,0.95414
69.02,32.09,-999,0.61962,0.43367,0.82862
-62.55,34.6,-999,1.0581,0.83339,1.3006
-57.32,34.6,-999,1.0054,0.79341,1.2313
-52.75,34.6,-999,0.9715,0.7587,1.1976
-48.63,34.6,-999,0.93395,0.71691,1.1623
-44.82,34.6,-999,0.81899,0.60911,1.0457
-41.25,34.6,-999,0.78128,0.57176,1.009
-37.87,34.6,-999,0.75382,0.53978,0.98824
-34.64,34.6,-999,0.73149,0.52025,0.96739
-31.53,34.6,-999,0.71011,0.51114,0.9345
-28.52,34.6,-999,0.7992,0.6431,0.96658
-22.74,34.6,-999,0.77188,0.6078,0.94665
-14.48,34.6,-999,1.2777,0.98392,1.601
-11.81,34.6,-999,1.3431,1.0288,1.68
-9.16,34.6,-999,1.4245,1.0899,1.7833
-6.53,34.6,-999,1.4699,1.1226,1.8442
-3.91,34.6,-999,1.5366,1.1782,1.9322
-1.3,34.6,-999,1.596,1.227,2.0051
1.3,34.6,-999,1.5124,1.1584,1.9008
3.91,34.6,-999,1.4721,1.135,1.8328
6.53,34.6,-999,1.3518,1.0428,1.6718
9.16,34.6,-999,1.1847,0.91304,1.4789
11.81,34.6,-999,0.97504,0.74371,1.2352
14.48,34.6,-999,0.77433,0.61268,0.95372
31.53,34.6,-999,0.1956,0.13567,0.26692
34.64,34.6,-999,0.20793,0.14986,0.2763
44.82,34.6,-999,0.44515,0.36521,0.53639
48.63,34.6,-999,0.64586,0.53016,0.7635
52.75,34.6,-999,0.78772,0.56287,1.0256
57.32,34.6,-999,0.89212,0.66419,1.1305
62.55,34.6,-999,0.76396,0.56621,0.98012
69.02,34.6,-999,0.63593,0.44694,0.84752
-62.55,37.11,-999,1.0438,0.8213,1.2799
-57.32,37.11,-999,0.99974,0.78632,1.2235
-52.75,37.11,-999,0.96591,0.75098,1.1915
-48.63,37.11,-999,0.92902,0.71142,1.158
-44.82,37.11,-999,0.81785,0.60897,1.0434
-41.25,37.11,-999,0.78115,0.57251,1.0074
-37.87,37.11,-999,0.75564,0.54604,0.98845
-34.64,37.11,-999,0.73767,0.52908,0.96832
-31.53,37.11,-999,0.7401,0.53747,0.96487
-28.52,37.11,-999,0.7186,0.52505,0.93405
-25.59,37.11,-999,0.79047,0.59116,1.0212
-11.81,37.11,-999,1.3845,1.0565,1.7453
-9.16,37.11,-999,1.3325,1.1057,1.5816
-6.53,37.11,-999,1.5006,1.1488,1.8846
-3.91,37.11,-999,1.5485,1.1917,1.9466
-1.3,37.11,-999,1.5447,1.184,1.9406
1.3,37.11,-999,1.5643,1.2006,1.9624
3.91,37.11,-999,1.4941,1.1522,1.8647
6.53,37.11,-999,1.3755,1.0654,1.7013
9.16,37.11,-999,1.2819,1.0646,1.5208
11.81,37.11,-999,0.89055,0.73654,1.0499
19.94,37.11,-999,0.40923,0.27296,0.57268
48.63,37.11,-999,0.64657,0.54177,0.7564
52.75,37.11,-999,0.73452,0.52455,0.95773
57.32,37.11,-999,0.84125,0.62304,1.0656
62.55,37.11,-999,0.7753,0.57782,0.99056
69.02,37.11,-999,0.65459,0.46306,0.86546
-62.55,39.62,-999,1.0591,0.83456,1.3002
-57.32,39.62,-999,0.99692,0.78333,1.2211
-52.75,39.62,-999,0.96084,0.74435,1.1848
-48.63,39.62,-999,0.92423,0.70767,1.1536
-44.82,39.62,-999,0.81779,0.60957,1.042
-41.25,39.62,-999,0.78279,0.5747,1.0065
-37.87,39.62,-999,0.76038,0.55118,0.9889
-34.64,39.62,-999,0.7492,0.54154,0.97721
-31.53,39.62,-999,0.74708,0.54809,0.96954
-28.52,39.62,-999,0.75049,0.55324,0.97334
-25.59,39.62,-999,0.74839,0.54411,0.97638
-9.16,39.62,-999,1.4406,1.0986,1.8189
-6.53,39.62,-999,1.5083,1.1606,1.8927
-3.91,39.62,-999,1.531,1.1798,1.9173
-1.3,39.62,-999,1.5577,1.2012,1.9544
1.3,39.62,-999,1.5763,1.2122,1.9744
3.91,39.62,-999,1.5445,1.194,1.9275
6.53,39.62,-999,1.3402,1.1343,1.5545
9.16,39.62,-999,1.2618,0.98733,1.5546
48.63,39.62,-999,0.59221,0.49052,0.699
52.75,39.62,-999,0.68338,0.48548,0.89355
57.32,39.62,-999,0.83804,0.61937,1.0589
62.55,39.62,-999,0.78673,0.58719,1.0005
69.02,39.62,-999,0.65025,0.46522,0.85089
-62.55,42.13,-999,1.0472,0.82563,1.2849
-57.32,42.13,-999,1.0202,0.80528,1.25
-52.75,42.13,-999,0.95785,0.74029,1.183
-48.63,42.13,-999,0.92047,0.70472,1.1495
-44.82,42.13,-999,0.81876,0.61016,1.042
-41.25,42.13,-999,0.78588,0.57737,1.0071
-37.87,42.13,-999,0.76676,0.56052,0.99101
-34.64,42.13,-999,0.76106,0.55401,0.98845
-31.53,42.13,-999,0.75797,0.56003,0.98104
-28.52,42.13,-999,0.75283,0.56133,0.97053
-25.59,42.13,-999,0.78948,0.58699,1.0274
-19.94,42.13,-999,0.8808,0.70655,1.0764
-6.53,42.13,-999,1.4663,1.1307,1.8353
-3.91,42.13,-999,1.5635,1.2158,1.955
-1.3,42.13,-999,1.5699,1.2149,1.9647
1.3,42.13,-999,1.5855,1.2236,1.979
3.91,42.13,-999,1.5712,1.2233,1.9512
6.53,42.13,-999,1.4332,1.1171,1.7666
9.16,42.13,-999,1.1741,0.98728,1.3721
41.25,42.13,-999,0.28864,0.22437,0.3636
48.63,42.13,-999,0.48489,0.33504,0.64715
52.75,42.13,-999,0.73433,0.61044,0.86274
57.32,42.13,-999,0.81768,0.60464,1.0376
62.55,42.13,-999,0.79835,0.59644,1.0166
69.02,42.13,-999,0.67354,0.48484,0.87853
-62.55,44.64,-999,1.0589,0.83918,1.2971
-57.32,44.64,-999,1.0246,0.80817,1.2552
-52.75,44.64,-999,0.95948,0.73899,1.1862
-48.63,44.64,-999,0.91729,0.70191,1.1465
-44.82,44.64,-999,0.82024,0.61061,1.043
-41.25,44.64,-999,0.78943,0.58181,1.0129
-37.87,44.64,-999,0.77341,0.56844,0.99955
-34.64,44.64,-999,0.77205,0.56511,1.0001
-31.53,44.64,-999,0.76858,0.56915,0.99309
-28.52,44.64,-999,0.87196,0.7293,1.0264
-25.59,44.64,-999,0.7983,0.5934,1.0319
-22.74,44.64,-999,0.86256,0.64064,1.1188
-9.16,44.64,-999,1.4931,1.1501,1.8723
11.81,44.64,-999,1.2446,1.0236,1.4866
41.25,44.64,-999,0.28181,0.21579,0.35851
44.82,44.64,-999,0.37242,0.30125,0.4525
48.63,44.64,-999,0.46459,0.3251,0.61414
57.32,44.64,-999,0.89036,0.75816,1.0243
62.55,44.64,-999,0.81075,0.6031,1.0319
69.02,44.64,-999,0.75459,0.54759,0.97766
-62.55,47.15,-999,1.0529,0.83458,1.2896
-57.32,47.15,-999,1.0332,0.81293,1.2686
-52.75,47.15,-999,0.97847,0.75356,1.2126
-48.63,47.15,-999,0.91529,0.69764,1.1446
-44.82,47.15,-999,0.82243,0.61054,1.0464
-41.25,47.15,-999,0.7935,0.58627,1.0189
-37.87,47.15,-999,0.78013,0.57415,1.0036
-34.64,47.15,-999,0.77797,0.57122,1.0059
-31.53,47.15,-999,0.7728,0.5733,0.99713
-28.52,47.15,-999,0.77553,0.58204,0.99854
-25.59,47.15,-999,0.8108,0.60545,1.0462
-22.74,47.15,-999,0.87371,0.65049,1.127
-9.16,47.15,-999,1.5353,1.1843,1.9235
1.3,47.15,-999,1.7443,1.4874,2.0161
6.53,47.15,-999,1.4234,1.2056,1.6521
11.81,47.15,-999,1.2217,0.95945,1.5128
41.25,47.15,-999,0.27322,0.20748,0.35046
44.82,47.15,-999,0.34856,0.27822,0.42839
48.63,47.15,-999,0.44552,0.31156,0.59133
57.32,47.15,-999,0.74433,0.54335,0.9576
62.55,47.15,-999,0.82677,0.61394,1.0533
69.02,47.15,-999,0.8711,0.7359,1.0234
-62.55,49.66,-999,1.0471,0.83158,1.2791
-57.32,49.66,-999,1.0299,0.80963,1.2659
-52.75,49.66,-999,0.98635,0.75973,1.2256
-48.63,49.66,-999,0.94183,0.71664,1.1849
-44.82,49.66,-999,0.81978,0.61351,1.0435
-41.25,49.66,-999,0.78312,0.57783,1.0078
-37.87,49.66,-999,0.7696,0.56762,0.99347
-34.64,49.66,-999,0.76884,0.56927,0.99157
-31.53,49.66,-999,0.78534,0.5861,1.007
-28.52,49.66,-999,0.79012,0.59348,1.0106
-25.59,49.66,-999,0.83374,0.62379,1.0694
-22.74,49.66,-999,0.92272,0.689,1.182
-11.81,49.66,-999,1.332,1.1065,1.572
-9.16,49.66,-999,1.4172,1.091,1.7613
-1.3,49.66,-999,1.518,1.2756,1.7836
6.53,49.66,-999,1.5384,1.3101,1.7823
9.16,49.66,-999,1.6071,1.376,1.8645
41.25,49.66,-999,0.26545,0.19928,0.34225
48.63,49.66,-999,0.40989,0.28437,0.55169
62.55,49.66,-999,0.85785,0.63735,1.0959
69.02,49.66,-999,0.86109,0.73004,1.0064
-62.55,52.17,-999,1.0383,0.82376,1.267
-57.32,52.17,-999,1.0276,0.8076,1.2627
-52.75,52.17,-999,0.98416,0.75624,1.223
-48.63,52.17,-999,0.85332,0.64568,1.0756
-44.82,52.17,-999,0.81423,0.61017,1.0344
-41.25,52.17,-999,0.77988,0.5798,1.0002
-37.87,52.17,-999,0.76353,0.56604,0.98384
-34.64,52.17,-999,0.76409,0.57124,0.98457
-31.53,52.17,-999,0.78407,0.5898,1.0024
-28.52,52.17,-999,0.82206,0.62256,1.051
-25.59,52.17,-999,0.96608,0.81183,1.1322
-22.74,52.17,-999,0.92904,0.70077,1.1822
-19.94,52.17,-999,1.0184,0.77401,1.2845
-17.19,52.17,-999,1.2182,1.0301,1.4127
-1.3,52.17,-999,1.5181,1.2768,1.7842
3.91,52.17,-999,1.5721,1.3403,1.823
48.63,52.17,-999,0.42086,0.33498,0.52164
52.75,52.17,-999,0.56193,0.45174,0.68357
62.55,52.17,-999,0.86083,0.6389,1.1001
69.02,52.17,-999,0.77298,0.56694,0.99985
-62.55,54.68,-999,1.0415,0.82766,1.2684
-57.32,54.68,-999,1.0243,0.80575,1.2591
-52.75,54.68,-999,0.98135,0.75483,1.2195
-48.63,54.68,-999,0.84638,0.6414,1.0653
-44.82,54.68,-999,0.80663,0.60478,1.0231
-41.25,54.68,-999,0.783,0.5877,1.0007
-37.87,54.68,-999,0.75751,0.56644,0.97344
-34.64,54.68,-999,0.76158,0.57374,0.97471
-31.53,54.68,-999,0.78125,0.59267,0.99737
-28.52,54.68,-999,0.82561,0.63028,1.0528
-25.59,54.68,-999,0.98951,0.84454,1.149
-22.74,54.68,-999,0.95038,0.71957,1.2036
-19.94,54.68,-999,1.0438,0.79642,1.3083
-17.19,54.68,-999,1.1249,0.85824,1.4088
1.3,54.68,-999,1.8521,1.6114,2.1024
48.63,54.68,-999,0.36878,0.28644,0.46543
62.55,54.68,-999,0.85871,0.63724,1.098
69.02,54.68,-999,0.88356,0.73948,1.0404
-62.55,57.19,-999,1.0388,0.82559,1.2652
-57.32,57.19,-999,1.0221,0.80383,1.2567
-52.75,57.19,-999,0.97932,0.75313,1.2185
-48.63,57.19,-999,0.83981,0.63657,1.056
-44.82,57.19,-999,0.79861,0.60115,1.0107
-41.25,57.19,-999,0.77475,0.58231,0.98767
-37.87,57.19,-999,0.75546,0.56889,0.96624
-34.64,57.19,-999,0.7552,0.5705,0.96544
-31.53,57.19,-999,0.77569,0.58979,0.98644
-28.52,57.19,-999,0.8277,0.63289,1.0527
-25.59,57.19,-999,0.88917,0.6779,1.1338
-22.74,57.19,-999,0.97525,0.74612,1.2367
-19.94,57.19,-999,1.0671,0.81849,1.3354
-17.19,57.19,-999,1.1645,0.89687,1.4489
62.55,57.19,-999,0.80816,0.59326,1.0308
69.02,57.19,-999,0.80122,0.58361,1.0418
-69.02,59.7,-999,0.84343,0.58573,1.1427
-62.55,59.7,-999,1.0365,0.82318,1.2617
-57.32,59.7,-999,1.0203,0.80135,1.2539
-52.75,59.7,-999,0.97756,0.75145,1.2171
-48.63,59.7,-999,0.83355,0.6313,1.0463
-44.82,59.7,-999,0.79036,0.59565,1.0008
-41.25,59.7,-999,0.76586,0.57689,0.97658
-37.87,59.7,-999,0.74832,0.56216,0.95707
-34.64,59.7,-999,0.75899,0.57615,0.96725
-31.53,59.7,-999,0.77464,0.58989,0.9852
-28.52,59.7,-999,0.82729,0.63053,1.054
-25.59,59.7,-999,0.89045,0.68056,1.1351
-22.74,59.7,-999,0.97515,0.74806,1.2373
-19.94,59.7,-999,1.1385,0.8836,1.4313
-17.19,59.7,-999,1.2201,0.94815,1.5164
52.75,59.7,-999,0.44993,0.31816,0.59175
62.55,59.7,-999,0.9192,0.75877,1.0959
69.02,59.7,-999,0.91256,0.75554,1.0868
-69.02,62.21,-999,0.91969,0.64465,1.2283
-62.55,62.21,-999,1.0153,0.80364,1.2378
-57.32,62.21,-999,1.0122,0.79637,1.2409
-52.75,62.21,-999,0.97648,0.7492,1.2152
-48.63,62.21,-999,0.82794,0.62556,1.0382
-44.82,62.21,-999,0.78238,0.59007,0.99216
-41.25,62.21,-999,0.76,0.57156,0.96688
-37.87,62.21,-999,0.75064,0.56586,0.95653
-34.64,62.21,-999,0.7479,0.56572,0.95428
-31.53,62.21,-999,0.7649,0.5784,0.97505
48.63,62.21,-999,0.28849,0.21295,0.38076
52.75,62.21,-999,0.45893,0.35443,0.58149
69.02,62.21,-999,0.81431,0.58501,1.0718
-69.02,64.72,-999,0.91024,0.64148,1.2118
-62.55,64.72,-999,1.0042,0.79618,1.2237
-57.32,64.72,-999,1.0052,0.78765,1.2318
-52.75,64.72,-999,0.96619,0.74007,1.2029
-48.63,64.72,-999,0.82371,0.62235,1.0305
-44.82,64.72,-999,0.77486,0.58294,0.98347
-41.25,64.72,-999,0.7484,0.56167,0.95363
-37.87,64.72,-999,0.75294,0.57063,0.96079
-34.64,64.72,-999,0.74518,0.56291,0.9508
48.63,64.72,-999,0.28395,0.18185,0.40844
57.32,64.72,-999,0.68147,0.54677,0.83428
62.55,64.72,-999,0.89667,0.73241,1.0761
69.02,64.72,-999,0.80734,0.58082,1.0639
-69.02,67.23,-999,0.92489,0.65799,1.2251
-62.55,67.23,-999,1.0007,0.79409,1.2165
-57.32,67.23,-999,1.0002,0.78233,1.227
-52.75,67.23,-999,0.96414,0.73732,1.1998
-48.63,67.23,-999,0.82094,0.62042,1.0276
-44.82,67.23,-999,0.76959,0.5781,0.97515
-41.25,67.23,-999,0.73589,0.55151,0.93734
-37.87,67.23,-999,0.73945,0.55818,0.95033
48.63,67.23,-999,0.2712,0.18937,0.37559
52.75,67.23,-999,0.41843,0.31399,0.54012
62.55,67.23,-999,0.87571,0.73343,1.0339
69.02,67.23,-999,0.88992,0.72701,1.0731
-69.02,69.74,-999,0.94691,0.66773,1.2618
-62.55,69.74,-999,1.0001,0.79324,1.2131
-57.32,69.74,-999,1.1121,0.95225,1.2825
-52.75,69.74,-999,0.95977,0.73645,1.1954
-48.63,69.74,-999,0.81939,0.61849,1.0246
-44.82,69.74,-999,0.76743,0.57744,0.97052
-41.25,69.74,-999,0.82384,0.69198,0.96288
44.82,69.74,-999,0.1515,0.10029,0.21729
57.32,69.74,-999,0.69663,0.55587,0.85697
62.55,69.74,-999,0.88627,0.74473,1.0407
69.02,69.74,-999,0.86868,0.70916,1.045
-69.02,72.25,-999,0.92549,0.65677,1.228
-62.55,72.25,-999,1.0005,0.79408,1.215
-57.32,72.25,-999,0.99351,0.77353,1.2216
-52.75,72.25,-999,0.95828,0.73333,1.1914
-48.63,72.25,-999,0.81959,0.61929,1.0257
-44.82,72.25,-999,0.7671,0.57695,0.969
-41.25,72.25,-999,0.73293,0.5491,0.93293
-37.87,72.25,-999,0.81198,0.66875,0.96526
44.82,72.25,-999,0.2006,0.12572,0.29794
57.32,72.25,-999,0.66287,0.52447,0.82025
62.55,72.25,-999,0.78566,0.58258,1.016
69.02,72.25,-999,0.8403,0.68658,1.0125
-69.02,74.76,-999,0.932,0.65969,1.2365
-62.55,74.76,-999,1.0022,0.79231,1.2198
-57.32,74.76,-999,0.99241,0.76965,1.2203
-52.75,74.76,-999,0.88252,0.67106,1.1098
-48.63,74.76,-999,0.82135,0.62083,1.0284
-44.82,74.76,-999,0.77099,0.57846,0.97153
-41.25,74.76,-999,0.73592,0.55159,0.93584
-37.87,74.76,-999,0.82299,0.69008,0.96147
-34.64,74.76,-999,0.72377,0.54621,0.9286
48.63,74.76,-999,0.24753,0.16376,0.3569
57.32,74.76,-999,0.62243,0.44365,0.82916
62.55,74.76,-999,0.75587,0.56124,0.97352
69.02,74.76,-999,0.81486,0.6648,0.98381
-69.02,77.27,-999,0.9109,0.65053,1.205
-62.55,77.27,-999,1.0039,0.79331,1.2226
-57.32,77.27,-999,0.99193,0.7688,1.2223
-52.75,77.27,-999,0.88494,0.67266,1.1166
-48.63,77.27,-999,0.82497,0.62174,1.0353
-44.82,77.27,-999,0.77669,0.58212,0.9772
-41.25,77.27,-999,0.74541,0.55833,0.94641
-37.87,77.27,-999,0.75157,0.56477,0.9567
-34.64,77.27,-999,0.74826,0.56712,0.95776
44.82,77.27,-999,0.20735,0.12878,0.31174
48.63,77.27,-999,0.27267,0.18095,0.38993
52.75,77.27,-999,0.42705,0.30971,0.56932
57.32,77.27,-999,0.6121,0.43183,0.81792
62.55,77.27,-999,0.73943,0.54812,0.95348
69.02,77.27,-999,0.78372,0.63735,0.94755
-69.02,79.78,-999,0.92163,0.66099,1.2134
-62.55,79.78,-999,1.0386,0.82431,1.2677
-57.32,79.78,-999,0.99238,0.76673,1.2237
-52.75,79.78,-999,0.88827,0.67327,1.1215
-48.63,79.78,-999,0.82951,0.62402,1.0435
-44.82,79.78,-999,0.77777,0.58128,0.98049
-41.25,79.78,-999,0.75399,0.56509,0.95555
-37.87,79.78,-999,0.76101,0.57142,0.96553
-34.64,79.78,-999,0.7491,0.56852,0.95546
48.63,79.78,-999,0.26643,0.17662,0.38118
57.32,79.78,-999,0.70647,0.55897,0.8729
62.55,79.78,-999,0.814,0.6836,0.95378
69.02,79.78,-999,0.75957,0.61422,0.92002
-69.02,82.29,-999,0.93597,0.6773,1.2228
-62.55,82.29,-999,1.0429,0.82672,1.2754
-57.32,82.29,-999,1.109,0.93662,1.2975
-52.75,82.29,-999,1.0001,0.82294,1.1859
-48.63,82.29,-999,0.83204,0.62371,1.049
-44.82,82.29,-999,0.78348,0.58524,0.98855
-41.25,82.29,-999,0.75554,0.565,0.95942
-37.87,82.29,-999,0.73289,0.55315,0.93713
-34.64,82.29,-999,0.74842,0.56517,0.95347
57.32,82.29,-999,0.60134,0.42555,0.80513
62.55,82.29,-999,0.70215,0.52166,0.90534
69.02,82.29,-999,0.64948,0.46114,0.85756
-69.02,84.8,-999,0.91638,0.67046,1.1917
-62.55,84.8,-999,1.0358,0.82161,1.2645
-57.32,84.8,-999,1.0085,0.77765,1.2494
-52.75,84.8,-999,0.89692,0.67492,1.1366
-48.63,84.8,-999,0.83729,0.62665,1.0576
-44.82,84.8,-999,0.77134,0.57232,0.98231
-41.25,84.8,-999,0.73347,0.54688,0.93777
-37.87,84.8,-999,0.72373,0.54468,0.92834
-34.64,84.8,-999,0.75371,0.57076,0.96664
-31.53,84.8,-999,0.86948,0.73631,1.0208
52.75,84.8,-999,0.45991,0.32144,0.62806
57.32,84.8,-999,0.58942,0.41179,0.78882
62.55,84.8,-999,0.70754,0.52314,0.91505
69.02,84.8,-999,0.71159,0.57362,0.86346
-69.02,87.31,-999,0.92093,0.67935,1.188
-62.55,87.31,-999,1.0286,0.81641,1.2542
-57.32,87.31,-999,1.0109,0.78018,1.2515
-52.75,87.31,-999,0.94699,0.71688,1.1958
-48.63,87.31,-999,0.82735,0.61452,1.0526
-44.82,87.31,-999,0.7695,0.56892,0.97985
-41.25,87.31,-999,0.73019,0.54295,0.93635
-37.87,87.31,-999,0.71938,0.53916,0.92305
-34.64,87.31,-999,0.73603,0.5541,0.94729
-31.53,87.31,-999,0.87281,0.73658,1.026
44.82,87.31,-999,0.2938,0.18766,0.42895
57.32,87.31,-999,0.60538,0.41871,0.82371
62.55,87.31,-999,0.71454,0.51973,0.92964
69.02,87.31,-999,0.68047,0.54723,0.82621
-69.02,89.82,-999,0.90772,0.67379,1.1667
-62.55,89.82,-999,1.0237,0.81106,1.2461
-57.32,89.82,-999,0.99705,0.76931,1.2367
-52.75,89.82,-999,0.93487,0.70803,1.1824
-48.63,89.82,-999,0.82759,0.61379,1.053
-44.82,89.82,-999,0.7679,0.56529,0.97974
-41.25,89.82,-999,0.72656,0.5382,0.93348
-37.87,89.82,-999,0.71552,0.53446,0.91798
-34.64,89.82,-999,0.80276,0.662,0.95883
57.32,89.82,-999,0.62032,0.42703,0.84588
62.55,89.82,-999,0.74425,0.61527,0.87576
69.02,89.82,-999,0.66125,0.53028,0.80769
-69.02,92.33,-999,0.87864,0.65419,1.129
-62.55,92.33,-999,1.0288,0.81549,1.2522
-57.32,92.33,-999,0.97964,0.75855,1.2139
-52.75,92.33,-999,0.93139,0.70571,1.1747
-48.63,92.33,-999,0.8292,0.61321,1.0547
-44.82,92.33,-999,0.76834,0.56521,0.98204
-41.25,92.33,-999,0.72529,0.53658,0.93454
-37.87,92.33,-999,0.71534,0.53124,0.92027
-34.64,92.33,-999,0.73719,0.55255,0.94921
52.75,92.33,-999,0.45123,0.31643,0.60726
57.32,92.33,-999,0.71124,0.54903,0.88715
62.55,92.33,-999,0.72712,0.60064,0.85791
69.02,92.33,-999,0.64369,0.51652,0.78468
-69.02,94.84,-999,0.91397,0.68112,1.169
-62.55,94.84,-999,1.0044,0.79661,1.2233
-57.32,94.84,-999,0.98025,0.75952,1.2149
-52.75,94.84,-999,1.0376,0.86422,1.2319
-48.63,94.84,-999,0.83234,0.61531,1.061
-44.82,94.84,-999,0.77058,0.5647,0.98534
-41.25,94.84,-999,0.72223,0.52947,0.93319
-37.87,94.84,-999,0.70995,0.52711,0.91617
-34.64,94.84,-999,0.73369,0.54965,0.94392
44.82,94.84,-999,0.38123,0.25531,0.53752
52.75,94.84,-999,0.44286,0.28861,0.63043
57.32,94.84,-999,0.7244,0.55939,0.90529
62.55,94.84,-999,0.72027,0.59078,0.85256
69.02,94.84,-999,0.55161,0.38311,0.74497
-69.02,97.35,-999,0.84874,0.63584,1.0806
-62.55,97.35,-999,1.008,0.79889,1.2257
-57.32,97.35,-999,0.98136,0.76002,1.212
-52.75,97.35,-999,0.92698,0.70446,1.1706
-48.63,97.35,-999,0.84667,0.63189,1.0804
-44.82,97.35,-999,0.76651,0.55914,0.98554
-41.25,97.35,-999,0.71885,0.5262,0.93125
-37.87,97.35,-999,0.70512,0.51993,0.91063
-34.64,97.35,-999,0.71341,0.53333,0.92068
-31.53,97.35,-999,0.87822,0.73583,1.0395
52.75,97.35,-999,0.51598,0.36993,0.68761
57.32,97.35,-999,0.6803,0.52541,0.8546
62.55,97.35,-999,0.70666,0.58024,0.84175
69.02,97.35,-999,0.60775,0.48792,0.74805
-62.55,99.86,-999,1.107,0.95783,1.273
-57.32,99.86,-999,0.96548,0.74722,1.1986
-52.75,99.86,-999,0.90397,0.68677,1.1427
-48.63,99.86,-999,0.84329,0.629,1.0765
-44.82,99.86,-999,0.76576,0.55766,0.98577
-41.25,99.86,-999,0.71524,0.52133,0.92897
-37.87,99.86,-999,0.7004,0.5123,0.90698
-34.64,99.86,-999,0.79223,0.6457,0.95438
57.32,99.86,-999,0.6779,0.52008,0.85496
62.55,99.86,-999,0.69465,0.57006,0.82996
69.02,99.86,-999,0.58332,0.4688,0.71534
-62.55,102.37,-999,0.99494,0.78759,1.2094
-57.32,102.37,-999,1.0718,0.91255,1.2462
-52.75,102.37,-999,1.0089,0.84329,1.1957
-48.63,102.37,-999,0.83951,0.62747,1.0734
-44.82,102.37,-999,0.78218,0.57153,1.0048
-41.25,102.37,-999,0.71203,0.51636,0.92577
-37.87,102.37,-999,0.69515,0.50685,0.90302
44.82,102.37,-999,0.50034,0.35615,0.66696
52.75,102.37,-999,0.62616,0.4557,0.82059
57.32,102.37,-999,0.68187,0.51911,0.86557
62.55,102.37,-999,0.70054,0.57188,0.84365
69.02,102.37,-999,0.5028,0.34471,0.68772
-62.55,104.88,-999,1.0863,0.94423,1.2469
-57.32,104.88,-999,0.95233,0.73752,1.1817
-52.75,104.88,-999,0.89773,0.67968,1.1373
-48.63,104.88,-999,0.8395,0.62798,1.0727
-44.82,104.88,-999,0.77694,0.56928,1.0016
-41.25,104.88,-999,0.70892,0.51112,0.92427
-37.87,104.88,-999,0.68982,0.50151,0.89958
52.75,104.88,-999,0.63365,0.43808,0.87611
57.32,104.88,-999,0.68261,0.52059,0.86464
62.55,104.88,-999,0.68877,0.5578,0.83622
69.02,104.88,-999,0.4983,0.34136,0.68294
-62.55,107.39,-999,1.0902,0.94738,1.2495
-57.32,107.39,-999,0.95186,0.73679,1.1816
-52.75,107.39,-999,0.89389,0.67805,1.1289
-48.63,107.39,-999,0.83514,0.62143,1.0676
-44.82,107.39,-999,0.77128,0.56591,0.99461
-41.25,107.39,-999,0.70665,0.50686,0.92419
-37.87,107.39,-999,0.68496,0.49487,0.89581
52.75,107.39,-999,0.59236,0.43381,0.77957
57.32,107.39,-999,0.77912,0.61544,0.96334
62.55,107.39,-999,0.66798,0.47234,0.9005
69.02,107.39,-999,0.54999,0.43995,0.67702
-62.55,109.9,-999,0.99473,0.78749,1.2114
-57.32,109.9,-999,1.0527,0.90184,1.2192
-52.75,109.9,-999,0.88968,0.67326,1.1248
-48.63,109.9,-999,0.83028,0.61483,1.0612
-44.82,109.9,-999,0.76443,0.55857,0.98806
-41.25,109.9,-999,0.74125,0.53594,0.9693
-37.87,109.9,-999,0.68303,0.49359,0.89671
57.32,109.9,-999,0.67799,0.4795,0.90469
62.55,109.9,-999,0.67901,0.54301,0.83565
69.02,109.9,-999,0.55399,0.44241,0.68091
-62.55,112.41,-999,1.1018,0.95283,1.266
-57.32,112.41,-999,1.0543,0.90441,1.2213
-52.75,112.41,-999,0.8906,0.66746,1.1271
-48.63,112.41,-999,0.83625,0.61646,1.0688
-44.82,112.41,-999,0.8496,0.69037,1.022
-41.25,112.41,-999,0.75052,0.54426,0.98283
-37.87,112.41,-999,0.68202,0.49114,0.89676
-34.64,112.41,-999,0.69783,0.51535,0.91434
-31.53,112.41,-999,0.88824,0.73322,1.0589
34.64,112.41,-999,1.2231,1.0193,1.4379
52.75,112.41,-999,0.74748,0.52438,1.0049
57.32,112.41,-999,0.71953,0.51665,0.94554
62.55,112.41,-999,0.67527,0.47954,0.90522
69.02,112.41,-999,0.5587,0.44247,0.69072
-57.32,114.92,-999,0.96147,0.73732,1.1976
-52.75,114.92,-999,0.8841,0.65354,1.1276
-48.63,114.92,-999,0.8259,0.60693,1.0602
-44.82,114.92,-999,0.85521,0.69151,1.0343
-41.25,114.92,-999,0.85089,0.68589,1.0351
-37.87,114.92,-999,0.68989,0.49662,0.90727
31.53,114.92,-999,1.4522,1.2321,1.6909
52.75,114.92,-999,0.78387,0.56389,1.0373
57.32,114.92,-999,0.73739,0.53398,0.95726
62.55,114.92,-999,0.70094,0.56155,0.85904
69.02,114.92,-999,0.5647,0.44558,0.69965
-41.25,117.43,-999,0.7838,0.61931,0.96535
25.59,117.43,-999,1.4117,1.0733,1.7515
31.53,117.43,-999,1.3511,1.0253,1.6951
52.75,117.43,-999,0.86109,0.62973,1.1235
57.32,117.43,-999,0.76797,0.56216,0.98938
69.02,117.43,-999,0.57632,0.45433,0.71807
25.59,119.94,-999,1.4588,1.1145,1.8025
28.52,119.94,-999,1.4284,1.0896,1.7748
31.53,119.94,-999,1.4121,1.2088,1.6328
52.75,119.94,-999,0.89991,0.66545,1.1641
57.32,119.94,-999,0.79719,0.58759,1.0228
69.02,119.94,-999,0.56984,0.44958,0.70377
28.52,122.45,-999,1.374,1.051,1.7152
31.53,122.45,-999,1.4452,1.2458,1.6622
48.63,122.45,-999,0.81627,0.64856,1.0042
52.75,122.45,-999,0.98339,0.72599,1.2678
57.32,122.45,-999,0.92821,0.78888,1.0783
62.55,122.45,-999,0.72068,0.57622,0.87934
69.02,122.45,-999,0.56779,0.45116,0.69803
52.75,124.96,-999,1.0111,0.75541,1.2978
62.55,124.96,-999,0.72738,0.58803,0.88047
69.02,124.96,-999,0.52312,0.35563,0.71524
37.87,127.47,-999,1.2967,1.0965,1.5098
52.75,127.47,-999,1.0637,0.79357,1.3635
57.32,127.47,-999,0.85042,0.65845,1.0548
62.55,127.47,-999,0.77902,0.56413,1.0254
69.02,127.47,-999,0.60923,0.48523,0.75033
31.53,129.98,-999,1.5489,1.3289,1.7866
48.63,129.98,-999,0.99295,0.78578,1.221
52.75,129.98,-999,1.091,0.81974,1.3819
57.32,129.98,-999,1.0419,0.87794,1.2105
69.02,129.98,-999,0.54097,0.3769,0.73256
25.59,132.49,-999,1.7122,1.5021,1.9368
28.52,132.49,-999,1.6448,1.4331,1.8693
48.63,132.49,-999,1.2258,1.0482,1.4167
52.75,132.49,-999,1.1252,0.84481,1.4238
57.32,132.49,-999,0.9481,0.70109,1.2127
62.55,132.49,-999,0.80141,0.65055,0.96531
69.02,132.49,-999,0.54621,0.38461,0.73251
31.53,135,-999,1.4698,1.134,1.8244
37.87,135,-999,1.3601,1.0241,1.7297
41.25,135,-999,1.2222,0.90681,1.5646
44.82,135,-999,1.2783,1.0786,1.494
48.63,135,-999,1.133,0.84778,1.4392
52.75,135,-999,1.2724,1.0802,1.4695
57.32,135,-999,1.0914,0.91824,1.2731
62.55,135,-999,0.80429,0.65916,0.95883
69.02,135,-999,0.565,0.39971,0.75358
25.59,137.51,-999,1.6403,1.2737,2.0204
28.52,137.51,-999,1.5623,1.208,1.934
31.53,137.51,-999,1.4705,1.1272,1.8271
34.64,137.51,-999,1.4174,1.0762,1.7841
37.87,137.51,-999,1.2894,1.019,1.5701
41.25,137.51,-999,1.2405,0.9297,1.5814
44.82,137.51,-999,1.208,0.9094,1.5375
48.63,137.51,-999,1.179,0.88319,1.4979
52.75,137.51,-999,1.2882,1.0912,1.4917
57.32,137.51,-999,1.1038,0.93076,1.2826
69.02,137.51,-999,0.59207,0.42789,0.78403
22.74,140.02,-999,1.8566,1.6292,2.0985
25.59,140.02,-999,1.7229,1.3496,2.1129
28.52,140.02,-999,1.5386,1.2007,1.8951
31.53,140.02,-999,1.5708,1.2191,1.9462
34.64,140.02,-999,1.5881,1.3503,1.8398
37.87,140.02,-999,1.3707,1.0332,1.7239
41.25,140.02,-999,1.2801,0.95717,1.6259
44.82,140.02,-999,1.2417,0.92891,1.5856
48.63,140.02,-999,1.2061,0.8988,1.5303
52.75,140.02,-999,1.3077,1.1072,1.5187
57.32,140.02,-999,1.1138,0.94394,1.2891
62.55,140.02,-999,0.77444,0.56568,1.0056
69.02,140.02,-999,0.62233,0.44972,0.82282
19.94,142.53,-999,1.9229,1.5167,2.3524
22.74,142.53,-999,1.7193,1.3593,2.1023
25.59,142.53,-999,1.5857,1.2436,1.9442
31.53,142.53,-999,1.511,1.174,1.8674
34.64,142.53,-999,1.4455,1.114,1.8004
37.87,142.53,-999,1.4105,1.0806,1.7635
41.25,142.53,-999,1.3196,0.9869,1.6826
44.82,142.53,-999,1.2756,0.95499,1.6265
48.63,142.53,-999,1.2289,0.91385,1.5605
52.75,142.53,-999,1.3299,1.121,1.5449
57.32,142.53,-999,1.1195,0.95128,1.2899
69.02,142.53,-999,0.63354,0.45948,0.83241
17.19,145.04,-999,1.9788,1.563,2.4346
19.94,145.04,-999,1.875,1.4803,2.2918
34.64,145.04,-999,1.4581,1.1294,1.812
37.87,145.04,-999,1.5968,1.3709,1.8349
41.25,145.04,-999,1.4001,1.062,1.7714
44.82,145.04,-999,1.4323,1.195,1.6901
48.63,145.04,-999,1.3794,1.1486,1.624
52.75,145.04,-999,1.3489,1.1301,1.5746
57.32,145.04,-999,1.1305,0.96461,1.3008
62.55,145.04,-999,0.91175,0.77931,1.0519
69.02,145.04,-999,0.64712,0.46966,0.84786
14.48,147.55,-999,2.2428,1.7504,2.778
34.64,147.55,-999,1.4791,1.1503,1.8374
37.87,147.55,-999,1.6356,1.401,1.8803
41.25,147.55,-999,1.3862,1.0554,1.746
44.82,147.55,-999,1.4558,1.2296,1.6991
48.63,147.55,-999,1.3966,1.1568,1.6489
52.75,147.55,-999,1.2863,1.0821,1.4963
57.32,147.55,-999,1.0223,0.76647,1.2873
62.55,147.55,-999,0.8298,0.60995,1.0678
69.02,147.55,-999,0.68327,0.49307,0.89357
34.64,150.06,-999,1.4558,1.1298,1.8052
37.87,150.06,-999,1.4142,1.0924,1.7662
41.25,150.06,-999,1.3677,1.0433,1.7192
44.82,150.06,-999,1.3367,1.0145,1.685
48.63,150.06,-999,1.4232,1.2062,1.6591
52.75,150.06,-999,1.2891,1.0872,1.4969
57.32,150.06,-999,1.0332,0.77444,1.3004
62.55,150.06,-999,0.94278,0.80484,1.0895
69.02,150.06,-999,0.69551,0.5034,0.90823
37.87,152.57,-999,1.4324,1.1087,1.78
41.25,152.57,-999,1.3673,1.0497,1.7118
44.82,152.57,-999,1.3387,1.0177,1.6818
48.63,152.57,-999,1.3013,0.98377,1.6355
52.75,152.57,-999,1.2867,1.0851,1.4991
57.32,152.57,-999,1.0449,0.78329,1.315
62.55,152.57,-999,0.87752,0.64598,1.1189
69.02,152.57,-999,0.82615,0.67043,0.99301
37.87,155.08,-999,1.5663,1.3701,1.7773
41.25,155.08,-999,1.5394,1.3356,1.7518
44.82,155.08,-999,1.4836,1.2755,1.7028
48.63,155.08,-999,1.4542,1.2423,1.6766
52.75,155.08,-999,1.2877,1.0873,1.5019
57.32,155.08,-999,1.1672,0.99809,1.3425
62.55,155.08,-999,0.98198,0.83327,1.1363
69.02,155.08,-999,0.74491,0.53366,0.97629
41.25,157.59,-999,1.4929,1.3018,1.6895
44.82,157.59,-999,1.5096,1.2974,1.7291
48.63,157.59,-999,1.4691,1.2584,1.6901
52.75,157.59,-999,1.2917,1.0893,1.505
57.32,157.59,-999,1.1743,1.001,1.3505
62.55,157.59,-999,0.89527,0.66233,1.1392
69.02,157.59,-999,0.74224,0.53084,0.97349
41.25,160.1,-999,1.5432,1.3445,1.7584
44.82,160.1,-999,1.5144,1.307,1.7288
48.63,160.1,-999,1.3459,1.0171,1.6859
52.75,160.1,-999,1.2262,0.93024,1.5354
57.32,160.1,-999,1.1788,1.0036,1.358
62.55,160.1,-999,1.0074,0.84731,1.1692
69.02,160.1,-999,0.79161,0.56386,1.0438
41.25,162.61,-999,1.5231,1.3282,1.7267
44.82,162.61,-999,1.5155,1.3105,1.7246
48.63,162.61,-999,1.3031,0.99603,1.6281
52.75,162.61,-999,1.2344,0.93855,1.5431
57.32,162.61,-999,1.1808,1.004,1.3621
62.55,162.61,-999,0.91401,0.67104,1.164
69.02,162.61,-999,0.7957,0.5621,1.0565
44.82,165.12,-999,1.4533,1.2648,1.6571
48.63,165.12,-999,1.2797,0.98282,1.5935
52.75,165.12,-999,1.3807,1.1865,1.5837
57.32,165.12,-999,1.1854,1.0072,1.3704
62.55,165.12,-999,0.92037,0.67387,1.1761
69.02,165.12,-999,0.76229,0.5398,1.0055
44.82,167.63,-999,1.318,1.0174,1.6368
48.63,167.63,-999,1.2678,0.97079,1.5777
52.75,167.63,-999,1.3759,1.1816,1.577
57.32,167.63,-999,1.2061,1.0258,1.3917
62.55,167.63,-999,0.93703,0.68593,1.195
48.63,170.14,-999,1.2603,0.9648,1.5678
52.75,170.14,-999,1.3033,1.1183,1.502
57.32,170.14,-999,1.1975,1.0197,1.382
62.55,170.14,-999,0.93013,0.68174,1.1844
48.63,172.65,-999,1.3014,1.0006,1.6208
52.75,172.65,-999,1.3013,1.1203,1.4957
57.32,172.65,-999,1.188,1.0125,1.3695
62.55,172.65,-999,0.95109,0.6989,1.2139
48.63,175.16,-999,1.4254,1.2418,1.6205
52.75,175.16,-999,1.2872,1.1105,1.478
57.32,175.16,-999,1.0625,0.79607,1.3424
62.55,175.16,-999,0.95364,0.69957,1.2159
48.63,177.67,-999,1.4253,1.2389,1.6229
52.75,177.67,-999,1.2695,1.0955,1.4558
57.32,177.67,-999,1.1681,0.99535,1.3503
62.55,177.67,-999,1.0947,0.91061,1.2932
