-67.4,-70.5,-0.11653,0.25277,-0.10734,0.63653
-67.4,-67.5,0.13976,0.25227,-0.11914,0.65188
-67.4,-64.5,0.58779,0.23184,-0.13767,0.63183
-67.4,-61.5,-0.072571,0.21944,-0.16233,0.63427
-67.4,46.5,-0.16252,-0.20697,-0.56456,0.13098
-67.4,49.5,-0.28768,-0.21066,-0.57377,0.13662
-67.4,52.5,0,-0.20748,-0.55951,0.13055
-67.4,76.5,-0.44629,-0.18053,-0.44073,0.076389
-67.4,79.5,-0.34249,-0.17442,-0.42484,0.075737
-67.4,94.5,-0.01005,-0.1258,-0.35204,0.1003
-67.4,97.5,0,-0.11331,-0.3448,0.11959
-67.4,100.5,-0.083382,-0.10915,-0.34429,0.1243
-67.4,103.5,-0.01005,-0.1023,-0.33747,0.12964
-67.4,106.5,-0.072571,-0.10035,-0.33151,0.12618
-67.4,109.5,-0.15082,-0.09509,-0.31647,0.12566
-67.4,112.5,-0.16252,-0.090987,-0.30246,0.12219
-67.4,115.5,-0.19845,-0.088049,-0.28422,0.1118
-67.4,118.5,-0.24846,-0.086113,-0.27404,0.10343
-67.4,121.5,-0.15082,-0.084866,-0.26627,0.099873
-67.4,124.5,-0.01005,-0.083863,-0.26749,0.10168
-67.4,127.5,-0.051293,-0.078231,-0.27118,0.11301
-67.4,130.5,-0.01005,-0.076177,-0.28311,0.12744
-67.4,133.5,0.20701,-0.072777,-0.29451,0.14492
-67.4,136.5,-0.040822,-0.067569,-0.30721,0.16986
-67.4,139.5,0,-0.060168,-0.3121,0.19006
-67.4,142.5,-0.020203,-0.050311,-0.3076,0.20447
-67.4,145.5,-0.17435,-0.041837,-0.3016,0.21275
-67.4,148.5,-0.23572,-0.028018,-0.27798,0.22322
-54.75,-70.5,0.72755,0.28764,-0.0010596,0.5816
-54.75,-67.5,0.19062,0.27973,-0.006137,0.57572
-49.8,-70.5,0.83725,0.28186,-0.11125,0.64255
-49.8,-67.5,0.25464,0.21274,-0.085753,0.49638
-49.8,148.5,-0.19845,0.010897,-0.18705,0.20038
-49.8,178.5,0.27003,0.18778,-0.10978,0.49639
-45.32,-178.5,0.17395,0.25688,-0.278,0.79364
-45.32,-70.5,0.48858,0.082969,-0.18641,0.34079
-45.32,145.5,0.13976,0.0051763,-0.21282,0.22366
-45.32,148.5,-0.26136,0.031275,-0.18809,0.24646
-45.32,175.5,0.19062,0.19895,-0.12103,0.52319
-45.32,178.5,0.076961,0.21106,-0.12098,0.54523
-41.17,-67.5,-0.072571,-0.15952,-0.39928,0.070536
-41.17,-64.5,-0.44629,-0.17259,-0.41497,0.054293
-41.17,-55.5,-0.35667,-0.27291,-0.50375,-0.05008
-41.17,-52.5,0.076961,-0.16047,-0.38206,0.049943
-41.17,112.5,0.04879,-0.25722,-0.44226,-0.078452
-41.17,115.5,-0.12783,-0.25125,-0.43912,-0.065795
-41.17,118.5,-0.24846,-0.24994,-0.43351,-0.068652
-41.17,121.5,-0.37106,-0.24525,-0.42396,-0.068955
-41.17,133.5,-0.19845,-0.13016,-0.30753,0.044877
-41.17,136.5,-0.18633,-0.089659,-0.28046,0.096427
-41.17,139.5,-0.11653,-0.060716,-0.26109,0.13892
-41.17,142.5,-0.01005,-0.010166,-0.21674,0.1945
-41.17,145.5,0.12222,0.03306,-0.17303,0.23581
-41.17,148.5,0.24686,0.068253,-0.12899,0.26706
-41.17,151.5,0.067659,0.078331,-0.10905,0.26527
-41.17,178.5,0.32208,0.2367,-0.054068,0.53113
-37.27,-70.5,-1.0498,-0.35931,-0.55926,-0.15497
-37.27,-67.5,-0.54473,-0.37199,-0.57827,-0.15997
-37.27,-64.5,-0.51083,-0.40061,-0.60759,-0.18692
-37.27,-58.5,-0.46204,-0.41876,-0.61829,-0.21658
-37.27,19.5,-0.52763,-0.16247,-0.39665,0.077593
-37.27,112.5,-0.17435,-0.23282,-0.41694,-0.048771
-37.27,115.5,-0.23572,-0.22838,-0.41327,-0.038319
-37.27,118.5,-0.28768,-0.234,-0.41141,-0.052741
-37.27,121.5,-0.44629,-0.23255,-0.40366,-0.061394
-37.27,124.5,-0.28768,-0.21794,-0.3744,-0.056668
-37.27,127.5,-0.28768,-0.19456,-0.33685,-0.045306
-37.27,130.5,-0.35667,-0.15955,-0.29725,-0.016222
-37.27,133.5,-0.37106,-0.11903,-0.25529,0.022961
-37.27,136.5,-0.19845,-0.070316,-0.21482,0.07599
-37.27,139.5,-0.051293,-0.035826,-0.18966,0.11748
-37.27,142.5,0.039221,0.0045595,-0.15329,0.1624
-37.27,145.5,0.10436,0.050224,-0.11176,0.21056
-37.27,148.5,0.19885,0.078121,-0.083292,0.23547
-37.27,151.5,0.36464,0.095371,-0.067171,0.25512
-33.57,-67.5,-1.0217,-0.53031,-0.73762,-0.32158
-33.57,-64.5,-0.65393,-0.55898,-0.77808,-0.34223
-33.57,-61.5,-0.22314,-0.57501,-0.79361,-0.35869
-33.57,-58.5,-0.67334,-0.576,-0.78974,-0.36415
-33.57,-52.5,-0.43078,-0.51649,-0.70364,-0.33188
-33.57,16.5,-0.61619,-0.19532,-0.43727,0.045575
-33.57,19.5,-0.18633,-0.14546,-0.3957,0.10887
-33.57,22.5,-0.040822,-0.16777,-0.41551,0.076776
-33.57,25.5,0.10436,-0.17118,-0.40906,0.06221
-33.57,112.5,-0.21072,-0.14887,-0.3162,0.021
-33.57,115.5,-0.094311,-0.14603,-0.3154,0.024305
-33.57,118.5,-0.040822,-0.14321,-0.30689,0.020538
-33.57,121.5,0.039221,-0.13367,-0.28818,0.021955
-33.57,124.5,0.04879,-0.1228,-0.26455,0.022773
-33.57,127.5,-0.030459,-0.10489,-0.24187,0.033445
-33.57,130.5,-0.15082,-0.077335,-0.21518,0.064326
-33.57,133.5,-0.23572,-0.04363,-0.19118,0.10335
-33.57,136.5,-0.072571,-0.091205,-0.28729,0.10599
-33.57,139.5,0.019803,0.034873,-0.14376,0.20525
-33.57,142.5,0.11333,0.062491,-0.12561,0.23943
-33.57,145.5,0.13103,0.089059,-0.10139,0.27397
-33.57,148.5,0.19062,0.11242,-0.079176,0.29622
-33.57,151.5,0.32208,0.13287,-0.055756,0.31617
-30.02,-67.5,-1.6607,-0.52288,-0.73564,-0.30474
-30.02,-64.5,-0.65393,-0.55899,-0.77842,-0.33961
-30.02,-61.5,-0.26136,-0.58458,-0.80435,-0.36674
-30.02,-52.5,-0.30111,-0.50113,-0.69663,-0.31388
-30.02,-49.5,-0.094311,-0.46972,-0.65046,-0.2917
-30.02,13.5,-1.6094,-0.23356,-0.43699,-0.036138
-30.02,16.5,-0.23572,-0.22535,-0.43251,-0.023014
-30.02,19.5,-0.040822,-0.20968,-0.41924,-0.0023163
-30.02,22.5,0.019803,-0.19755,-0.40174,0.007012
-30.02,25.5,0.039221,-0.17512,-0.37764,0.017699
-30.02,28.5,0.086178,-0.17503,-0.37166,0.010709
-30.02,115.5,-0.051293,-0.023206,-0.18427,0.14104
-30.02,118.5,-0.01005,-0.019677,-0.1845,0.14514
-30.02,121.5,0.11333,-0.0020394,-0.16318,0.15872
-30.02,124.5,0.086178,0.021192,-0.13615,0.17572
-30.02,127.5,0.157,0.042091,-0.10954,0.18776
-30.02,130.5,0.11333,0.064523,-0.081184,0.20937
-30.02,133.5,0.12222,0.079701,-0.063134,0.2206
-30.02,136.5,0.13103,0.1001,-0.050341,0.24947
-30.02,139.5,0.10436,0.14309,-0.016716,0.30182
-30.02,142.5,0.11333,0.15331,-0.01518,0.31998
-30.02,145.5,0.157,0.17252,-0.0025653,0.34168
-26.59,-67.5,-1.6607,-0.41299,-0.60962,-0.2218
-26.59,-64.5,-0.65393,-0.40916,-0.61122,-0.21483
-26.59,-61.5,-0.37106,-0.426,-0.61864,-0.24146
-26.59,-52.5,-0.16252,-0.34018,-0.52127,-0.17097
-26.59,-49.5,0.0099503,-0.30667,-0.47925,-0.14229
-26.59,13.5,-1.2379,-0.2051,-0.3899,-0.019686
-26.59,16.5,-0.15082,-0.22022,-0.39369,-0.047419
-26.59,19.5,-0.051293,-0.2028,-0.37176,-0.035064
-26.59,22.5,-0.072571,-0.18421,-0.35044,-0.020348
-26.59,25.5,-0.11653,-0.17501,-0.33547,-0.017899
-26.59,28.5,-0.020203,-0.14851,-0.31484,0.011956
-26.59,37.5,-0.44629,-0.16907,-0.40681,0.055758
-26.59,43.5,-0.65393,0.00018787,-0.22508,0.22635
-26.59,121.5,0.10436,0.15738,-0.029643,0.34405
-26.59,124.5,0.18232,0.18157,-0.0097494,0.37638
-26.59,127.5,0.20701,0.19633,0.006925,0.39095
-26.59,130.5,0.19062,0.22081,0.039043,0.41158
-26.59,133.5,0.157,0.23048,0.057097,0.40969
-26.59,136.5,0.076961,0.24532,0.080414,0.41741
-26.59,139.5,0.086178,0.26006,0.099815,0.4262
-26.59,142.5,0.17395,0.28695,0.1297,0.44455
-23.26,-64.5,-0.31471,-0.17111,-0.35356,0.012513
-23.26,-61.5,-0.21072,-0.1742,-0.34977,0.00010769
-23.26,-58.5,-0.18633,-0.16166,-0.33433,0.0073659
-23.26,-55.5,-0.061875,-0.1305,-0.30287,0.034916
-23.26,-52.5,0.11333,-0.086676,-0.26519,0.084305
-23.26,-49.5,0.19885,-0.067445,-0.24484,0.10476
-23.26,-46.5,0.21511,-0.048281,-0.22901,0.12769
-23.26,13.5,-0.41552,-0.1296,-0.32844,0.077917
-23.26,16.5,0.0099503,-0.14383,-0.32438,0.042332
-23.26,19.5,0.0099503,-0.13633,-0.30839,0.04382
-23.26,22.5,-0.051293,-0.11156,-0.28006,0.060651
-23.26,25.5,-0.10536,-0.095518,-0.26101,0.067622
-23.26,28.5,-0.15082,-0.071497,-0.24522,0.10195
-23.26,31.5,0,-0.045294,-0.2323,0.13846
-23.26,43.5,-0.82098,0.09603,-0.14658,0.34349
-23.26,46.5,-0.15082,0.10478,-0.13877,0.35619
-23.26,130.5,0.26236,0.38244,0.18692,0.57876
-23.26,133.5,0.23111,0.39683,0.20565,0.5881
-23.26,178.5,0.55962,0.51703,0.27829,0.7365
-20.01,-67.5,-0.44629,-0.05103,-0.23055,0.13509
-20.01,-64.5,0.058269,0.0065742,-0.18438,0.19636
-20.01,-61.5,0.17395,0.036052,-0.13084,0.20736
-20.01,-58.5,0.13103,0.072624,-0.086206,0.2376
-20.01,-55.5,0.157,0.10728,-0.05114,0.26453
-20.01,-52.5,0.22314,0.15953,-0.0064485,0.31953
-20.01,-49.5,0.31481,0.16401,-0.019031,0.33516
-20.01,-46.5,0.24686,0.16936,-0.02618,0.35189
-20.01,-43.5,-0.11653,0.19294,-0.010493,0.39095
-20.01,-40.5,-0.083382,0.19802,-0.0073407,0.40014
-20.01,13.5,-0.020203,-0.039812,-0.22859,0.14914
-20.01,16.5,0.157,-0.024854,-0.20843,0.15691
-20.01,19.5,0.14842,0.0029768,-0.17061,0.17368
-20.01,22.5,0.12222,0.037027,-0.12298,0.20511
-20.01,25.5,0.039221,0.057073,-0.094193,0.21406
-20.01,28.5,-0.061875,0.08013,-0.078842,0.24192
-20.01,31.5,0.26236,0.10385,-0.071529,0.28145
-20.01,34.5,0.039221,0.12713,-0.061707,0.31959
-20.01,46.5,0.59333,0.22469,-0.0031922,0.4573
-16.83,-67.5,0.019803,0.14484,-0.041061,0.33551
-16.83,-64.5,0.3001,0.1717,-0.011334,0.3591
-16.83,-61.5,0.27763,0.1744,0.01317,0.34234
-16.83,-58.5,0.20701,0.22165,0.070052,0.38014
-16.83,-55.5,0.17395,0.25443,0.10316,0.40287
-16.83,-52.5,0.22314,0.30265,0.14881,0.45718
-16.83,-49.5,0.35767,0.31275,0.14548,0.48022
-16.83,-46.5,0.27763,0.31432,0.12246,0.50165
-16.83,-43.5,-0.30111,0.35505,0.1546,0.56354
-16.83,-40.5,-0.34249,0.3409,0.13493,0.55586
-16.83,10.5,-0.35667,0.089128,-0.10293,0.28903
-16.83,13.5,0.12222,0.1249,-0.067978,0.3233
-16.83,16.5,0.25464,0.12586,-0.049391,0.30436
-16.83,19.5,0.27763,0.16146,-0.0017253,0.32742
-16.83,22.5,0.27763,0.20531,0.04799,0.35861
-16.83,25.5,0.23111,0.22697,0.080332,0.37044
-16.83,28.5,0.14842,0.25055,0.10105,0.39312
-16.83,31.5,0.21511,0.29274,0.12704,0.45795
-16.83,34.5,0.28518,0.30118,0.12225,0.47864
-16.83,37.5,0.26236,0.28988,0.10433,0.48167
-16.83,145.5,0.54812,0.75432,0.4869,1.0036
-13.71,-178.5,0.96317,0.46989,-0.20158,1.0818
-13.71,-70.5,0.47623,0.31732,0.11554,0.52172
-13.71,-67.5,0.46373,0.30187,0.11197,0.50049
-13.71,-64.5,0.36464,0.27853,0.10878,0.46255
-13.71,-61.5,0.3293,0.2981,0.13552,0.46427
-13.71,-58.5,0.40547,0.32887,0.17529,0.48499
-13.71,-55.5,0.41871,0.38222,0.23007,0.53758
-13.71,-52.5,0.45742,0.40508,0.24925,0.56224
-13.71,-49.5,0.48243,0.40638,0.23801,0.57205
-13.71,-46.5,0.4947,0.40577,0.21918,0.59193
-13.71,-43.5,-0.030459,0.43918,0.24369,0.63331
-13.71,-40.5,-0.35667,0.42958,0.22469,0.63791
-13.71,-37.5,0.35767,0.38806,0.19048,0.58972
-13.71,13.5,0.058269,0.24522,0.065869,0.43805
-13.71,16.5,0.27763,0.25228,0.081472,0.42709
-13.71,19.5,0.36464,0.28496,0.12147,0.44562
-13.71,22.5,0.45742,0.32423,0.15886,0.47888
-13.71,25.5,0.45742,0.35464,0.19017,0.50672
-13.71,28.5,0.41211,0.37168,0.20909,0.52684
-13.71,31.5,0.28518,0.40755,0.2396,0.56778
-13.71,34.5,0.39878,0.40114,0.22734,0.57342
-13.71,37.5,0.53063,0.37442,0.18875,0.55544
-13.71,130.5,0.76081,0.80154,0.56794,1.0186
-13.71,139.5,0.98208,0.86443,0.5763,1.1286
-13.71,148.5,1.1474,0.86948,0.55379,1.1579
-10.62,-73.5,0.60977,0.53872,0.35492,0.72825
-10.62,-70.5,0.50682,0.51766,0.34799,0.69639
-10.62,-67.5,0.41871,0.51637,0.3498,0.69151
-10.62,-64.5,0.39204,0.51579,0.35574,0.6827
-10.62,-61.5,0.45742,0.51984,0.36403,0.67447
-10.62,-58.5,0.63658,0.54864,0.39502,0.69956
-10.62,-55.5,0.70804,0.53949,0.39849,0.68049
-10.62,-52.5,0.70804,0.51293,0.37245,0.65514
-10.62,-49.5,0.69813,0.51065,0.36198,0.66326
-10.62,-46.5,0.69813,0.5054,0.34544,0.66498
-10.62,-43.5,0.56531,0.5393,0.3597,0.7153
-10.62,-40.5,0.37844,0.52424,0.3414,0.70723
-10.62,-37.5,0.27763,0.49651,0.317,0.68031
-10.62,13.5,-0.072571,0.33078,0.15386,0.5105
-10.62,16.5,0.27763,0.34423,0.17442,0.5142
-10.62,19.5,0.39878,0.36411,0.20243,0.52469
-10.62,22.5,0.46373,0.38909,0.22913,0.54446
-10.62,25.5,0.43825,0.42529,0.2672,0.57825
-10.62,28.5,0.37844,0.44039,0.27967,0.59897
-10.62,31.5,0.3001,0.43977,0.27329,0.60538
-10.62,34.5,0.69315,0.41559,0.24735,0.58065
-10.62,37.5,0.55389,0.41498,0.23485,0.59243
-10.62,142.5,1.3788,0.95799,0.65374,1.2413
-10.62,145.5,1.3913,0.9595,0.64557,1.2531
-7.56,-73.5,0.76081,0.83958,0.65813,1.0207
-7.56,-70.5,0.6831,0.84277,0.67744,1.0112
-7.56,-67.5,0.63127,0.85903,0.7042,1.0199
-7.56,-64.5,0.65233,0.91173,0.74886,1.0758
-7.56,-61.5,0.6831,0.84891,0.69888,0.99729
-7.56,-58.5,0.81093,0.81772,0.67637,0.95963
-7.56,-55.5,0.87129,0.77494,0.6429,0.91078
-7.56,-52.5,0.88377,0.73313,0.59489,0.86925
-7.56,-49.5,0.892,0.6965,0.5482,0.84141
-7.56,-46.5,0.92426,0.66345,0.50363,0.81528
-7.56,-43.5,0.95935,0.62936,0.46002,0.79156
-7.56,-40.5,0.85015,0.60869,0.43771,0.77344
-7.56,-37.5,0.69315,0.60134,0.42937,0.769
-7.56,-34.5,0.69813,0.58827,0.41611,0.75886
-7.56,13.5,0.13976,0.42564,0.25079,0.60109
-7.56,16.5,0.43825,0.42586,0.25498,0.5927
-7.56,19.5,0.42527,0.42719,0.26275,0.58881
-7.56,22.5,0.37844,0.43059,0.27011,0.59277
-7.56,25.5,0.30748,0.43726,0.28796,0.5912
-7.56,28.5,0.26236,0.42818,0.27278,0.58915
-7.56,31.5,0.26236,0.41075,0.24592,0.57937
-7.56,34.5,0.7839,0.38903,0.21489,0.56108
-7.56,37.5,0.56531,0.37192,0.18151,0.55516
-7.56,112.5,1.477,0.84765,0.65321,1.0441
-7.56,169.5,1.5581,0.88416,0.57317,1.18
-4.53,-76.5,1.1217,0.99692,0.79041,1.1998
-4.53,-73.5,1.1442,0.96461,0.7354,1.1751
-4.53,-70.5,1.1119,1.1148,0.9376,1.2928
-4.53,-67.5,1.0438,1.1752,1.0008,1.3484
-4.53,-64.5,0.97456,1.1758,1.012,1.3395
-4.53,-61.5,0.91228,1.1163,0.96096,1.2711
-4.53,-58.5,0.94001,1.0663,0.91587,1.2171
-4.53,-55.5,0.94391,0.99584,0.84236,1.1422
-4.53,-52.5,0.90016,0.9204,0.75499,1.0761
-4.53,-49.5,0.92028,0.84865,0.67203,1.0166
-4.53,-46.5,0.96698,0.78949,0.60742,0.96338
-4.53,-43.5,0.88789,0.72728,0.53871,0.9048
-4.53,-40.5,0.87963,0.68726,0.50353,0.85948
-4.53,-37.5,0.85442,0.66102,0.48958,0.82668
-4.53,10.5,0.53649,0.54903,0.37207,0.72494
-4.53,13.5,0.53063,0.53976,0.36079,0.71663
-4.53,16.5,0.56531,0.52504,0.34932,0.69534
-4.53,19.5,0.50078,0.50508,0.33922,0.67099
-4.53,22.5,0.46373,0.48473,0.31824,0.65135
-4.53,25.5,0.43178,0.46836,0.31542,0.63298
-4.53,28.5,0.38526,0.42852,0.26805,0.59408
-4.53,31.5,0.35066,0.39131,0.22065,0.56393
-4.53,34.5,0.46373,0.34786,0.16638,0.527
-4.53,40.5,0.37156,0.36859,0.18305,0.55905
-4.53,109.5,1.2782,0.88618,0.6702,1.1009
-4.53,112.5,1.335,0.91878,0.70492,1.1331
-4.53,121.5,1.2698,0.96462,0.77088,1.1597
-1.51,-76.5,0.87547,1.0014,0.79423,1.2033
-1.51,-73.5,1.3376,1.0713,0.87716,1.2653
-1.51,-70.5,1.3635,1.1333,0.94645,1.3202
-1.51,-67.5,1.2865,1.1517,0.98239,1.3209
-1.51,-64.5,1.1537,1.1506,0.99624,1.3039
-1.51,-61.5,0.92822,1.1296,0.97874,1.2771
-1.51,-58.5,0.73237,1.0816,0.9271,1.2368
-1.51,-55.5,0.68813,1.003,0.8482,1.1567
-1.51,-52.5,0.70804,0.91414,0.75173,1.0729
-1.51,10.5,0.84157,0.70351,0.5319,0.87834
-1.51,13.5,0.802,0.6614,0.49625,0.82685
-1.51,16.5,0.70804,0.63761,0.47566,0.79608
-1.51,19.5,0.60977,0.60206,0.44558,0.75959
-1.51,22.5,0.57661,0.55783,0.39464,0.71567
-1.51,25.5,0.55389,0.50024,0.35344,0.64508
-1.51,28.5,0.50078,0.45348,0.2936,0.61882
-1.51,31.5,0.30748,0.39833,0.22533,0.57148
-1.51,34.5,0.29267,0.34682,0.17121,0.5249
-1.51,37.5,0.26236,0.21757,-0.0082373,0.42774
-1.51,103.5,0.83291,0.91545,0.71024,1.115
-1.51,106.5,0.84157,0.94911,0.73458,1.1546
-1.51,109.5,0.92822,0.9602,0.74564,1.1682
-1.51,112.5,0.90016,0.97619,0.76978,1.1778
-1.51,115.5,0.84587,0.98728,0.78972,1.1819
-1.51,124.5,0.82418,1.0246,0.83715,1.2126
-1.51,127.5,0.79299,1.0363,0.84104,1.2314
-1.51,157.5,0.039221,1.0053,0.70843,1.2868
-1.51,163.5,-0.061875,0.96807,0.66229,1.2574
1.51,-73.5,1.2556,0.80482,0.60933,1.0035
1.51,-70.5,1.2892,0.86389,0.67158,1.0647
1.51,-67.5,1.3481,0.8426,0.66023,1.0273
1.51,-64.5,0.71784,0.8543,0.68601,1.0208
1.51,-61.5,0.48243,0.849,0.68266,1.019
1.51,-58.5,0.76081,0.79695,0.63413,0.96532
1.51,-55.5,0.38526,0.76647,0.5978,0.94401
1.51,-52.5,0.50682,0.67672,0.51198,0.8461
1.51,-49.5,0.66783,0.61925,0.45388,0.78593
1.51,4.5,0.6831,0.783,0.61649,0.95245
1.51,10.5,0.92822,0.7653,0.60523,0.925
1.51,13.5,0.77473,0.73989,0.58563,0.89342
1.51,16.5,0.83291,0.70702,0.55448,0.85511
1.51,19.5,0.81978,0.6589,0.50643,0.80514
1.51,22.5,0.72271,0.60261,0.44288,0.75592
1.51,25.5,0.72755,0.51607,0.36838,0.65999
1.51,28.5,0.7031,0.46179,0.30691,0.61381
1.51,31.5,0.25464,0.39953,0.2349,0.56852
1.51,34.5,0.058269,0.34118,0.17423,0.5144
1.51,37.5,0.076961,0.29986,0.12123,0.48597
1.51,40.5,0.11333,0.30694,0.12619,0.49424
1.51,43.5,0.46373,0.33177,0.15736,0.51439
1.51,100.5,0.97456,0.98184,0.80104,1.1585
1.51,103.5,0.81536,0.99686,0.81113,1.1771
1.51,106.5,0.87963,1.0079,0.82454,1.1849
1.51,115.5,1.0438,1.0391,0.87492,1.2002
1.51,118.5,0.77011,1.0333,0.86894,1.1948
1.51,130.5,0.40547,1.0936,0.87568,1.3181
1.51,133.5,0.35066,1.0883,0.85513,1.3245
4.53,-73.5,1.0188,0.38435,0.19213,0.57296
4.53,-70.5,1.0784,0.38202,0.18773,0.57853
4.53,-67.5,1.0508,0.25359,0.021191,0.48107
4.53,-64.5,0.56531,0.36553,0.16683,0.56139
4.53,-61.5,0.3001,0.35724,0.15705,0.55634
4.53,-58.5,0.35767,0.31968,0.12749,0.51438
4.53,-55.5,0.13103,0.28378,0.097096,0.47715
4.53,-52.5,0.27763,0.29423,0.10342,0.4842
4.53,-49.5,0.46373,0.2771,0.10111,0.4584
4.53,-10.5,0.83291,0.62335,0.44204,0.81003
4.53,-7.5,0.59884,0.66251,0.47328,0.85475
4.53,-4.5,0.47,0.68638,0.49881,0.87838
4.53,-1.5,0.23902,0.71471,0.53586,0.89476
4.53,4.5,0.72271,0.74966,0.59093,0.91347
4.53,7.5,0.90016,0.77244,0.61367,0.92827
4.53,10.5,0.71784,0.77645,0.60684,0.94338
4.53,13.5,0.63127,0.74369,0.57748,0.90061
4.53,16.5,0.72271,0.68864,0.53681,0.83613
4.53,19.5,0.67803,0.61872,0.46913,0.76488
4.53,22.5,0.55389,0.56094,0.40024,0.71656
4.53,25.5,0.54812,0.48216,0.32586,0.63102
4.53,28.5,0.60432,0.40382,0.25263,0.55555
4.53,31.5,0.35066,0.3415,0.18784,0.49944
4.53,34.5,0.157,0.30685,0.14655,0.47611
4.53,37.5,0.16551,0.28405,0.11626,0.45933
4.53,40.5,0.11333,0.29833,0.12652,0.47603
4.53,43.5,0.28518,0.32815,0.16023,0.50042
4.53,73.5,0.84157,0.90943,0.7386,1.0825
4.53,100.5,1.075,1.0663,0.89176,1.2381
4.53,103.5,1.1086,1.0584,0.88361,1.2307
4.53,112.5,1.1663,1.0619,0.90005,1.221
4.53,115.5,1.2119,1.0628,0.90083,1.2223
4.53,118.5,1.0716,1.0653,0.89761,1.2284
4.53,130.5,0.90422,1.0807,0.83946,1.3338
4.53,133.5,0.892,1.0779,0.81903,1.3466
4.53,136.5,0.8671,1.0673,0.80148,1.3402
7.56,-64.5,-0.22314,-0.20557,-0.43105,0.023355
7.56,-61.5,-0.38566,-0.083426,-0.29424,0.12167
7.56,-58.5,-0.10536,-0.11334,-0.31613,0.086941
7.56,-55.5,-0.13926,-0.080244,-0.28008,0.12342
7.56,-10.5,0.77473,0.55165,0.35942,0.74047
7.56,-7.5,0.6831,0.59424,0.40068,0.78376
7.56,-4.5,0.57661,0.60138,0.42332,0.77898
7.56,-1.5,0.45108,0.60985,0.43801,0.77579
7.56,1.5,0.43825,0.61446,0.45798,0.7672
7.56,4.5,0.48858,0.61506,0.46711,0.76376
7.56,7.5,0.43825,0.61097,0.46494,0.75777
7.56,10.5,0.40547,0.57242,0.42422,0.72048
7.56,13.5,0.40547,0.53723,0.38978,0.68487
7.56,16.5,0.48858,0.48718,0.33907,0.63173
7.56,19.5,0.46373,0.44072,0.28867,0.58871
7.56,22.5,0.35066,0.39839,0.23622,0.55389
7.56,25.5,0.19885,0.33617,0.17816,0.48594
7.56,28.5,0.28518,0.28091,0.12701,0.43163
7.56,31.5,0.26236,0.24264,0.089527,0.39831
7.56,34.5,0.10436,0.2468,0.082221,0.41787
7.56,37.5,0,0.29374,0.11069,0.48513
7.56,49.5,0.76081,0.33685,0.16564,0.50951
7.56,73.5,0.96698,0.9562,0.75313,1.1571
7.56,76.5,1.0225,0.97525,0.77535,1.1781
7.56,100.5,1.1378,1.1166,0.93184,1.2973
7.56,103.5,1.1378,1.1125,0.92374,1.3002
7.56,106.5,1.2865,1.1024,0.92102,1.2841
7.56,115.5,1.3191,1.0727,0.89688,1.2473
7.56,118.5,1.3056,1.0641,0.88408,1.2453
7.56,127.5,1.2865,1.0474,0.81834,1.2826
7.56,130.5,1.3083,1.0418,0.79575,1.2957
7.56,133.5,1.3271,1.0316,0.77844,1.2952
7.56,145.5,1.4036,0.96956,0.71537,1.2218
10.62,-82.5,-0.73397,-0.24034,-0.44507,-0.033787
10.62,-13.5,0.54232,0.32742,0.14004,0.50306
10.62,-10.5,0.48858,0.33693,0.16024,0.50517
10.62,-7.5,0.45742,0.36522,0.18789,0.52821
10.62,-4.5,0.42527,0.37605,0.21251,0.53234
10.62,-1.5,0.37156,0.36826,0.21561,0.51617
10.62,1.5,0.37156,0.34549,0.19936,0.48412
10.62,4.5,0.3293,0.31641,0.16845,0.45738
10.62,7.5,0.22314,0.28585,0.13334,0.43591
10.62,10.5,0.23902,0.22661,0.067906,0.38164
10.62,13.5,0.29267,0.18195,0.019997,0.33897
10.62,16.5,0.39204,0.14079,-0.023464,0.29757
10.62,19.5,0.39878,0.11182,-0.048876,0.27067
10.62,22.5,0.24686,0.086313,-0.073986,0.24393
10.62,25.5,0.058269,0.079862,-0.08396,0.24762
10.62,28.5,0.14842,0.065749,-0.094323,0.23031
10.62,31.5,0.11333,0.048434,-0.10821,0.20813
10.62,34.5,0.067659,0.098064,-0.077042,0.26924
10.62,37.5,-0.10536,0.19734,0.0015842,0.39775
10.62,40.5,0,0.11758,-0.063308,0.30788
10.62,43.5,0.086178,0.23897,0.068074,0.41653
10.62,46.5,0.43825,0.24677,0.075017,0.42039
10.62,70.5,0.97456,0.81744,0.61084,1.0137
10.62,73.5,0.76081,0.87017,0.65591,1.0764
10.62,76.5,0.94001,0.90306,0.69657,1.104
10.62,79.5,0.82855,0.91605,0.72495,1.104
10.62,97.5,0.85866,0.9267,0.70005,1.1408
10.62,100.5,0.83725,1.0952,0.90708,1.2776
10.62,103.5,0.87547,1.0923,0.90174,1.2839
10.62,106.5,1.2865,1.0708,0.88043,1.2635
10.62,109.5,1.3913,1.0502,0.86445,1.2326
10.62,121.5,1.3938,0.98115,0.79869,1.1597
13.71,-85.5,-0.18633,-0.42499,-0.65985,-0.19856
13.71,-64.5,-1.0217,-0.63893,-0.86825,-0.40483
13.71,-16.5,-0.34249,-0.02715,-0.20729,0.14892
13.71,-13.5,0.19885,0.010245,-0.16981,0.18611
13.71,-10.5,0.19062,0.036009,-0.13841,0.20753
13.71,-7.5,0.19062,0.042033,-0.12564,0.20574
13.71,-4.5,0.17395,0.028763,-0.13493,0.18567
13.71,-1.5,0.16551,-0.019757,-0.17323,0.12687
13.71,1.5,0.13976,-0.082311,-0.22964,0.061397
13.71,4.5,0.10436,-0.14988,-0.30233,-0.003555
13.71,7.5,0.029559,-0.22191,-0.37652,-0.070432
13.71,10.5,-0.040822,-0.28722,-0.44927,-0.13132
13.71,13.5,0.019803,-0.33607,-0.50212,-0.17811
13.71,16.5,0.13976,-0.37585,-0.53978,-0.21552
13.71,19.5,0.11333,-0.3932,-0.55272,-0.23168
13.71,22.5,-0.13926,-0.38338,-0.54616,-0.22129
13.71,25.5,-0.35667,-0.35726,-0.51501,-0.20192
13.71,28.5,-0.24846,-0.32279,-0.48024,-0.17016
13.71,31.5,-0.061875,-0.26874,-0.42797,-0.11368
13.71,34.5,-0.072571,-0.20276,-0.36543,-0.041885
13.71,40.5,0.11333,-0.03868,-0.21284,0.12885
13.71,43.5,0.039221,0.052248,-0.11569,0.21565
13.71,52.5,0.23902,0.21908,0.057655,0.37753
13.71,70.5,0.88377,0.65823,0.4751,0.8468
13.71,73.5,0.64185,0.66267,0.48263,0.84118
13.71,76.5,0.77473,0.69532,0.51699,0.87295
13.71,79.5,0.64185,0.71892,0.54928,0.88689
13.71,82.5,0.64185,0.73384,0.57229,0.89028
13.71,97.5,0.66269,0.88178,0.7141,1.0511
13.71,100.5,0.65752,0.93566,0.75566,1.119
13.71,103.5,0.69813,0.92601,0.74348,1.1107
13.71,106.5,1.1663,0.91613,0.74181,1.0945
16.83,-94.5,0.51879,-0.28661,-0.52822,-0.050926
16.83,-91.5,-0.16252,-0.38562,-0.63314,-0.14155
16.83,-88.5,-0.4943,-0.45213,-0.69893,-0.20681
16.83,-85.5,-0.40048,-0.53525,-0.78273,-0.28905
16.83,-73.5,-1.204,-0.80079,-1.0653,-0.52796
16.83,-70.5,-1.3863,-0.83387,-1.101,-0.55401
16.83,-67.5,-1.5606,-0.82249,-1.0802,-0.55083
16.83,-13.5,-0.61619,-0.38862,-0.56578,-0.20677
16.83,-10.5,-0.57982,-0.39695,-0.57429,-0.21624
16.83,-7.5,-0.54473,-0.42985,-0.59998,-0.25786
16.83,-4.5,-0.51083,-0.48761,-0.64968,-0.32531
16.83,-1.5,-0.47804,-0.57496,-0.73234,-0.42029
16.83,1.5,-0.59784,-0.68009,-0.83054,-0.5328
16.83,4.5,-0.79851,-0.78433,-0.93464,-0.63268
16.83,7.5,-1.1087,-0.88195,-1.0349,-0.73051
16.83,10.5,-1.3471,-0.97644,-1.1386,-0.81575
16.83,13.5,-1.3471,-1.0414,-1.2083,-0.87487
16.83,16.5,-1.5606,-1.0688,-1.2364,-0.90018
16.83,19.5,-1.5141,-1.0558,-1.2238,-0.8873
16.83,22.5,-1.3863,-1.0038,-1.1727,-0.8328
16.83,25.5,-1.273,-0.9228,-1.0891,-0.75528
16.83,28.5,-1.1087,-0.83321,-0.99736,-0.67112
16.83,31.5,-0.65393,-0.72557,-0.88559,-0.56479
16.83,34.5,-0.57982,-0.60711,-0.76912,-0.44843
16.83,40.5,-0.24846,-0.32562,-0.49223,-0.1585
16.83,43.5,-0.26136,-0.21072,-0.38779,-0.037178
16.83,46.5,-0.23572,-0.12703,-0.30069,0.044341
16.83,52.5,-0.23572,-0.0045564,-0.17566,0.16521
16.83,55.5,-0.47804,0.049826,-0.11503,0.21351
16.83,73.5,0.48858,0.33653,0.17855,0.49183
16.83,76.5,0.47623,0.38873,0.2258,0.5493
16.83,79.5,0.48243,0.42259,0.26162,0.58046
16.83,82.5,0.41871,0.44995,0.29127,0.60597
16.83,85.5,0.44469,0.48322,0.32807,0.63744
16.83,91.5,0.3293,0.56908,0.40178,0.73395
16.83,94.5,0.51879,0.58683,0.41506,0.75635
16.83,97.5,0.42527,0.62726,0.45012,0.80018
16.83,100.5,0.44469,0.66113,0.48423,0.84276
16.83,103.5,0.45108,0.65222,0.47851,0.82428
16.83,121.5,1.0613,0.66411,0.51238,0.81299
20.01,-97.5,-0.38566,-0.1531,-0.37797,0.064692
20.01,-94.5,0.77473,-0.20298,-0.42909,0.020525
20.01,-76.5,-0.8675,-0.70135,-0.93807,-0.45369
20.01,-73.5,-1.5141,-0.86268,-1.129,-0.57983
20.01,-13.5,-1.0217,-0.8802,-1.0618,-0.69361
20.01,-10.5,-0.99425,-0.94653,-1.1284,-0.76529
20.01,-7.5,-0.99425,-1.0396,-1.2136,-0.86864
20.01,-4.5,-0.94161,-1.1522,-1.3138,-0.98986
20.01,-1.5,-0.91629,-1.2773,-1.4315,-1.1227
20.01,1.5,-1.1087,-1.4054,-1.5584,-1.2485
20.01,4.5,-1.5141,-1.5505,-1.7042,-1.3945
20.01,7.5,-2.0402,-1.6744,-1.8305,-1.5092
20.01,10.5,-2.3026,-1.7699,-1.9388,-1.5986
20.01,13.5,-2.5257,-1.8257,-2.0003,-1.6476
20.01,16.5,-2.3026,-1.8321,-2.0089,-1.6495
20.01,19.5,-2.3026,-1.7876,-1.9584,-1.6099
20.01,22.5,-1.9661,-1.6966,-1.8619,-1.5203
20.01,25.5,-1.7148,-1.5627,-1.7309,-1.3884
20.01,28.5,-1.4697,-1.4266,-1.5894,-1.2607
20.01,31.5,-0.8916,-1.2717,-1.4378,-1.1117
20.01,37.5,-0.52763,-0.91445,-1.0905,-0.73994
20.01,40.5,-0.47804,-0.7332,-0.92501,-0.54572
20.01,43.5,-0.40048,-0.6235,-0.80035,-0.44868
20.01,52.5,-0.26136,-0.33889,-0.50522,-0.17569
20.01,64.5,0.23111,-0.101,-0.27551,0.068016
20.01,67.5,0.34359,-0.013304,-0.18585,0.15516
20.01,70.5,0.36464,0.038682,-0.13688,0.2089
20.01,73.5,0.32208,0.093978,-0.077348,0.26049
20.01,76.5,0.40547,0.15671,-0.013637,0.3228
20.01,79.5,0.37156,0.2123,0.044916,0.37748
20.01,82.5,0.33647,0.25365,0.095271,0.41271
20.01,85.5,0.37844,0.28515,0.12686,0.44392
20.01,88.5,0.31481,0.30879,0.1499,0.46952
20.01,91.5,0.30748,0.35441,0.19617,0.52033
20.01,94.5,0.48243,0.40126,0.24643,0.56512
20.01,97.5,0.35066,0.4262,0.25662,0.60285
20.01,100.5,0.41871,0.42039,0.25387,0.59459
20.01,103.5,0.47,0.39372,0.22103,0.56343
20.01,106.5,0.62594,0.40023,0.22987,0.56987
20.01,109.5,0.69315,0.41325,0.2452,0.5816
23.26,-100.5,-0.10536,0.018366,-0.20393,0.2354
23.26,-97.5,0.18232,-0.025759,-0.24675,0.18671
23.26,-85.5,-0.18633,-0.35141,-0.53218,-0.16509
23.26,-13.5,-1.5606,-1.3499,-1.5338,-1.1637
23.26,-10.5,-1.5141,-1.4823,-1.6652,-1.2947
23.26,-7.5,-1.5141,-1.627,-1.8023,-1.4462
23.26,-4.5,-1.5141,-1.7819,-1.9505,-1.611
23.26,-1.5,-1.5606,-1.9385,-2.0996,-1.7754
23.26,1.5,-1.8326,-2.0882,-2.2489,-1.9288
23.26,4.5,-2.1203,-2.2367,-2.3921,-2.0797
23.26,7.5,-2.5257,-2.3574,-2.5149,-2.1975
23.26,10.5,-2.8134,-2.3566,-2.5428,-2.1565
23.26,13.5,-2.8134,-2.4728,-2.6456,-2.3019
23.26,16.5,-2.4079,-2.4589,-2.6322,-2.2846
23.26,19.5,-2.3026,-2.3905,-2.5591,-2.2194
23.26,22.5,-2.2073,-2.2747,-2.4385,-2.1124
23.26,25.5,-2.3026,-2.1203,-2.2823,-1.9605
23.26,28.5,-2.0402,-1.9566,-2.1201,-1.7944
23.26,31.5,-1.4271,-1.7971,-1.9683,-1.6302
23.26,34.5,-1.273,-1.6184,-1.7951,-1.4449
23.26,37.5,-1.0788,-1.3759,-1.5697,-1.1825
23.26,40.5,-0.99425,-1.2274,-1.409,-1.0527
23.26,43.5,-0.82098,-1.0893,-1.2621,-0.91834
23.26,49.5,-0.61619,-0.83029,-0.99233,-0.67366
23.26,67.5,-0.083382,-0.14791,-0.31923,0.019477
23.26,70.5,-0.072571,-0.036603,-0.20634,0.12992
23.26,73.5,0,0.064747,-0.1036,0.22858
23.26,76.5,0.19062,0.18095,0.019374,0.34068
23.26,79.5,0.23111,0.29268,0.12742,0.45864
23.26,82.5,0.24686,0.34343,0.19061,0.49885
23.26,85.5,0.22314,0.371,0.22173,0.52657
23.26,88.5,0.14842,0.38582,0.23901,0.54379
23.26,91.5,0.14842,0.3975,0.25011,0.55291
23.26,94.5,0.32208,0.40156,0.25173,0.5546
23.26,97.5,0.27003,0.38755,0.23593,0.54252
23.26,100.5,0.33647,0.34497,0.18667,0.504
23.26,103.5,0.35767,0.30614,0.14694,0.4717
23.26,106.5,0.27763,0.27497,0.1152,0.43548
23.26,109.5,0.37844,0.25408,0.082279,0.42403
23.26,112.5,0.46373,0.24217,0.068842,0.41474
23.26,115.5,0.50682,0.25326,0.081223,0.42254
26.59,-106.5,0.0099503,0.062408,-0.15246,0.27586
26.59,-103.5,0.30748,0.11572,-0.099673,0.32475
26.59,-100.5,-0.17435,0.098801,-0.11593,0.30596
26.59,-97.5,-0.072571,0.038084,-0.16246,0.22932
26.59,-10.5,-2.1203,-1.7921,-1.9747,-1.6132
26.59,-7.5,-2.0402,-1.9237,-2.1113,-1.7313
26.59,-4.5,-2.1203,-2.1979,-2.3923,-2.005
26.59,-1.5,-2.2073,-2.2834,-2.4518,-2.1135
26.59,1.5,-2.4079,-2.4282,-2.5905,-2.266
26.59,4.5,-2.5257,-2.5501,-2.7108,-2.389
26.59,7.5,-2.6593,-2.6445,-2.8076,-2.4801
26.59,10.5,-2.5257,-2.6989,-2.8653,-2.5334
26.59,13.5,-2.3026,-2.7074,-2.88,-2.5376
26.59,16.5,-2.0402,-2.6807,-2.8562,-2.5096
26.59,19.5,-2.3026,-2.5358,-2.7343,-2.335
26.59,22.5,-2.5257,-2.4894,-2.6633,-2.3154
26.59,25.5,-2.6593,-2.3586,-2.5305,-2.1851
26.59,28.5,-2.6593,-2.2102,-2.3812,-2.0391
26.59,34.5,-2.0402,-1.8809,-2.0631,-1.6949
26.59,37.5,-1.9661,-1.7167,-1.9039,-1.5285
26.59,40.5,-1.7148,-1.6108,-1.7892,-1.4317
26.59,55.5,-0.96758,-0.91164,-1.075,-0.75532
26.59,58.5,-0.79851,-0.73788,-0.90693,-0.57911
26.59,61.5,-0.65393,-0.55054,-0.72289,-0.38492
26.59,64.5,-0.67334,-0.37981,-0.55401,-0.21052
26.59,67.5,-0.65393,-0.18275,-0.36203,-0.0082686
26.59,70.5,-0.56212,-0.026313,-0.20795,0.14959
26.59,73.5,-0.3285,0.18569,0.013807,0.3544
26.59,76.5,0.23111,0.40315,0.2243,0.58375
26.59,79.5,0.43825,0.48308,0.3091,0.65077
26.59,82.5,0.60432,0.56294,0.39267,0.72265
26.59,85.5,0.63658,0.60866,0.43662,0.77674
26.59,88.5,0.64185,0.6231,0.44727,0.79661
26.59,91.5,0.3001,0.61227,0.43928,0.78143
26.59,94.5,0.51282,0.58371,0.4173,0.74881
26.59,97.5,0.85866,0.5285,0.36748,0.68681
26.59,100.5,0.3293,0.44718,0.28952,0.59648
26.59,103.5,0.39878,0.36682,0.21547,0.51126
26.59,106.5,0.21511,0.31029,0.15434,0.46747
26.59,109.5,0.157,0.23802,0.073824,0.39998
26.59,112.5,0.12222,0.20164,0.031098,0.37107
26.59,115.5,0.19885,0.1836,0.01009,0.35698
26.59,118.5,0.18232,0.18358,0.0057724,0.36294
26.59,121.5,0.14842,0.20702,0.032479,0.38681
30.02,-109.5,-0.21072,0.014564,-0.19326,0.22331
30.02,-106.5,-0.072571,0.074981,-0.12617,0.26959
30.02,-103.5,-0.020203,0.036466,-0.16762,0.23167
30.02,-100.5,0.04879,0.068978,-0.11978,0.25048
30.02,-97.5,-0.051293,0.013682,-0.16408,0.19079
30.02,-85.5,-0.030459,-0.017559,-0.19432,0.15923
30.02,-7.5,-1.8971,-1.8596,-2.0446,-1.6686
30.02,-4.5,-2.1203,-1.9959,-2.1899,-1.799
30.02,-1.5,-2.2073,-2.1556,-2.3433,-1.9704
30.02,1.5,-2.6593,-2.2235,-2.411,-2.0319
30.02,4.5,-2.8134,-2.4216,-2.6142,-2.2283
30.02,7.5,-2.6593,-2.3959,-2.5684,-2.2219
30.02,10.5,-2.0402,-2.4119,-2.5884,-2.232
30.02,13.5,-1.6094,-2.4784,-2.6755,-2.2795
30.02,22.5,-2.2073,-2.2853,-2.4742,-2.1055
30.02,31.5,-3.2189,-2.0375,-2.2206,-1.8626
30.02,37.5,-2.3026,-1.8373,-2.0162,-1.6618
30.02,40.5,-1.9661,-1.8048,-1.9948,-1.6173
30.02,43.5,-2.0402,-1.7214,-1.9082,-1.5322
30.02,46.5,-2.3026,-1.6139,-1.7919,-1.4298
30.02,49.5,-1.8326,-1.5019,-1.6782,-1.3185
30.02,52.5,-1.3863,-1.3631,-1.5351,-1.1896
30.02,55.5,-0.84397,-1.2112,-1.3855,-1.0397
30.02,58.5,-0.91629,-1.0327,-1.2084,-0.85661
30.02,61.5,-0.82098,-0.81984,-0.99724,-0.64085
30.02,64.5,-0.82098,-0.61877,-0.80097,-0.43934
30.02,67.5,-0.69315,-0.38685,-0.57219,-0.19695
30.02,70.5,-0.31471,-0.13449,-0.33087,0.062344
30.02,73.5,0.50682,0.087442,-0.11092,0.2841
30.02,76.5,1.3002,0.29031,0.090473,0.4829
30.02,79.5,1.1217,0.4642,0.26212,0.65897
30.02,82.5,0.77011,0.5823,0.37989,0.77715
30.02,85.5,0.8671,0.69234,0.49105,0.88674
30.02,88.5,0.95551,0.69632,0.49558,0.88594
30.02,91.5,1.026,0.69681,0.50415,0.88016
30.02,94.5,1.5994,0.66814,0.48548,0.84342
30.02,97.5,1.1314,0.61953,0.44258,0.78625
30.02,100.5,0.37156,0.52798,0.35768,0.69588
30.02,103.5,0.30748,0.45666,0.29777,0.61549
30.02,106.5,0.24686,0.37777,0.21876,0.53778
30.02,109.5,0.11333,0.29559,0.13418,0.46007
30.02,112.5,0.11333,0.24771,0.086007,0.41509
30.02,115.5,0.029559,0.22314,0.058318,0.3971
30.02,118.5,0.11333,0.20825,0.036441,0.38603
30.02,121.5,0.04879,0.21787,0.037275,0.4001
30.02,124.5,-0.01005,0.2567,0.075023,0.44199
33.57,-112.5,-0.47804,-0.11106,-0.32464,0.10694
33.57,-109.5,-0.30111,-0.079637,-0.28692,0.12949
33.57,-106.5,0,-0.056156,-0.24849,0.14118
33.57,-103.5,0.04879,-0.0325,-0.20914,0.14745
33.57,-100.5,0.10436,-0.017574,-0.1825,0.14629
33.57,-97.5,0.13103,-0.0012666,-0.15976,0.15531
33.57,-94.5,0.18232,0.0203,-0.14066,0.17936
33.57,-91.5,0.19062,0.043855,-0.12711,0.21574
33.57,-88.5,0.19062,0.065575,-0.11768,0.24821
33.57,-85.5,0.21511,0.08158,-0.10704,0.26836
33.57,-82.5,0.23111,0.085524,-0.10312,0.27168
33.57,-4.5,-2.2073,-1.5663,-1.7598,-1.3671
33.57,-1.5,-2.0402,-1.7691,-1.9875,-1.5491
33.57,1.5,-1.9661,-1.7236,-1.9078,-1.5356
33.57,4.5,-1.9661,-1.7547,-1.9324,-1.5745
33.57,7.5,-1.8326,-1.7679,-1.9384,-1.5928
33.57,10.5,-1.6094,-1.7405,-1.9083,-1.5657
33.57,13.5,-1.3471,-1.7201,-1.8878,-1.5457
33.57,22.5,-1.3471,-1.6344,-1.8049,-1.4636
33.57,25.5,-1.3863,-1.6144,-1.7882,-1.4437
33.57,40.5,-1.6607,-1.7242,-1.9085,-1.5382
33.57,43.5,-1.772,-1.6853,-1.857,-1.5073
33.57,46.5,-2.1203,-1.6945,-1.8874,-1.4996
33.57,49.5,-1.772,-1.6734,-1.8554,-1.4876
33.57,52.5,-1.4697,-1.6279,-1.8076,-1.4424
33.57,55.5,-1.4697,-1.5221,-1.6992,-1.3408
33.57,58.5,-1.3471,-1.3891,-1.5698,-1.2041
33.57,61.5,-0.73397,-1.2559,-1.4418,-1.0687
33.57,64.5,-0.4943,-1.0744,-1.2611,-0.88008
33.57,67.5,-0.30111,-0.88992,-1.089,-0.6873
33.57,70.5,0.09531,-0.66026,-0.86862,-0.44857
33.57,73.5,0.11333,-0.45724,-0.66374,-0.24588
33.57,76.5,-0.54473,-0.2621,-0.46968,-0.054267
33.57,79.5,-0.65393,-0.084781,-0.29515,0.12616
33.57,82.5,-0.67334,0.056841,-0.15045,0.26721
33.57,85.5,-0.59784,0.16193,-0.038257,0.36481
33.57,88.5,-0.40048,0.23873,0.044983,0.43467
33.57,91.5,0.69315,0.28855,0.099654,0.476
33.57,94.5,0.93609,0.30101,0.10959,0.48898
33.57,97.5,0.83725,0.31307,0.12696,0.49373
33.57,100.5,0.23902,0.29347,0.11353,0.47123
33.57,103.5,0.18232,0.26962,0.093919,0.44049
33.57,106.5,0.19062,0.25297,0.078334,0.42531
33.57,109.5,0.25464,0.23352,0.06323,0.40596
33.57,112.5,0.24686,0.21198,0.047893,0.38324
33.57,115.5,0.20701,0.22028,0.060614,0.38658
33.57,118.5,0.13103,0.24646,0.084099,0.41615
33.57,121.5,0.13103,0.27362,0.10609,0.44507
33.57,130.5,0.32208,0.40324,0.21504,0.58696
33.57,133.5,0.26236,0.43263,0.24028,0.61967
37.27,-112.5,-0.63488,0.11661,-0.21319,0.47759
37.27,-109.5,-0.22314,0.13468,-0.19504,0.49542
37.27,-106.5,-0.21072,-0.10101,-0.30614,0.11473
37.27,-103.5,0.19885,-0.049567,-0.22516,0.129
37.27,-100.5,0.157,-0.046881,-0.2109,0.11553
37.27,-97.5,0.14842,-0.01631,-0.165,0.13545
37.27,-94.5,0.20701,0.067158,-0.076509,0.20705
37.27,-91.5,0.28518,0.12016,-0.029634,0.26724
37.27,-88.5,0.42527,0.17205,0.012244,0.32675
37.27,-85.5,0.35066,0.2159,0.045764,0.3851
37.27,-82.5,0.35066,0.24074,0.064686,0.4176
37.27,-79.5,0.23902,0.25239,0.075974,0.43377
37.27,-76.5,0.20701,0.24096,0.063079,0.42157
37.27,-67.5,0.42527,0.13597,-0.022841,0.30023
37.27,-7.5,-1.3471,-0.9714,-1.1787,-0.75715
37.27,-4.5,-0.52763,-1.1329,-1.3657,-0.89819
37.27,-1.5,-1.3093,-1.0406,-1.2461,-0.83347
37.27,4.5,-1.3093,-1.1752,-1.3862,-0.96666
37.27,10.5,-1.1087,-1.033,-1.196,-0.87055
37.27,13.5,-1.0217,-1.0144,-1.1818,-0.85178
37.27,16.5,-0.91629,-1.003,-1.179,-0.83723
37.27,19.5,-0.8675,-1.003,-1.1844,-0.83306
37.27,22.5,-0.82098,-0.98957,-1.1743,-0.81635
37.27,25.5,-0.8675,-1.0287,-1.2108,-0.85805
37.27,28.5,-1.0498,-1.0593,-1.2473,-0.87933
37.27,31.5,-1.3093,-1.1272,-1.3109,-0.95033
37.27,34.5,-1.204,-1.1876,-1.3735,-1.0057
37.27,37.5,-1.1712,-1.2725,-1.4587,-1.0889
37.27,40.5,-1.204,-1.3508,-1.537,-1.168
37.27,43.5,-1.3093,-1.4565,-1.6377,-1.2722
37.27,46.5,-1.772,-1.5402,-1.7128,-1.3619
37.27,55.5,-1.4697,-1.6911,-1.8762,-1.5078
37.27,58.5,-1.9661,-1.73,-1.921,-1.5383
37.27,61.5,-2.2073,-1.7082,-1.906,-1.5092
37.27,64.5,-2.6593,-1.6586,-1.864,-1.4527
37.27,67.5,-0.91629,-1.5756,-1.7818,-1.3683
37.27,70.5,-0.67334,-1.4705,-1.6796,-1.2528
37.27,73.5,-0.99425,-1.3407,-1.5618,-1.1167
37.27,76.5,-1.1712,-1.2248,-1.4377,-1.0077
37.27,79.5,-1.3471,-1.0879,-1.3031,-0.86943
37.27,82.5,-1.1087,-0.95041,-1.1694,-0.73483
37.27,85.5,-0.79851,-0.81566,-1.026,-0.60528
37.27,88.5,-0.65393,-0.70816,-0.91486,-0.49976
37.27,91.5,-0.18633,-0.58468,-0.78741,-0.3768
37.27,94.5,0.45742,-0.4847,-0.67966,-0.28732
37.27,97.5,-0.44629,-0.40707,-0.59602,-0.2237
37.27,100.5,-0.35667,-0.36555,-0.55291,-0.17853
37.27,103.5,-0.15082,-0.29434,-0.48009,-0.10653
37.27,106.5,0.076961,-0.15393,-0.32345,0.014853
37.27,109.5,0.3293,-0.042325,-0.2163,0.13411
37.27,112.5,0.23902,0.040361,-0.12502,0.21008
37.27,115.5,0.25464,0.10797,-0.052133,0.27076
37.27,118.5,0.18232,0.191,0.030661,0.35083
37.27,121.5,0.086178,0.26931,0.10521,0.42894
37.27,127.5,0.29267,0.38682,0.20647,0.55797
37.27,130.5,0.37844,0.43086,0.24408,0.61388
37.27,136.5,0.43825,0.47171,0.27308,0.66778
41.17,-115.5,-0.020203,-0.0077944,-0.21184,0.19982
41.17,-112.5,-0.13926,0.022416,-0.27118,0.32568
41.17,-109.5,-0.13926,-0.017041,-0.2062,0.17453
41.17,-106.5,-0.01005,0.028752,-0.17224,0.23072
41.17,-103.5,0.076961,-0.02338,-0.18842,0.14057
41.17,-100.5,0.067659,0.0052874,-0.15255,0.15802
41.17,-97.5,-0.020203,-0.0097976,-0.1693,0.1462
41.17,-94.5,-0.040822,0.083392,-0.060234,0.22276
41.17,-91.5,0.0099503,0.13482,-0.0099376,0.27757
41.17,-88.5,0.14842,0.18861,0.041091,0.33656
41.17,-85.5,0.19062,0.23883,0.088077,0.38847
41.17,-82.5,0.19885,0.27217,0.12047,0.42877
41.17,-79.5,0.19885,0.28938,0.13873,0.44934
41.17,-76.5,0.12222,0.29005,0.13332,0.44826
41.17,-73.5,0,0.28518,0.12055,0.44731
41.17,-64.5,0.33647,0.2031,0.037893,0.37524
41.17,-7.5,-0.56212,-0.56011,-0.76342,-0.35752
41.17,-4.5,-0.75502,-0.56097,-0.76769,-0.35316
41.17,-1.5,-0.52763,-0.52966,-0.73494,-0.32034
41.17,1.5,-0.41552,-0.65131,-0.88667,-0.42267
41.17,4.5,-0.52763,-0.5481,-0.72251,-0.36381
41.17,10.5,-0.47804,-0.54203,-0.69337,-0.38671
41.17,13.5,-0.40048,-0.54108,-0.69653,-0.38822
41.17,16.5,-0.38566,-0.55084,-0.71164,-0.39407
41.17,19.5,-0.44629,-0.5603,-0.72403,-0.4041
41.17,22.5,-0.71335,-0.60459,-0.76819,-0.4437
41.17,25.5,-0.82098,-0.65829,-0.81803,-0.50289
41.17,37.5,-0.82098,-0.98445,-1.1437,-0.82465
41.17,43.5,-1.2379,-1.1653,-1.327,-1.0026
41.17,64.5,-2.1203,-1.9354,-2.1328,-1.7293
41.17,67.5,-1.3863,-2.0066,-2.2125,-1.7907
41.17,70.5,-1.6094,-2.0299,-2.2443,-1.8047
41.17,73.5,-1.772,-2.0295,-2.2477,-1.8001
41.17,76.5,-2.6593,-1.992,-2.2161,-1.7593
41.17,79.5,-2.9957,-1.9204,-2.1465,-1.6816
41.17,82.5,-2.9957,-1.8294,-2.0576,-1.5966
41.17,85.5,-2.9957,-1.7096,-1.9388,-1.4689
41.17,88.5,-2.6593,-1.5667,-1.8004,-1.3265
41.17,91.5,-2.0402,-1.4116,-1.6372,-1.175
41.17,94.5,-1.8971,-1.2771,-1.4825,-1.0561
41.17,97.5,-1.5141,-1.1228,-1.3141,-0.91411
41.17,100.5,-1.1712,-0.97144,-1.153,-0.77377
41.17,103.5,-0.8675,-0.8099,-0.99196,-0.62337
41.17,106.5,-0.24846,-0.58709,-0.76468,-0.40647
41.17,109.5,-0.083382,-0.39429,-0.5747,-0.20917
41.17,112.5,0.058269,-0.23282,-0.40473,-0.059435
41.17,115.5,0.19062,-0.081692,-0.25146,0.086911
41.17,118.5,0.27763,0.049837,-0.11471,0.21193
41.17,121.5,0.20701,0.16464,0.0054855,0.32181
41.17,124.5,0.40547,0.25143,0.089828,0.40416
41.17,127.5,0.16551,0.31789,0.15147,0.47912
41.17,133.5,0.43178,0.40573,0.21558,0.59495
41.17,136.5,0.52473,0.42959,0.23116,0.63095
41.17,139.5,0.53063,0.43407,0.23022,0.63711
45.32,-118.5,0.59333,0.085299,-0.098567,0.27053
45.32,-115.5,0.067659,0.042618,-0.14088,0.22488
45.32,-112.5,0.12222,0.046567,-0.14467,0.23296
45.32,-109.5,0.35066,-0.077882,-0.29744,0.12616
45.32,-106.5,0.09531,0.023819,-0.1545,0.1985
45.32,-103.5,-0.020203,-0.041237,-0.20716,0.11558
45.32,-100.5,-0.15082,0.016695,-0.15243,0.18602
45.32,-97.5,-0.26136,-0.040833,-0.18744,0.11151
45.32,-94.5,-0.27444,-0.09476,-0.26526,0.074198
45.32,-91.5,-0.16252,-0.010764,-0.16297,0.1428
45.32,-88.5,0.0099503,0.020989,-0.13387,0.17995
45.32,-85.5,0.029559,0.054249,-0.10369,0.21447
45.32,-82.5,-0.01005,0.087782,-0.072346,0.2518
45.32,-79.5,0.067659,0.12212,-0.037459,0.2858
45.32,-76.5,0.086178,0.15508,-0.0096899,0.32408
45.32,-73.5,0.086178,0.18326,0.01771,0.35583
45.32,-70.5,0.13103,0.20175,0.031694,0.38037
45.32,-67.5,0.23111,0.22648,0.044462,0.41445
45.32,-64.5,0.32208,0.21623,0.034322,0.40428
45.32,-61.5,0.35767,0.2123,0.028451,0.40303
45.32,-58.5,0.157,0.18635,0.0039997,0.37612
45.32,1.5,0.16551,-0.24471,-0.4238,-0.064493
45.32,4.5,0.3001,-0.24491,-0.4232,-0.070912
45.32,7.5,-0.051293,-0.27853,-0.44808,-0.11072
45.32,10.5,-0.16252,-0.29645,-0.4653,-0.13408
45.32,13.5,-0.31471,-0.31819,-0.4832,-0.15645
45.32,16.5,-0.38566,-0.34375,-0.50295,-0.18088
45.32,19.5,-0.52763,-0.37341,-0.53867,-0.20941
45.32,22.5,-0.71335,-0.40752,-0.57478,-0.24338
45.32,25.5,-0.73397,-0.56348,-0.78902,-0.3491
45.32,28.5,-0.73397,-0.48992,-0.6527,-0.33366
45.32,31.5,-0.65393,-0.5412,-0.69561,-0.39244
45.32,55.5,-1.273,-1.2105,-1.393,-1.0275
45.32,58.5,-1.4697,-1.4161,-1.5854,-1.2466
45.32,61.5,-1.8326,-1.5478,-1.7221,-1.3771
45.32,64.5,-1.8326,-1.6785,-1.8562,-1.5026
45.32,67.5,-1.8971,-1.7984,-1.976,-1.6144
45.32,70.5,-1.8971,-1.8982,-2.0838,-1.7058
45.32,73.5,-1.772,-1.9691,-2.1611,-1.7674
45.32,76.5,-1.8326,-2.0096,-2.2124,-1.8
45.32,79.5,-2.3026,-2.0055,-2.2153,-1.7859
45.32,82.5,-2.5257,-1.9663,-2.1842,-1.735
45.32,85.5,-2.5257,-1.8896,-2.1133,-1.6547
45.32,88.5,-2.6593,-1.7662,-1.9924,-1.5259
45.32,91.5,-2.3026,-1.6254,-1.8495,-1.3923
45.32,94.5,-1.9661,-1.4751,-1.6852,-1.2568
45.32,97.5,-1.7148,-1.3065,-1.5022,-1.1018
45.32,100.5,-1.273,-1.1363,-1.3201,-0.94934
45.32,103.5,-0.99425,-0.94534,-1.118,-0.76706
45.32,106.5,-0.63488,-0.75086,-0.92028,-0.57788
45.32,109.5,-0.46204,-0.56019,-0.72864,-0.3924
45.32,112.5,-0.3285,-0.38112,-0.54715,-0.21517
45.32,115.5,-0.10536,-0.21151,-0.37245,-0.04994
45.32,118.5,-0.040822,-0.086124,-0.2463,0.073764
45.32,121.5,0.18232,0.023678,-0.13274,0.18168
45.32,124.5,0.10436,0.10954,-0.045758,0.27048
45.32,127.5,0.13103,0.18198,0.01896,0.34792
45.32,130.5,-0.10536,0.22894,0.05808,0.4015
45.32,133.5,0.09531,0.26594,0.084268,0.45691
45.32,139.5,0.45108,0.28578,0.081955,0.48944
45.32,142.5,0.56531,0.43978,0.14591,0.73562
49.8,-118.5,0.57098,0.16295,-0.039748,0.3652
49.8,-115.5,0.13103,0.12348,-0.081357,0.32654
49.8,-112.5,0.42527,0.077371,-0.12843,0.28313
49.8,-109.5,0.12222,0.0036669,-0.18581,0.19402
49.8,-106.5,-0.21072,-0.073317,-0.25959,0.11347
49.8,-103.5,-0.41552,-0.12869,-0.30337,0.047091
49.8,-100.5,-0.43078,-0.17647,-0.34291,-0.0048807
49.8,-97.5,-0.46204,-0.21193,-0.37044,-0.046886
49.8,-94.5,-0.41552,-0.23103,-0.39283,-0.063018
49.8,-91.5,-0.34249,-0.2379,-0.39872,-0.071566
49.8,-88.5,-0.061875,-0.23751,-0.39818,-0.074779
49.8,-85.5,-0.072571,-0.21783,-0.38094,-0.055409
49.8,-82.5,-0.072571,-0.18086,-0.34455,-0.019686
49.8,-79.5,0,-0.13071,-0.29058,0.02434
49.8,-76.5,0.0099503,-0.073054,-0.22523,0.078182
49.8,-73.5,0.18232,-0.010465,-0.15729,0.13946
49.8,-70.5,0.27763,0.051278,-0.094495,0.20254
49.8,-67.5,0.31481,0.10933,-0.039783,0.26184
49.8,-64.5,0.27003,0.16128,0.0024342,0.32949
49.8,-61.5,0.30748,0.1986,0.025961,0.3758
49.8,-58.5,0.18232,0.21687,0.03586,0.40191
49.8,-55.5,0.25464,0.22025,0.033605,0.41114
49.8,-52.5,0.20701,0.2104,0.023993,0.39815
49.8,-49.5,-0.01005,0.17941,-0.00076931,0.35983
49.8,-4.5,-0.020203,-0.035673,-0.23175,0.15609
49.8,-1.5,-0.11653,-0.034987,-0.23848,0.16295
49.8,1.5,0.13976,-0.046862,-0.24733,0.14875
49.8,4.5,0.14842,-0.063106,-0.25369,0.12676
49.8,7.5,0.039221,-0.089227,-0.26838,0.087491
49.8,10.5,-0.18633,-0.11086,-0.27974,0.055062
49.8,13.5,-0.26136,-0.13867,-0.30088,0.022196
49.8,16.5,-0.19845,-0.17461,-0.33371,-0.01763
49.8,19.5,-0.22314,-0.21345,-0.37115,-0.05318
49.8,22.5,-0.23572,-0.23792,-0.40064,-0.07374
49.8,25.5,-0.24846,-0.2547,-0.41983,-0.089887
49.8,28.5,-0.28768,-0.26642,-0.43011,-0.10593
49.8,31.5,-0.30111,-0.2747,-0.43562,-0.1148
49.8,34.5,-0.35667,-0.28365,-0.44372,-0.12106
49.8,37.5,-0.31471,-0.29417,-0.45711,-0.13278
49.8,40.5,-0.30111,-0.31285,-0.47825,-0.15078
49.8,43.5,-0.3285,-0.34299,-0.51352,-0.18026
49.8,46.5,-0.38566,-0.38284,-0.55769,-0.21848
49.8,49.5,-0.46204,-0.43795,-0.61471,-0.26778
49.8,52.5,-0.47804,-0.50919,-0.68704,-0.33993
49.8,55.5,-0.51083,-0.58313,-0.75711,-0.41556
49.8,58.5,-0.71335,-0.74081,-0.93533,-0.5535
49.8,61.5,-0.73397,-0.80415,-0.97014,-0.6438
49.8,64.5,-0.84397,-0.91769,-1.0789,-0.75621
49.8,67.5,-0.94161,-1.028,-1.1882,-0.86576
49.8,70.5,-0.96758,-1.1281,-1.2925,-0.95941
49.8,73.5,-1.2379,-1.211,-1.3797,-1.0404
49.8,76.5,-1.2379,-1.2835,-1.4538,-1.1042
49.8,79.5,-0.91629,-1.3007,-1.4848,-1.1173
49.8,82.5,-0.69315,-1.2996,-1.4949,-1.1091
49.8,85.5,-0.82098,-1.2652,-1.4642,-1.0693
49.8,88.5,-1.0217,-1.1972,-1.3974,-0.99954
49.8,91.5,-0.77653,-1.1172,-1.3209,-0.92098
49.8,94.5,-0.46204,-1.0091,-1.2077,-0.81392
49.8,97.5,-0.67334,-0.87261,-1.0636,-0.68268
49.8,100.5,-0.4943,-0.7497,-0.93511,-0.57209
49.8,103.5,-0.4943,-0.62954,-0.80648,-0.46281
49.8,106.5,-0.38566,-0.50135,-0.67059,-0.33503
49.8,109.5,-0.35667,-0.37739,-0.54988,-0.21244
49.8,112.5,-0.34249,-0.27155,-0.44167,-0.10642
49.8,115.5,-0.35667,-0.17962,-0.34612,-0.015091
49.8,118.5,-0.22314,-0.085652,-0.2557,0.08182
49.8,121.5,-0.15082,-0.038183,-0.20196,0.12988
49.8,124.5,-0.072571,0.011639,-0.15881,0.18218
49.8,127.5,-0.061875,0.059642,-0.11662,0.23708
49.8,130.5,-0.051293,0.079715,-0.10086,0.26444
49.8,133.5,-0.01005,0.093551,-0.087861,0.28244
49.8,136.5,0.11333,0.097363,-0.092469,0.29898
49.8,142.5,0.26236,0.12018,-0.077398,0.3209
54.75,-124.5,0.67803,0.26829,0.052116,0.4675
54.75,-121.5,0.94779,0.2587,0.03354,0.46788
54.75,-118.5,0.22314,0.22519,0.004124,0.4261
54.75,-115.5,0.41211,0.16237,-0.046897,0.35564
54.75,-112.5,0.16551,0.10675,-0.091206,0.29338
54.75,-109.5,-0.27444,-0.015201,-0.19777,0.15962
54.75,-106.5,-0.41552,-0.095983,-0.2659,0.071957
54.75,-103.5,-0.44629,-0.17417,-0.33646,-0.010432
54.75,-100.5,-0.44629,-0.24329,-0.40102,-0.083678
54.75,-97.5,-0.43078,-0.29748,-0.45759,-0.1345
54.75,-94.5,-0.41552,-0.33204,-0.49543,-0.16809
54.75,-91.5,-0.34249,-0.34388,-0.51096,-0.17582
54.75,-88.5,-0.19845,-0.33842,-0.50753,-0.16776
54.75,-85.5,-0.17435,-0.3209,-0.48723,-0.1564
54.75,-82.5,-0.18633,-0.28221,-0.44068,-0.12295
54.75,-79.5,-0.15082,-0.22655,-0.3806,-0.070789
54.75,-76.5,-0.094311,-0.15917,-0.31076,-0.0068546
54.75,-73.5,0.067659,-0.086037,-0.23731,0.066078
54.75,-70.5,0.19885,-0.014633,-0.1745,0.14312
54.75,-67.5,0.22314,0.050517,-0.11952,0.2144
54.75,-64.5,0.16551,0.10456,-0.075017,0.28144
54.75,-61.5,0.10436,0.14355,-0.04473,0.33027
54.75,-58.5,-0.01005,0.16468,-0.027678,0.35838
54.75,-55.5,-0.040822,0.16623,-0.028163,0.35845
54.75,-52.5,-0.11653,0.15194,-0.033425,0.33976
54.75,-7.5,0.28518,0.079036,-0.11104,0.26664
54.75,-4.5,0.10436,0.084489,-0.1073,0.27546
54.75,7.5,0.019803,0.040757,-0.13626,0.21612
54.75,13.5,-0.13926,0.011435,-0.15261,0.17687
54.75,16.5,-0.094311,-0.001928,-0.16006,0.16013
54.75,19.5,-0.051293,-0.020111,-0.17596,0.14151
54.75,22.5,-0.030459,-0.042668,-0.1999,0.11566
54.75,25.5,-0.040822,-0.069228,-0.2217,0.085433
54.75,28.5,0.0099503,-0.087401,-0.24393,0.06874
54.75,31.5,0,-0.095944,-0.25216,0.063473
54.75,34.5,-0.030459,-0.098621,-0.25422,0.056985
54.75,37.5,-0.020203,-0.097428,-0.25454,0.058828
54.75,40.5,0.029559,-0.094594,-0.25118,0.058778
54.75,43.5,-0.020203,-0.091822,-0.24918,0.062042
54.75,46.5,-0.020203,-0.09069,-0.25025,0.064434
54.75,49.5,-0.01005,-0.063771,-0.22786,0.095157
54.75,52.5,0.058269,-0.067081,-0.23353,0.096775
54.75,55.5,-0.01005,-0.11603,-0.27614,0.04579
54.75,58.5,-0.3285,-0.14952,-0.3127,0.010293
54.75,61.5,-0.30111,-0.19183,-0.353,-0.027873
54.75,64.5,-0.35667,-0.25265,-0.41502,-0.089615
54.75,67.5,-0.4943,-0.30716,-0.47408,-0.13813
54.75,70.5,-0.56212,-0.3614,-0.53437,-0.19314
54.75,73.5,-0.69315,-0.41112,-0.58683,-0.23921
54.75,76.5,-0.63488,-0.4567,-0.63462,-0.2839
54.75,79.5,-0.41552,-0.49204,-0.66855,-0.31856
54.75,82.5,-0.16252,-0.5122,-0.6865,-0.33693
54.75,85.5,-0.040822,-0.51561,-0.68952,-0.34059
54.75,88.5,-0.56212,-0.50204,-0.67743,-0.33037
54.75,91.5,-0.094311,-0.46465,-0.63718,-0.29266
54.75,94.5,-0.030459,-0.43102,-0.60487,-0.26013
54.75,97.5,-0.26136,-0.37854,-0.54681,-0.20982
54.75,100.5,-0.30111,-0.32285,-0.4863,-0.15892
54.75,103.5,-0.40048,-0.26579,-0.43019,-0.10432
54.75,106.5,-0.21072,-0.16115,-0.33882,0.012948
54.75,109.5,-0.23572,-0.15968,-0.32742,0.0046498
54.75,112.5,-0.3285,-0.12993,-0.29971,0.033649
54.75,115.5,-0.22314,-0.10066,-0.26336,0.060852
54.75,118.5,-0.26136,-0.088888,-0.24594,0.070903
54.75,121.5,-0.13926,-0.076745,-0.23271,0.083004
54.75,124.5,-0.19845,-0.069614,-0.2271,0.092228
54.75,127.5,-0.061875,-0.045371,-0.20417,0.1199
54.75,130.5,0.0099503,-0.039138,-0.21137,0.13532
54.75,133.5,0.33647,-0.043702,-0.21495,0.12208
54.75,136.5,0.09531,-0.022675,-0.19224,0.14505
54.75,142.5,0.0099503,0.12185,-0.13553,0.37305
54.75,157.5,0.3293,0.069762,-0.1861,0.31352
60.42,-154.5,0.19885,0.095009,-0.060968,0.24879
60.42,-151.5,0.14842,0.083107,-0.092386,0.25472
60.42,-130.5,0.59884,0.19438,-0.12053,0.50325
60.42,-127.5,0.80648,0.18804,-0.03434,0.40326
60.42,-124.5,0.48858,0.17083,-0.064922,0.39604
60.42,-121.5,0.29267,0.11106,-0.12166,0.33442
60.42,-118.5,-0.31471,0.053391,-0.17956,0.27249
60.42,-115.5,-0.43078,-0.00082558,-0.22159,0.20795
60.42,-112.5,-0.46204,-0.062868,-0.27201,0.13754
60.42,-109.5,-0.51083,-0.13098,-0.32876,0.059452
60.42,-106.5,-0.46204,-0.198,-0.37893,-0.018629
60.42,-103.5,-0.30111,-0.25837,-0.43033,-0.08863
60.42,-100.5,-0.31471,-0.30749,-0.47781,-0.13987
60.42,-97.5,-0.30111,-0.3415,-0.51115,-0.17397
60.42,-94.5,-0.27444,-0.35766,-0.52652,-0.18826
60.42,-91.5,-0.30111,-0.36255,-0.53181,-0.19527
60.42,-88.5,-0.30111,-0.35592,-0.52029,-0.19512
60.42,-85.5,-0.27444,-0.33166,-0.49162,-0.17777
60.42,-82.5,-0.24846,-0.293,-0.44699,-0.1394
60.42,-79.5,-0.22314,-0.24433,-0.39709,-0.093675
60.42,-76.5,-0.19845,-0.19078,-0.35387,-0.036242
60.42,-73.5,-0.16252,-0.13751,-0.30464,0.024711
60.42,-70.5,-0.10536,-0.089854,-0.2605,0.077508
60.42,-67.5,-0.12783,-0.052147,-0.2276,0.12319
60.42,-64.5,-0.17435,-0.027953,-0.2069,0.15104
60.42,-61.5,-0.061875,-0.019574,-0.19857,0.15749
60.42,-58.5,-0.43078,-0.027533,-0.20275,0.14483
60.42,-37.5,-0.16252,-0.12245,-0.28909,0.039396
60.42,-1.5,0.067659,0.015877,-0.1682,0.19627
60.42,7.5,-0.030459,0.055219,-0.13981,0.24884
60.42,10.5,0.019803,0.060226,-0.13735,0.25547
60.42,13.5,-0.19845,0.046751,-0.14664,0.23871
60.42,16.5,-0.16252,0.022995,-0.16012,0.21306
60.42,19.5,-0.12783,-0.011078,-0.1901,0.1691
60.42,22.5,-0.12783,-0.050614,-0.22379,0.12226
60.42,25.5,-0.10536,-0.10649,-0.27028,0.059893
60.42,28.5,-0.083382,-0.1599,-0.32086,0.0061616
60.42,31.5,-0.083382,-0.20542,-0.36688,-0.038792
60.42,34.5,-0.083382,-0.23855,-0.39655,-0.068109
60.42,37.5,-0.094311,-0.25794,-0.42369,-0.084716
60.42,40.5,-0.072571,-0.26639,-0.44061,-0.088914
60.42,43.5,-0.072571,-0.26155,-0.44434,-0.083637
60.42,46.5,-0.061875,-0.24873,-0.43087,-0.069586
60.42,49.5,-0.083382,-0.23213,-0.41544,-0.050095
60.42,52.5,-0.020203,-0.21449,-0.39593,-0.034495
60.42,55.5,-0.030459,-0.20085,-0.38335,-0.0199
60.42,58.5,-0.35667,-0.18195,-0.36336,-0.0037002
60.42,61.5,-0.27444,-0.176,-0.35083,-0.0020921
60.42,64.5,-0.27444,-0.1805,-0.34987,-0.010072
60.42,67.5,-0.28768,-0.18306,-0.35094,-0.012929
60.42,70.5,-0.30111,-0.1909,-0.35996,-0.023437
60.42,73.5,-0.3285,-0.20881,-0.38073,-0.040915
60.42,76.5,-0.38566,-0.22935,-0.40265,-0.062312
60.42,79.5,-0.40048,-0.25071,-0.42225,-0.084334
60.42,82.5,-0.38566,-0.36525,-0.56502,-0.17068
60.42,85.5,-0.38566,-0.29155,-0.46794,-0.11818
60.42,88.5,-0.34249,-0.30926,-0.48412,-0.13592
60.42,91.5,-0.43078,-0.32212,-0.49707,-0.14933
60.42,94.5,-0.51083,-0.32954,-0.50117,-0.15486
60.42,97.5,-0.51083,-0.33359,-0.50373,-0.16027
60.42,100.5,-0.4943,-0.33619,-0.50635,-0.16407
60.42,103.5,-0.51083,-0.33338,-0.49929,-0.15936
60.42,106.5,-0.24846,-0.30985,-0.48198,-0.13284
60.42,109.5,-0.24846,-0.30036,-0.47287,-0.12859
60.42,112.5,-0.28768,-0.30478,-0.47449,-0.13557
60.42,115.5,-0.31471,-0.29502,-0.46338,-0.1302
60.42,118.5,-0.3285,-0.28699,-0.45379,-0.12209
60.42,121.5,-0.22314,-0.27627,-0.43745,-0.11411
60.42,124.5,-0.17435,-0.26296,-0.42615,-0.10265
60.42,127.5,-0.17435,-0.23447,-0.40502,-0.070319
60.42,130.5,-0.13926,-0.22847,-0.40627,-0.058195
60.42,133.5,-0.17435,-0.1964,-0.37928,-0.022037
60.42,136.5,0.029559,-0.1547,-0.34049,0.024971
60.42,139.5,-0.061875,-0.11678,-0.30761,0.070654
60.42,142.5,-0.020203,-0.098973,-0.36732,0.16524
60.42,145.5,-0.020203,-0.058707,-0.2539,0.12843
60.42,148.5,0.0099503,-0.041192,-0.23449,0.14046
60.42,151.5,0.04879,-0.021652,-0.20971,0.15693
60.42,157.5,0.19062,-0.059587,-0.26163,0.14646
60.42,166.5,0.09531,-0.0064694,-0.27114,0.24212
67.4,-178.5,-0.10536,-0.087629,-0.347,0.16262
67.4,-175.5,-0.18633,-0.084753,-0.34697,0.16858
67.4,-172.5,-0.19845,-0.086703,-0.34397,0.1602
67.4,-169.5,-0.15082,-0.090432,-0.33194,0.14614
67.4,-166.5,-0.21072,-0.091536,-0.3194,0.12766
67.4,-163.5,-0.13926,-0.092824,-0.30045,0.11417
67.4,-160.5,-0.11653,-0.093995,-0.28842,0.10246
67.4,-157.5,-0.051293,-0.093602,-0.28083,0.089052
67.4,-154.5,0.0099503,-0.093825,-0.27903,0.08962
67.4,-151.5,-0.16252,-0.089403,-0.27875,0.094883
67.4,-148.5,0.019803,-0.088066,-0.28962,0.10827
67.4,-145.5,-0.040822,-0.095825,-0.31285,0.11793
67.4,-142.5,-0.051293,0.036252,-0.25218,0.34023
67.4,-139.5,-0.061875,-0.12099,-0.34504,0.10751
67.4,-136.5,-0.17435,-0.14279,-0.36894,0.085041
67.4,-133.5,-0.13926,-0.16994,-0.39047,0.052348
67.4,-130.5,-0.3285,-0.17496,-0.45942,0.12475
67.4,-127.5,-0.44629,-0.23812,-0.43631,-0.037419
67.4,-124.5,-0.31471,-0.28438,-0.48058,-0.087074
67.4,-121.5,-0.43078,-0.34776,-0.55151,-0.15371
67.4,-118.5,-0.61619,-0.40358,-0.60516,-0.20327
67.4,-115.5,-0.54473,-0.45032,-0.65282,-0.24965
67.4,-112.5,-0.54473,-0.49279,-0.69683,-0.29009
67.4,-109.5,-0.56212,-0.53088,-0.73584,-0.32602
67.4,-106.5,-0.41552,-0.56339,-0.773,-0.36039
67.4,-103.5,-0.47804,-0.58781,-0.79583,-0.38589
67.4,-100.5,-0.52763,-0.60258,-0.80633,-0.39997
67.4,-97.5,-0.4943,-0.60671,-0.80979,-0.40872
67.4,-94.5,-0.57982,-0.60037,-0.79727,-0.4079
67.4,-91.5,-0.52763,-0.59045,-0.78418,-0.40296
67.4,-88.5,-0.43078,-0.57103,-0.76221,-0.38767
67.4,-85.5,-0.41552,-0.54387,-0.73377,-0.36469
67.4,-82.5,-0.47804,-0.51182,-0.70212,-0.32744
67.4,-79.5,-0.47804,-0.47808,-0.67226,-0.28525
67.4,-76.5,-0.37106,-0.44473,-0.6424,-0.24779
67.4,-73.5,-0.47804,-0.41407,-0.6159,-0.21409
67.4,-70.5,-0.37106,-0.38955,-0.59454,-0.18787
67.4,-67.5,-0.41552,-0.37143,-0.57748,-0.16822
67.4,-64.5,-0.40048,-0.36027,-0.56474,-0.15641
67.4,-61.5,-0.41552,-0.35677,-0.5587,-0.15819
67.4,-58.5,-0.65393,-0.35975,-0.55589,-0.16598
67.4,-55.5,-0.63488,-0.36862,-0.56104,-0.17978
67.4,-43.5,-0.28768,-0.42762,-0.64788,-0.20714
67.4,-40.5,-0.37106,-0.4384,-0.67664,-0.20565
67.4,-37.5,-0.3285,-0.44091,-0.69447,-0.19687
67.4,-34.5,-0.30111,-0.44465,-0.70084,-0.1919
67.4,-31.5,-0.040822,-0.44034,-0.696,-0.18779
67.4,-28.5,-0.44629,-0.42578,-0.67147,-0.18084
67.4,-25.5,-0.35667,-0.40117,-0.6382,-0.16629
67.4,16.5,-0.47804,-0.2868,-0.48601,-0.086971
67.4,19.5,-0.43078,-0.30561,-0.51702,-0.096063
67.4,22.5,-0.40048,-0.3339,-0.55402,-0.11609
67.4,25.5,-0.41552,-0.36081,-0.58241,-0.13885
67.4,28.5,-0.46204,-0.39758,-0.61803,-0.17432
67.4,31.5,-0.38566,-0.43017,-0.64729,-0.21025
67.4,34.5,-0.44629,-0.44685,-0.65823,-0.23598
67.4,37.5,-0.43078,-0.45687,-0.65865,-0.25557
67.4,40.5,-0.41552,-0.4578,-0.64414,-0.26874
67.4,58.5,-0.47804,-0.39603,-0.57672,-0.21084
67.4,61.5,-0.4943,-0.38541,-0.57924,-0.18793
67.4,64.5,-0.47804,-0.38522,-0.582,-0.18035
67.4,67.5,-0.46204,-0.38926,-0.58863,-0.17765
67.4,70.5,-0.47804,-0.39864,-0.60028,-0.18914
67.4,73.5,-0.46204,-0.41324,-0.61202,-0.20588
67.4,76.5,-0.46204,-0.43145,-0.62641,-0.2314
67.4,79.5,-0.47804,-0.45827,-0.6539,-0.2624
67.4,82.5,-0.41552,-0.48923,-0.68216,-0.29864
67.4,85.5,-0.11653,-0.52318,-0.7152,-0.33475
67.4,88.5,-0.16252,-0.55938,-0.75006,-0.36692
67.4,91.5,-0.35667,-0.59534,-0.78102,-0.39876
67.4,94.5,-0.51083,-0.6321,-0.8214,-0.43426
67.4,97.5,-0.65393,-0.66984,-0.85935,-0.47262
67.4,100.5,-0.57982,-0.69966,-0.89311,-0.49571
67.4,103.5,-0.65393,-0.71963,-0.9157,-0.51509
67.4,106.5,-0.73397,-0.72847,-0.92663,-0.52544
67.4,109.5,-0.77653,-0.72638,-0.92009,-0.52325
67.4,112.5,-0.8675,-0.71314,-0.90985,-0.51024
67.4,115.5,-0.8916,-0.68816,-0.88401,-0.48668
67.4,118.5,-0.8675,-0.65232,-0.84975,-0.45171
67.4,121.5,-0.79851,-0.60196,-0.79804,-0.39927
67.4,124.5,-0.17435,-0.55409,-0.74927,-0.34826
67.4,127.5,-0.35667,-0.50426,-0.69957,-0.2979
67.4,130.5,-0.69315,-0.43367,-0.63349,-0.22331
67.4,133.5,-0.46204,-0.39721,-0.59989,-0.18423
67.4,136.5,-0.10536,-0.33165,-0.53431,-0.11818
67.4,139.5,-0.37106,-0.3004,-0.50474,-0.090642
67.4,142.5,-0.46204,-0.25785,-0.45504,-0.054037
67.4,145.5,-0.27444,-0.22044,-0.4073,-0.025536
67.4,148.5,-0.21072,-0.19057,-0.37124,-0.005722
67.4,151.5,-0.43078,-0.14308,-0.31924,0.04284
67.4,154.5,-0.34249,-0.12289,-0.29618,0.061922
67.4,157.5,-0.23572,-0.12255,-0.29973,0.060015
67.4,160.5,-0.19845,-0.12405,-0.3153,0.070004
67.4,163.5,-0.10536,-0.11543,-0.32413,0.090424
67.4,166.5,-0.072571,-0.096031,-0.32112,0.13031
67.4,169.5,-0.11653,-0.11538,-0.35664,0.12457
67.4,172.5,-0.094311,-0.10214,-0.35194,0.15193
67.4,175.5,-0.083382,-0.10332,-0.35595,0.15259
67.4,178.5,-0.061875,-0.11009,-0.35806,0.13737
