-9.16,-55.76,0.0067284,0.99851,0.0032165
-9.16,-53.25,0.0058485,0.99901,0.0028046
-6.53,-50.74,0.0084669,0.99801,0.0030588
-6.53,-48.23,0.0054669,0.99917,0.0023963
-69.02,-45.72,0.043885,0.97587,0.0077013
-62.55,-45.72,0.010842,0.99264,0.0033297
-57.32,-45.72,0.0049104,0.9917,0.0043015
-52.75,-45.72,0.0049097,0.99139,0.0065061
-48.63,-45.72,0.0013499,0.99721,0.0018147
-19.94,-45.72,0.0001049,0.99999,0.0008623
-14.48,-45.72,0.0039137,0.99698,0.0017582
-6.53,-45.72,0.0030615,0.99967,0.0018782
-69.02,-43.21,0.058493,0.95756,0.027127
-62.55,-43.21,0.0081251,0.99345,0.0027846
-57.32,-43.21,0.0066251,0.99003,0.0055926
-52.75,-43.21,0.043688,0.94891,0.065568
-48.63,-43.21,0.022705,0.97469,0.037914
-44.82,-43.21,0.0017875,0.9978,0.0012255
-41.25,-43.21,0.00059158,0.99928,0.0010178
-22.74,-43.21,0.0001899,0.99997,0.00041525
-19.94,-43.21,0.00043927,0.99958,0.00046402
-17.19,-43.21,9.8898e-05,0.99999,0.00043426
-14.48,-43.21,9.7483e-05,1,0.000619
-69.02,-40.7,0.12985,0.90075,0.08198
-62.55,-40.7,0.0058534,0.9948,0.0022103
-57.32,-40.7,0.001676,0.99807,0.0010283
-52.75,-40.7,0.051799,0.94358,0.06826
-48.63,-40.7,0.00087995,0.99949,0.00049485
-44.82,-40.7,0.00050679,0.99989,0.00049412
-41.25,-40.7,0.00062596,0.99957,0.00079694
-37.87,-40.7,0,1,0
-22.74,-40.7,0.00048508,0.99936,0.00040304
-19.94,-40.7,4.7929e-05,1,0.00019944
-17.19,-40.7,3.7143e-05,1,0.00025014
-14.48,-40.7,9.5083e-05,1,0.0004256
-11.81,-40.7,0.0005005,0.99998,0.00092962
-6.53,-40.7,0.012639,0.99336,0.0044833
-3.91,-40.7,0.012822,0.99084,0.0049985
-1.3,-40.7,0.00040025,0.9999,0.00049845
3.91,-40.7,0.00064557,0.99972,0.0013058
6.53,-40.7,0,1,0
9.16,-40.7,0.0011082,0.99986,0.00046935
11.81,-40.7,0.0021598,0.99794,0.0048235
14.48,-40.7,0,1,0
-69.02,-38.19,0.021405,0.98438,0.0053207
-62.55,-38.19,0.0042452,0.99608,0.0016597
-57.32,-38.19,0.0012304,0.99874,0.00076352
-52.75,-38.19,0.021694,0.98263,0.023483
-48.63,-38.19,0.00059638,0.99992,0.00034866
-44.82,-38.19,0.00057937,0.99994,0.00035027
-41.25,-38.19,0.00074014,0.99975,0.00051609
-37.87,-38.19,0.0016596,0.99864,0.0007538
-34.64,-38.19,0.0093962,0.99137,0.0014301
-31.53,-38.19,0.002983,0.99658,0.0010382
-28.52,-38.19,0.00034955,0.99972,0.00040451
-22.74,-38.19,0.00029728,0.99995,0.00019317
-19.94,-38.19,0.00018803,0.99999,0.00016296
-17.19,-38.19,4.7699e-05,1,0.00014745
-14.48,-38.19,7.5207e-05,1,0.00022939
-11.81,-38.19,0.00017394,0.99999,0.00040802
-6.53,-38.19,0.00049916,0.99999,0.00052077
-3.91,-38.19,0.0045606,0.99809,0.00072074
-1.3,-38.19,0.001288,0.99911,0.00025397
1.3,-38.19,0.00014449,0.99994,0.00029539
3.91,-38.19,0.0057742,0.99062,0.0033879
6.53,-38.19,0.0093602,0.98773,0.0078092
9.16,-38.19,9.277e-05,1,6.9042e-05
11.81,-38.19,1.4695e-05,1,0.00024994
14.48,-38.19,1.6479e-06,1,0.00084032
19.94,-38.19,0,1,0
-69.02,-35.68,0.024063,0.9797,0.010042
-62.55,-35.68,0.0031569,0.99719,0.0011968
-57.32,-35.68,0.00096273,0.99864,0.00057414
-52.75,-35.68,0.0017146,0.99859,0.00049838
-48.63,-35.68,0.00069617,0.99995,0.00023825
-44.82,-35.68,0.00065583,0.99995,0.00024335
-41.25,-35.68,0.00082794,0.9998,0.00033665
-37.87,-35.68,0.0011053,0.99939,0.00043434
-34.64,-35.68,0.0010915,0.99933,0.00044946
-31.53,-35.68,0.0013545,0.99913,0.00069979
-19.94,-35.68,0.00026904,0.99999,0.000106
-17.19,-35.68,6.9308e-05,1,7.7293e-05
-14.48,-35.68,4.9395e-05,1,0.00010301
-11.81,-35.68,0.00010743,1,0.00018181
-9.16,-35.68,0.0002023,1,0.0002718
-6.53,-35.68,0.00037692,0.99999,0.00032176
-3.91,-35.68,0.00066862,0.99998,0.00026635
-1.3,-35.68,0.0028856,0.99892,0.00036588
1.3,-35.68,9.3345e-05,0.99984,4.9958e-05
3.91,-35.68,6.8217e-05,0.99999,0.00017459
6.53,-35.68,4.0093e-06,1,0.00069322
9.16,-35.68,2.6046e-06,1,0.00016063
11.81,-35.68,4.446e-06,1,7.3435e-05
14.48,-35.68,9.5256e-08,1,0.00027118
17.19,-35.68,0,1,0
22.74,-35.68,1.3456e-08,0.99999,0.00032263
25.59,-35.68,1.049e-09,0.99989,0.0002914
-69.02,-33.17,0.047152,0.95878,0.036356
-62.55,-33.17,0.0025539,0.998,0.00084165
-57.32,-33.17,0.021666,0.98306,0.015632
-52.75,-33.17,0.00068386,0.99988,0.00026871
-48.63,-33.17,0.00085829,0.99996,0.00015821
-44.82,-33.17,0.00079379,0.99994,0.00015931
-41.25,-33.17,0.0010041,0.99977,0.00021446
-37.87,-33.17,0.0010209,0.99952,0.00028221
-34.64,-33.17,0.0014801,0.99915,0.00038247
-31.53,-33.17,0,1,0
-28.52,-33.17,0.00070751,0.99951,0.00047945
-25.59,-33.17,0.00048766,0.99983,0.00020975
-22.74,-33.17,0.00042306,0.99994,0.00010606
-19.94,-33.17,0.00023779,0.99999,4.0323e-05
-17.19,-33.17,6.2274e-05,1,3.3011e-05
-14.48,-33.17,3.1651e-05,1,4.1978e-05
-11.81,-33.17,5.6662e-05,1,6.3048e-05
-9.16,-33.17,0.00012052,1,8.6337e-05
-6.53,-33.17,0.00030671,1,0.00011001
-3.91,-33.17,0.00062883,0.99999,0.00012319
-1.3,-33.17,0.00086675,0.99986,8.8657e-06
1.3,-33.17,0.015891,0.97585,0.0056143
3.91,-33.17,0.00092619,0.99985,0.00087243
6.53,-33.17,2.9522e-06,1,0.00051394
9.16,-33.17,2.4546e-05,1,7.7455e-05
11.81,-33.17,1.3975e-05,1,3.8249e-05
14.48,-33.17,1.232e-06,1,0.00017201
17.19,-33.17,3.7499e-08,1,0.0002496
19.94,-33.17,4.8256e-09,1,0.00013117
22.74,-33.17,9.0026e-13,1,5.6655e-05
25.59,-33.17,2.4562e-16,1,1.4849e-05
28.52,-33.17,1.1238e-17,1,7.4594e-06
37.87,-33.17,1.1221e-17,0.99992,5.9917e-08
41.25,-33.17,4.6017e-10,0.9934,2.144e-08
69.02,-33.17,0.0019916,0.92838,1.1031e-07
-69.02,-30.66,0.13881,0.90097,0.086743
-62.55,-30.66,0.0023487,0.99857,0.00057886
-57.32,-30.66,0.01648,0.98787,0.0075983
-52.75,-30.66,0.00087489,0.99989,0.00019926
-48.63,-30.66,0.0011336,0.99994,0.00010375
-44.82,-30.66,0.0011126,0.99989,9.814e-05
-41.25,-30.66,0.0014385,0.99966,0.00012682
-37.87,-30.66,0.0011837,0.99943,0.00016546
-34.64,-30.66,0.0011783,0.99922,0.00025362
-31.53,-30.66,0.0021521,0.99862,0.00059405
-28.52,-30.66,0.00060045,0.9997,0.00024347
-25.59,-30.66,0.00043918,0.99992,8.1492e-05
-22.74,-30.66,0.00037368,0.99997,3.5466e-05
-19.94,-30.66,0.0001949,1,1.4221e-05
-17.19,-30.66,4.7526e-05,1,1.256e-05
-14.48,-30.66,1.9202e-05,1,1.4814e-05
-11.81,-30.66,2.7953e-05,1,1.8247e-05
-9.16,-30.66,7.8046e-05,1,2.2165e-05
-6.53,-30.66,0.00023768,1,2.6935e-05
-3.91,-30.66,0.00054099,0.99999,3.2755e-05
-1.3,-30.66,0.0091021,0.9966,0.0010859
1.3,-30.66,0.02698,0.96177,0.0072648
3.91,-30.66,0,1,0
6.53,-30.66,2.5769e-05,0.99999,0.00029419
9.16,-30.66,4.4447e-05,1,3.7897e-05
11.81,-30.66,8.0945e-05,1,1.9546e-05
14.48,-30.66,0,1,0
17.19,-30.66,3.2485e-06,1,5.1016e-05
19.94,-30.66,2.6769e-09,1,3.0387e-05
22.74,-30.66,9.0643e-11,1,1.6591e-05
25.59,-30.66,1.274e-14,1,3.9702e-06
28.52,-30.66,2.4289e-20,1,6.6282e-07
31.53,-30.66,5.4488e-21,1,3.0678e-07
41.25,-30.66,2.1553e-19,0.99981,2.4656e-08
44.82,-30.66,2.8146e-09,0.9881,5.1192e-10
69.02,-30.66,0.0026638,0.92122,3.2133e-08
-69.02,-28.15,0.10245,0.9286,0.063638
-62.55,-28.15,0.00248,0.99899,0.00039295
-57.32,-28.15,0.0071505,0.99435,0.0021544
-52.75,-28.15,0.001367,0.99983,0.00015817
-48.63,-28.15,0.0017501,0.99986,7.0288e-05
-44.82,-28.15,0.0018319,0.99975,6.0738e-05
-41.25,-28.15,0.002092,0.99944,7.3346e-05
-37.87,-28.15,0.0016277,0.99919,9.0096e-05
-34.64,-28.15,0.00088441,0.99932,0.00012066
-31.53,-28.15,0.00084573,0.99943,0.00015966
-28.52,-28.15,0.00045722,0.99983,7.8059e-05
-25.59,-28.15,0.00035852,0.99996,2.6087e-05
-22.74,-28.15,0.00029227,0.99999,1.0515e-05
-19.94,-28.15,0.0001389,1,5.0326e-06
-17.19,-28.15,3.3306e-05,1,4.2877e-06
-14.48,-28.15,1.1892e-05,1,4.27e-06
-11.81,-28.15,1.5409e-05,1,4.1423e-06
-9.16,-28.15,5.1397e-05,1,3.9749e-06
-6.53,-28.15,0.0001661,1,3.823e-06
-3.91,-28.15,0.00039453,0.99999,3.7775e-06
-1.3,-28.15,0.019882,0.98764,0.003628
1.3,-28.15,0.030085,0.96344,0.0054769
3.91,-28.15,0.018256,0.97195,0.0015112
6.53,-28.15,0.00013383,0.99998,9.1122e-05
9.16,-28.15,8.2765e-05,1,9.8081e-06
11.81,-28.15,0.00014271,1,3.914e-06
14.48,-28.15,0.00058836,1,2.0626e-05
17.19,-28.15,0,1,0
19.94,-28.15,1.4682e-05,0.99998,1.243e-05
22.74,-28.15,8.6327e-08,1,8.0514e-06
25.59,-28.15,8.8968e-12,1,2.8131e-06
28.52,-28.15,3.6578e-18,1,1.7301e-07
31.53,-28.15,7.4224e-19,1,4.7651e-08
34.64,-28.15,4.7435e-19,1,2.5245e-08
37.87,-28.15,7.8994e-19,0.99999,1.5294e-08
41.25,-28.15,3.7104e-18,0.99971,4.6685e-09
44.82,-28.15,2.9125e-14,0.99624,7.4754e-10
69.02,-28.15,0.0036775,0.91348,9.3154e-09
-69.02,-25.64,0.014594,0.99062,0.0039449
-62.55,-25.64,0.0021059,0.99749,0.00072371
-57.32,-25.64,0.0035068,0.99782,0.00067979
-52.75,-25.64,0.0028979,0.99965,0.0001441
-48.63,-25.64,0.0032825,0.99965,5.646e-05
-44.82,-25.64,0.0034476,0.99939,4.4631e-05
-41.25,-25.64,0.0034849,0.99899,4.8679e-05
-37.87,-25.64,0.0019606,0.99902,4.7477e-05
-34.64,-25.64,0.00086443,0.9993,4.7726e-05
-31.53,-25.64,0.00055398,0.99958,4.1845e-05
-28.52,-25.64,0.00036917,0.99986,2.118e-05
-25.59,-25.64,0.00027618,0.99996,8.6273e-06
-22.74,-25.64,0.00021054,0.99999,3.7851e-06
-19.94,-25.64,9.5331e-05,1,1.8788e-06
-17.19,-25.64,2.1109e-05,1,1.306e-06
-14.48,-25.64,1.0137e-05,1,9.7023e-07
-11.81,-25.64,1.1788e-05,1,6.4159e-07
-9.16,-25.64,3.878e-05,1,4.048e-07
-6.53,-25.64,0.00011588,0.99999,2.4596e-07
-3.91,-25.64,0.00026908,0.99997,1.5642e-07
-1.3,-25.64,0.015234,0.99115,0.00084662
1.3,-25.64,0.029956,0.9691,0.003826
3.91,-25.64,0.00073486,0.99843,2.9625e-06
6.53,-25.64,0.00024844,0.99997,6.9126e-06
9.16,-25.64,0.00017424,1,8.4653e-07
11.81,-25.64,0.00022254,1,2.6998e-07
14.48,-25.64,0.00042725,1,4.1818e-07
17.19,-25.64,0.00074493,0.99995,1.7006e-06
19.94,-25.64,0,1,0
22.74,-25.64,3.1708e-06,0.99995,3.7614e-06
25.59,-25.64,3.5468e-10,0.99997,1.8552e-06
28.52,-25.64,1.1831e-15,1,1.0731e-07
31.53,-25.64,3.3614e-17,1,9.6505e-09
34.64,-25.64,5.8619e-18,1,3.5875e-09
37.87,-25.64,5.9239e-18,0.99998,2.0092e-09
41.25,-25.64,1.184e-14,0.99946,7.9974e-10
44.82,-25.64,1.676e-15,0.99802,7.8225e-10
69.02,-25.64,0.0051666,0.90677,7.2154e-09
-69.02,-23.13,0.01235,0.99811,0.00075392
-62.55,-23.13,0.0075571,0.99175,0.0033565
-57.32,-23.13,0,1,0
-52.75,-23.13,0.0084731,0.99937,0.00014488
-48.63,-23.13,0.0086181,0.99921,6.1129e-05
-44.82,-23.13,0.0088382,0.99859,4.5475e-05
-41.25,-23.13,0.0074889,0.99812,4.2661e-05
-37.87,-23.13,0.0031695,0.99866,2.8896e-05
-34.64,-23.13,0.0012057,0.99912,2.0804e-05
-31.53,-23.13,0.00058952,0.99952,1.3378e-05
-28.52,-23.13,0.00036073,0.99981,6.9752e-06
-25.59,-23.13,0.00022418,0.99994,3.3435e-06
-22.74,-23.13,0.00014999,0.99998,1.5573e-06
-19.94,-23.13,6.4887e-05,0.99999,7.0384e-07
-17.19,-23.13,1.5216e-05,0.99999,3.5766e-07
-14.48,-23.13,1.3149e-05,0.99999,1.7593e-07
-11.81,-23.13,2.4864e-05,0.99999,7.1221e-08
-9.16,-23.13,6.663e-05,0.99999,2.8615e-08
-6.53,-23.13,0.00015179,0.99997,1.4736e-08
-3.91,-23.13,0.00028954,0.99989,1.6891e-08
-1.3,-23.13,0.003782,0.99711,1.035e-06
1.3,-23.13,0.019472,0.982,0.00065408
3.91,-23.13,0.00066639,0.99784,1.3934e-07
6.53,-23.13,0.00045552,0.99985,2.0363e-07
9.16,-23.13,0.0003944,1,4.9855e-08
11.81,-23.13,0.00041748,1,2.7163e-08
14.48,-23.13,0.00046881,1,1.0537e-07
17.19,-23.13,0.0005077,0.99999,4.652e-07
19.94,-23.13,0.0005817,0.99981,1.4322e-06
22.74,-23.13,1.8473e-05,0.99984,1.727e-06
25.59,-23.13,1.2611e-07,0.99983,1.5131e-06
28.52,-23.13,2.9902e-11,0.99999,9.034e-08
31.53,-23.13,1.7385e-13,1,5.7586e-09
34.64,-23.13,7.2828e-14,0.99999,8.5636e-10
37.87,-23.13,1.8625e-13,0.99992,3.014e-10
41.25,-23.13,1.2087e-10,0.9987,1.4065e-10
44.82,-23.13,5.7753e-14,0.99752,1.6633e-10
69.02,-23.13,0.0069737,0.8987,4.6398e-09
-69.02,-20.62,0.019069,0.99822,0.00067921
-62.55,-20.62,0.042407,0.96614,0.025202
-57.32,-20.62,0.017265,0.99838,0.00023513
-52.75,-20.62,0.024161,0.99912,0.00014488
-48.63,-20.62,0.025691,0.99837,8.4466e-05
-44.82,-20.62,0.023439,0.99699,6.3029e-05
-41.25,-20.62,0.017072,0.99647,4.8046e-05
-37.87,-20.62,0.0065247,0.99795,2.1808e-05
-34.64,-20.62,0.00225,0.99868,1.2297e-05
-31.53,-20.62,0.00091817,0.99925,6.5326e-06
-28.52,-20.62,0.00047355,0.99965,3.2305e-06
-25.59,-20.62,0.00023048,0.99986,1.4903e-06
-22.74,-20.62,0.00012535,0.99993,6.7754e-07
-19.94,-20.62,5.4507e-05,0.99996,2.7036e-07
-17.19,-20.62,1.646e-05,0.99996,9.3223e-08
-14.48,-20.62,3.0473e-05,0.99993,4.1953e-08
-11.81,-20.62,0.00012292,0.99991,2.8688e-08
-9.16,-20.62,0.00023963,0.99988,1.6793e-08
-6.53,-20.62,0.00036656,0.99972,1.1661e-08
-3.91,-20.62,0.00050557,0.99919,1.1559e-08
-1.3,-20.62,0.0018762,0.99656,3.2641e-10
1.3,-20.62,0.039999,0.96133,0.0025082
3.91,-20.62,0.0012686,0.9964,8.7845e-10
6.53,-20.62,0.000811,0.99906,6.7289e-09
9.16,-20.62,0.0007791,0.99997,6.6313e-09
11.81,-20.62,0.00076247,1,1.1577e-08
14.48,-20.62,0.00064034,1,7.7535e-08
17.19,-20.62,0.00043455,0.99999,3.191e-07
19.94,-20.62,0.00037315,0.99984,7.3043e-07
22.74,-20.62,0.00015558,0.99946,1.3652e-06
25.59,-20.62,3.3226e-05,0.99912,1.2693e-06
28.52,-20.62,2.69e-07,0.9998,9.7054e-08
31.53,-20.62,1.3441e-08,0.9999,8.416e-09
34.64,-20.62,4.4194e-09,0.99987,7.7285e-10
37.87,-20.62,4.9842e-09,0.99954,9.7643e-11
41.25,-20.62,1.3757e-09,0.99849,2.8001e-11
44.82,-20.62,7.4174e-13,0.99712,4.0148e-11
52.75,-20.62,1.5825e-06,0.97154,2.3811e-11
69.02,-20.62,0.0092478,0.89035,5.2463e-09
-69.02,-18.11,0.033215,0.99807,0.00062842
-62.55,-18.11,0,1,0
-57.32,-18.11,0.035259,0.99947,0.00012065
-52.75,-18.11,0.060586,0.99884,0.00015756
-48.63,-18.11,0.060113,0.99685,0.00013049
-44.82,-18.11,0.051005,0.99412,0.00010669
-41.25,-18.11,0.033816,0.9941,5.6847e-05
-37.87,-18.11,0.014422,0.99656,1.9645e-05
-34.64,-18.11,0.0054126,0.99777,9.2134e-06
-31.53,-18.11,0.002,0.99861,4.292e-06
-28.52,-18.11,0.00086726,0.99921,1.9028e-06
-25.59,-18.11,0.00034502,0.9996,7.5758e-07
-22.74,-18.11,0.00015755,0.99974,3.5709e-07
-19.94,-18.11,7.7021e-05,0.99981,1.9291e-07
-17.19,-18.11,3.3534e-05,0.99982,5.6868e-08
-14.48,-18.11,0.0001102,0.99961,5.542e-08
-11.81,-18.11,0.00055242,0.99895,7.8402e-08
-9.16,-18.11,0.00075064,0.99848,3.3097e-08
-6.53,-18.11,0.00092817,0.99774,1.32e-08
-3.91,-18.11,0.0013576,0.99591,8.7568e-09
-1.3,-18.11,0.0015395,0.99355,9.194e-11
1.3,-18.11,0.046054,0.95595,0.0014103
3.91,-18.11,0.011786,0.9852,6.1928e-06
6.53,-18.11,0.0014753,0.99678,2.5506e-09
9.16,-18.11,0.0013649,0.99894,3.7225e-09
11.81,-18.11,0.001227,0.99977,1.502e-08
14.48,-18.11,0.00097444,0.99989,8.4427e-08
17.19,-18.11,0.00069708,0.99975,2.9908e-07
19.94,-18.11,0.00070816,0.99919,6.8494e-07
22.74,-18.11,0.00078229,0.99829,1.3022e-06
25.59,-18.11,0.00044882,0.99796,1.0272e-06
28.52,-18.11,5.0664e-05,0.99875,1.1255e-07
31.53,-18.11,1.1554e-05,0.99897,1.3103e-08
34.64,-18.11,5.4721e-06,0.99877,1.2145e-09
37.87,-18.11,5.0888e-06,0.99759,1.1915e-10
41.25,-18.11,3.2365e-08,0.99784,1.1359e-11
44.82,-18.11,4.6657e-11,0.99596,7.8491e-12
52.75,-18.11,7.3035e-06,0.96602,5.3748e-12
-69.02,-15.6,0.05901,0.99772,0.00057418
-62.55,-15.6,0.062836,0.99726,0.00050991
-57.32,-15.6,0.09491,0.99956,0.00013552
-52.75,-15.6,0.12883,0.99832,0.00019199
-48.63,-15.6,0.11244,0.99401,0.00020971
-44.82,-15.6,0.09191,0.98915,0.0001958
-41.25,-15.6,0.061332,0.98988,8.4042e-05
-37.87,-15.6,0.031384,0.99362,2.2843e-05
-34.64,-15.6,0.014079,0.99577,8.4341e-06
-31.53,-15.6,0.0056174,0.99712,3.3952e-06
-28.52,-15.6,0.0024247,0.99803,1.3619e-06
-25.59,-15.6,0.00088715,0.99874,6.5733e-07
-22.74,-15.6,0.00035608,0.99897,2.0884e-06
-19.94,-15.6,0.00022267,0.99901,5.1116e-06
-17.19,-15.6,0.0001571,0.999,1.2342e-06
-14.48,-15.6,0.00064414,0.99778,2.7079e-07
-11.81,-15.6,0.0021047,0.99364,3.0749e-07
-9.16,-15.6,0.0024972,0.99242,8.008e-08
-6.53,-15.6,0.0029173,0.99092,2.2016e-08
-3.91,-15.6,0.0034401,0.98867,7.8604e-09
-1.3,-15.6,0.0043861,0.98533,6.4329e-09
1.3,-15.6,0.050934,0.95069,0.00062467
3.91,-15.6,0.044677,0.95723,0.00051353
6.53,-15.6,0.0029786,0.99302,4.8406e-09
9.16,-15.6,0.0026754,0.99619,7.6874e-09
11.81,-15.6,0.0022674,0.99761,3.0385e-08
14.48,-15.6,0.0018369,0.99824,1.2356e-07
17.19,-15.6,0.0017291,0.99817,3.5649e-07
19.94,-15.6,0.0019235,0.99772,7.5165e-07
22.74,-15.6,0.0021535,0.99702,1.3768e-06
25.59,-15.6,0.0016274,0.99672,9.1692e-07
28.52,-15.6,0.00066432,0.99722,1.3573e-07
31.53,-15.6,0.00036619,0.99699,1.9857e-08
34.64,-15.6,0.00012887,0.99696,8.1281e-10
37.87,-15.6,6.1704e-06,0.998,5.1239e-11
41.25,-15.6,3.885e-08,0.99798,2.7502e-11
44.82,-15.6,4.2394e-10,0.99499,7.912e-12
-69.02,-13.09,0.12158,0.99383,0.00087994
-62.55,-13.09,0.14843,0.99805,0.00037676
-57.32,-13.09,0.21197,0.99933,0.00018918
-52.75,-13.09,0.22267,0.99726,0.00024201
-48.63,-13.09,0.19102,0.98919,0.00032561
-44.82,-13.09,0.15528,0.9813,0.00035455
-41.25,-13.09,0.10172,0.98286,0.00014878
-37.87,-13.09,0.059365,0.98749,4.117e-05
-34.64,-13.09,0.033265,0.99096,1.3003e-05
-31.53,-13.09,0.017061,0.99339,4.8005e-06
-28.52,-13.09,0.0085544,0.99495,2.3516e-06
-25.59,-13.09,0.0037251,0.99611,3.733e-06
-22.74,-13.09,0.0019145,0.99607,3.1408e-05
-19.94,-13.09,0.0019091,0.99454,0.00013224
-17.19,-13.09,0.0013988,0.99505,2.3166e-05
-14.48,-13.09,0.0027976,0.99138,2.7211e-06
-11.81,-13.09,0.0063879,0.98408,1.4466e-06
-9.16,-13.09,0.0069373,0.98225,3.2259e-07
-6.53,-13.09,0.0072449,0.9806,6.443e-08
-3.91,-13.09,0.0084055,0.97765,2.6517e-08
-1.3,-13.09,0.010643,0.97359,4.7934e-08
1.3,-13.09,0.027811,0.96267,5.5728e-06
3.91,-13.09,0.10508,0.89684,0.0069398
6.53,-13.09,0.010224,0.98378,1.7984e-08
9.16,-13.09,0.0066091,0.99037,2.7462e-08
11.81,-13.09,0.0058938,0.99405,7.8286e-08
14.48,-13.09,0.0049397,0.99551,2.2918e-07
17.19,-13.09,0.0043357,0.9959,5.1956e-07
19.94,-13.09,0.0042185,0.9956,9.503e-07
22.74,-13.09,0.0042331,0.9944,1.6192e-06
25.59,-13.09,0.0032408,0.99414,9.093e-07
28.52,-13.09,0.0020718,0.99488,1.4378e-07
31.53,-13.09,0.00054038,0.9967,2.1046e-09
34.64,-13.09,5.6271e-05,0.9981,8.8882e-11
37.87,-13.09,3.8773e-06,0.99859,1.662e-10
41.25,-13.09,1.0708e-07,0.99766,1.8268e-10
44.82,-13.09,2.3508e-09,0.99412,3.5586e-11
-69.02,-10.58,0.22953,0.98624,0.0019099
-62.55,-10.58,0.28373,0.9976,0.00033178
-57.32,-10.58,0.43351,0.99838,0.00033751
-52.75,-10.58,0.37337,0.99453,0.00034876
-48.63,-10.58,0.29959,0.981,0.00050089
-44.82,-10.58,0.23869,0.96823,0.00060885
-41.25,-10.58,0.16277,0.97117,0.00027717
-37.87,-10.58,0.10148,0.97674,9.8041e-05
-34.64,-10.58,0.063478,0.98081,3.8067e-05
-31.53,-10.58,0.040031,0.98386,1.8102e-05
-28.52,-10.58,0.024742,0.98604,1.3379e-05
-25.59,-10.58,0.014652,0.98808,2.4966e-05
-22.74,-10.58,0.0096397,0.98731,0.0001494
-19.94,-10.58,0,1,0
-17.19,-10.58,0.0072615,0.98365,0.00012263
-14.48,-10.58,0.0096954,0.9795,1.9238e-05
-11.81,-10.58,0.015115,0.97213,7.4701e-06
-9.16,-10.58,0.017233,0.9684,2.7233e-06
-6.53,-10.58,0.017724,0.96664,7.7827e-07
-3.91,-10.58,0.019516,0.96351,4.3565e-07
-1.3,-10.58,0.020047,0.96189,2.9712e-07
1.3,-10.58,0.022147,0.95809,1.6239e-07
3.91,-10.58,0.10451,0.89363,0.0016155
6.53,-10.58,0.087234,0.91342,0.00058577
9.16,-10.58,0.014942,0.97549,1.3628e-07
11.81,-10.58,0.013929,0.9818,2.6258e-07
14.48,-10.58,0.012075,0.98701,5.4262e-07
17.19,-10.58,0.010058,0.98961,9.3659e-07
19.94,-10.58,0.008178,0.98984,1.4543e-06
22.74,-10.58,0.0072118,0.98822,2.3595e-06
25.59,-10.58,0.0039037,0.99164,3.349e-07
28.52,-10.58,0.0017597,0.99531,8.1705e-09
31.53,-10.58,0.00035478,0.99725,2.9075e-10
34.64,-10.58,2.7287e-05,0.99877,2.082e-10
37.87,-10.58,1.5088e-06,0.99907,5.3511e-10
41.25,-10.58,1.3004e-07,0.99755,1.0721e-09
44.82,-10.58,3.955e-08,0.99178,5.9847e-10
-69.02,-8.07,0.31434,0.98222,0.001997
-62.55,-8.07,0.42791,0.99613,0.00032823
-57.32,-8.07,0.69267,0.99458,0.0008214
-52.75,-8.07,0.55515,0.98845,0.00052133
-48.63,-8.07,0.39058,0.97774,0.00037109
-44.82,-8.07,0.28749,0.96829,0.00032489
-41.25,-8.07,0.23084,0.95637,0.00041034
-37.87,-8.07,0.16312,0.95953,0.00023154
-34.64,-8.07,0.11047,0.96462,0.00011856
-31.53,-8.07,0.07577,0.96786,7.4194e-05
-28.52,-8.07,0.054563,0.96954,6.6485e-05
-25.59,-8.07,0.039442,0.97106,9.8827e-05
-22.74,-8.07,0.031291,0.97001,0.00027285
-19.94,-8.07,0.031007,0.96407,0.00057563
-17.19,-8.07,0.024541,0.96575,0.00023536
-14.48,-8.07,0.026249,0.96289,7.5961e-05
-11.81,-8.07,0.018647,0.96815,6.1743e-06
-9.16,-8.07,0.013418,0.97284,2.0045e-07
-6.53,-8.07,0.011358,0.97463,1.3393e-08
-3.91,-8.07,0.01095,0.97441,4.1094e-09
-1.3,-8.07,0.011861,0.97244,5.7805e-09
1.3,-8.07,0.014273,0.9686,1.5743e-08
3.91,-8.07,0.063791,0.93394,3.8356e-05
6.53,-8.07,0.1626,0.81915,0.0096391
9.16,-8.07,0.048766,0.93958,5.8927e-07
11.81,-8.07,0.031761,0.95623,1.301e-06
14.48,-8.07,0.026312,0.96604,1.8944e-06
17.19,-8.07,0.020991,0.97397,2.5473e-06
19.94,-8.07,0.016699,0.97786,3.624e-06
22.74,-8.07,0.0085039,0.98454,1.0385e-06
25.59,-8.07,0.0035047,0.99129,4.6664e-08
28.52,-8.07,0.0014973,0.99522,2.2389e-09
31.53,-8.07,0.00024828,0.99746,7.6362e-10
34.64,-8.07,1.8363e-05,0.99896,6.8271e-10
37.87,-8.07,1.1968e-06,0.99908,2.7358e-09
41.25,-8.07,6.4727e-07,0.99724,1.0291e-08
44.82,-8.07,4.4351e-07,0.98859,4.1423e-08
-69.02,-5.56,0.29142,0.99262,0.00044993
-62.55,-5.56,0.53797,0.99331,0.00037251
-57.32,-5.56,1,1,0
-52.75,-5.56,0.67714,0.98503,0.00042879
-48.63,-5.56,0.45765,0.98075,0.00013033
-44.82,-5.56,0.32772,0.97243,9.8889e-05
-41.25,-5.56,0.25513,0.96138,0.00013559
-37.87,-5.56,0.21191,0.94846,0.00023674
-34.64,-5.56,0.1752,0.9412,0.00032002
-31.53,-5.56,0.13008,0.94545,0.0002407
-28.52,-5.56,0.099704,0.94727,0.00023283
-25.59,-5.56,0.079439,0.94856,0.00027793
-22.74,-5.56,0.067987,0.9478,0.00040636
-19.94,-5.56,0.061508,0.94475,0.00050889
-17.19,-5.56,0.041234,0.95449,0.00021243
-14.48,-5.56,0.019096,0.97033,1.712e-05
-11.81,-5.56,0.010152,0.97853,4.0211e-07
-9.16,-5.56,0.007008,0.98259,5.0166e-09
-6.53,-5.56,0.0058412,0.98417,1.906e-10
-3.91,-5.56,0.0056736,0.98383,5.9367e-11
-1.3,-5.56,0.006525,0.98161,8.9484e-11
1.3,-5.56,0.0089526,0.97723,3.0977e-10
3.91,-5.56,0.014308,0.9695,1.5969e-09
6.53,-5.56,0.083586,0.91061,4.0797e-06
9.16,-5.56,0.044504,0.94015,1.1171e-08
11.81,-5.56,0.044296,0.93881,5.6555e-07
14.48,-5.56,0.04634,0.93914,4.2862e-06
17.19,-5.56,0.032072,0.95689,3.5231e-06
19.94,-5.56,0.015488,0.97619,7.7206e-07
22.74,-5.56,0.0068213,0.98534,1.6711e-07
25.59,-5.56,0.0031061,0.99075,2.0966e-08
28.52,-5.56,0.0011607,0.995,4.2235e-09
31.53,-5.56,0.00016199,0.9975,2.2407e-09
34.64,-5.56,1.4964e-05,0.99886,2.3319e-09
37.87,-5.56,2.2132e-06,0.99865,1.8245e-08
41.25,-5.56,1.0081e-05,0.99539,4.976e-07
-69.02,-3.05,0.35921,0.98952,0.00051646
-62.55,-3.05,0.61983,0.98821,0.00047411
-57.32,-3.05,0.90108,0.9761,0.0012271
-52.75,-3.05,0.7421,0.98449,0.00022491
-48.63,-3.05,0.52386,0.98203,4.269e-05
-44.82,-3.05,0.37264,0.97503,2.3947e-05
-41.25,-3.05,0.28413,0.96504,3.2425e-05
-37.87,-3.05,0.2315,0.9527,6.8433e-05
-34.64,-3.05,0.19733,0.94039,0.00015591
-31.53,-3.05,0.17753,0.92796,0.00036255
-28.52,-3.05,0.15995,0.91976,0.00063878
-25.59,-3.05,0.13146,0.92144,0.00068407
-22.74,-3.05,0.10975,0.92281,0.00071084
-19.94,-3.05,0.065135,0.9457,0.00023082
-17.19,-3.05,0.028736,0.96663,3.7152e-05
-14.48,-3.05,0.01079,0.98023,1.6036e-06
-11.81,-3.05,0.0050334,0.98739,2.0041e-08
-9.16,-3.05,0.0032079,0.99088,1.7099e-10
-6.53,-3.05,0.0026208,0.9922,8.4408e-12
-3.91,-3.05,0.0026962,0.99187,1.6348e-12
-1.3,-3.05,0.0033928,0.98967,1.1953e-12
1.3,-3.05,0.0053247,0.98474,6.5302e-12
3.91,-3.05,0.011218,0.97544,8.0054e-11
6.53,-3.05,0.026187,0.96026,1.6124e-11
9.16,-3.05,0.067328,0.91894,8.9224e-10
11.81,-3.05,0.051536,0.93211,3.0673e-08
14.48,-3.05,0.044239,0.93947,3.1741e-07
17.19,-3.05,0.028027,0.95865,4.2111e-07
19.94,-3.05,0.011011,0.9799,6.9105e-08
22.74,-3.05,0.0039645,0.98908,1.2641e-08
25.59,-3.05,0.0018714,0.99258,6.3708e-09
28.52,-3.05,0.00077601,0.99478,8.6912e-09
31.53,-3.05,8.8303e-05,0.99745,5.1429e-09
34.64,-3.05,9.2551e-06,0.99864,5.6994e-09
37.87,-3.05,3.2194e-06,0.99789,8.409e-08
41.25,-3.05,0.00011603,0.9902,2.7175e-05
-69.02,-0.54,0.41871,0.98501,0.00065069
-62.55,-0.54,0.67345,0.97926,0.00063943
-57.32,-0.54,0.86688,0.97687,0.00051792
-52.75,-0.54,0.7738,0.98258,9.8687e-05
-48.63,-0.54,0.58309,0.98147,1.5095e-05
-44.82,-0.54,0.42137,0.9758,6.4799e-06
-41.25,-0.54,0.3187,0.967,6.3593e-06
-37.87,-0.54,0.2544,0.95583,1.3119e-05
-34.64,-0.54,0.21181,0.94417,3.8767e-05
-31.53,-0.54,0.18627,0.93192,0.00012327
-28.52,-0.54,0.17308,0.91881,0.00036309
-25.59,-0.54,0.16042,0.90903,0.00070552
-22.74,-0.54,0.10527,0.93025,0.00025826
-19.94,-0.54,0.054457,0.956,4.4335e-05
-17.19,-0.54,0.019486,0.9762,3.7022e-06
-14.48,-0.54,0.006076,0.98803,8.2172e-08
-11.81,-0.54,0.0023587,0.99374,5.7472e-10
-9.16,-0.54,0.0011415,0.99623,6.002e-12
-6.53,-0.54,0.00074235,0.9971,5.3268e-13
-3.91,-0.54,0.00083382,0.99692,1.0264e-13
-1.3,-0.54,0.0013921,0.99544,4.6135e-14
1.3,-0.54,0.0029293,0.99134,3.9883e-13
3.91,-0.54,0.0089736,0.98125,1.4101e-11
6.53,-0.54,0.034792,0.95361,1.6175e-10
9.16,-0.54,0.16043,0.78239,1.0957e-06
11.81,-0.54,0.075781,0.91169,2.7637e-10
14.48,-0.54,0.044967,0.93918,2.7657e-08
17.19,-0.54,0.021155,0.96635,2.2398e-08
19.94,-0.54,0.0075918,0.98345,7.0577e-09
22.74,-0.54,0.0018167,0.9924,1.2998e-09
25.59,-0.54,0.00044892,0.99567,1.2668e-09
28.52,-0.54,0.00012343,0.99683,3.3381e-09
31.53,-0.54,5.0462e-05,0.99695,1.1697e-08
34.64,-0.54,4.4883e-06,0.99815,1.0297e-08
37.87,-0.54,2.0703e-06,0.99679,1.8038e-07
41.25,-0.54,0,1,0
-69.02,1.97,0.46261,0.97927,0.00081598
-62.55,1.97,0.70395,0.96527,0.0008912
-57.32,1.97,0.84227,0.97459,0.00021864
-52.75,1.97,0.78774,0.97891,3.7372e-05
-48.63,1.97,0.63319,0.97842,6.4809e-06
-44.82,1.97,0.47424,0.97404,2.6115e-06
-41.25,1.97,0.35836,0.9666,1.6515e-06
-37.87,1.97,0.28202,0.95719,1.9077e-06
-34.64,1.97,0.22875,0.94658,6.3317e-06
-31.53,1.97,0.1965,0.93497,2.9309e-05
-28.52,1.97,0.17865,0.9223,0.00012611
-25.59,1.97,0.15241,0.91952,0.00020789
-22.74,1.97,0.097719,0.93924,5.6959e-05
-19.94,1.97,0.045967,0.96375,5.9558e-06
-17.19,1.97,0.013811,0.9833,2.3638e-07
-14.48,1.97,0.0037415,0.99329,2.5395e-09
-11.81,1.97,0.0011374,0.99742,1.104e-11
-9.16,1.97,0.00040746,0.99885,2.4552e-13
-6.53,1.97,0.00027248,0.99926,2.9578e-14
-3.91,1.97,0.0003595,0.99918,7.0657e-15
-1.3,1.97,0.00060887,0.99848,4.2235e-15
1.3,1.97,0.0014107,0.99581,1.0392e-13
3.91,1.97,0.007188,0.98684,2.7999e-11
6.53,1.97,0.040998,0.94668,3.4626e-10
9.16,1.97,0.31179,0.57086,0.00023831
11.81,1.97,0.11218,0.87571,6.4329e-11
14.48,1.97,0.044931,0.94133,5.5988e-09
17.19,1.97,0.014469,0.97505,1.3321e-09
19.94,1.97,0.0042718,0.98841,6.2508e-10
22.74,1.97,0.00056187,0.99536,2.354e-10
25.59,1.97,3.8684e-05,0.99775,2.6312e-10
28.52,1.97,3.581e-06,0.9985,6.8531e-10
31.53,1.97,1.3732e-06,0.99842,3.0038e-09
34.64,1.97,3.2268e-06,0.99666,2.1111e-08
37.87,1.97,1.3501e-06,0.99453,1.4232e-07
41.25,1.97,2.4132e-05,0.97941,4.7878e-05
44.82,1.97,2.6847e-05,0.96191,2.5347e-05
-69.02,4.48,0.49149,0.97301,0.00096566
-62.55,4.48,0.71191,0.95795,0.00078925
-57.32,4.48,0.82363,0.96972,9.5625e-05
-52.75,4.48,0.79419,0.97263,1.4135e-05
-48.63,4.48,0.67415,0.97174,3.3988e-06
-44.82,4.48,0.52906,0.9683,1.3629e-06
-41.25,4.48,0.40377,0.96257,6.4187e-07
-37.87,4.48,0.31402,0.95573,3.531e-07
-34.64,4.48,0.24955,0.947,7.4814e-07
-31.53,4.48,0.20808,0.9367,4.8249e-06
-28.52,4.48,0.18495,0.92485,3.2444e-05
-25.59,4.48,0.14362,0.92989,3.4638e-05
-22.74,4.48,0.081234,0.95232,4.6443e-06
-19.94,4.48,0.03816,0.97076,5.3361e-07
-17.19,4.48,0.010756,0.98815,1.1339e-08
-14.48,4.48,0.0025268,0.9964,5.7675e-11
-11.81,4.48,0.00059285,0.99909,2.1378e-13
-9.16,4.48,0.00015538,0.99973,1.1135e-14
-6.53,4.48,0.00011713,0.99985,2.2028e-15
-3.91,4.48,0.00018741,0.99981,1.1198e-15
-1.3,4.48,0.0003778,0.99955,1.2324e-15
1.3,4.48,0.00080184,0.99827,5.3898e-14
3.91,4.48,0.0046901,0.9916,8.0756e-11
6.53,4.48,0,1,0
9.16,4.48,1,0,0
11.81,4.48,0.13225,0.8736,1.1977e-08
14.48,4.48,0.037976,0.95131,1.8026e-09
17.19,4.48,0.0080454,0.98459,1.777e-10
19.94,4.48,0.0013436,0.99476,5.7086e-11
22.74,4.48,0.00017044,0.99718,7.0388e-11
25.59,4.48,1.0573e-06,0.99888,5.9121e-11
28.52,4.48,1.5598e-08,0.99948,1.1284e-10
31.53,4.48,3.2904e-09,0.99941,3.5014e-10
34.64,4.48,3.6869e-08,0.99753,3.7966e-09
37.87,4.48,1.5563e-06,0.98954,8.3329e-08
41.25,4.48,1.352e-06,0.97342,2.0726e-06
44.82,4.48,1.2078e-05,0.94206,3.1769e-06
-69.02,6.99,0.5135,0.96542,0.0011613
-62.55,6.99,0.71294,0.95113,0.00066379
-57.32,6.99,0.80933,0.96229,4.7838e-05
-52.75,6.99,0.79806,0.96284,6.6955e-06
-48.63,6.99,0.70727,0.96051,2.0639e-06
-44.82,6.99,0.58283,0.9573,8.0404e-07
-41.25,6.99,0.45408,0.95332,2.9286e-07
-37.87,6.99,0.35005,0.95012,9.9243e-08
-34.64,6.99,0.27409,0.9446,9.3557e-08
-31.53,6.99,0.22157,0.93656,5.8917e-07
-28.52,6.99,0.19197,0.92609,6.3737e-06
-25.59,6.99,0.13399,0.9395,3.2338e-06
-22.74,6.99,0.064664,0.96409,2.1073e-07
-19.94,6.99,0.027123,0.9801,1.8303e-08
-17.19,6.99,0.0087198,0.99189,3.7768e-10
-14.48,6.99,0.0018197,0.99808,1.1037e-12
-11.81,6.99,0.00033074,0.99969,6.3608e-15
-9.16,6.99,6.0745e-05,0.99994,7.6012e-16
-6.53,6.99,5.2719e-05,0.99997,3.7928e-16
-3.91,6.99,9.5567e-05,0.99994,3.2636e-16
-1.3,6.99,0.00022839,0.99983,4.2358e-16
1.3,6.99,0.00055876,0.99936,9.5626e-15
3.91,6.99,0.0021983,0.996,8.0485e-12
6.53,6.99,0.019489,0.96501,1.1212e-06
9.16,6.99,0.22448,0.71645,4.1494e-05
11.81,6.99,0.072416,0.92612,4.4187e-10
14.48,6.99,0.021993,0.97002,4.0033e-10
17.19,6.99,0.0032713,0.99272,5.877e-11
19.94,6.99,0.00037293,0.9982,1.7853e-11
22.74,6.99,3.2948e-05,0.99878,1.5027e-11
25.59,6.99,1.8907e-08,0.99952,1.6782e-11
28.52,6.99,9.4194e-12,0.99984,1.8428e-11
31.53,6.99,1.112e-12,0.99975,3.348e-11
34.64,6.99,2.0613e-11,0.99858,2.3686e-09
37.87,6.99,3.1917e-08,0.98909,1.0213e-07
41.25,6.99,1.1084e-07,0.96679,5.3919e-07
-69.02,9.5,0.52957,0.95679,0.0014079
-62.55,9.5,0.71017,0.94314,0.00059433
-57.32,9.5,0.79817,0.95226,3.0794e-05
-52.75,9.5,0.80124,0.94855,4.5682e-06
-48.63,9.5,0.73473,0.94348,1.4461e-06
-44.82,9.5,0.63046,0.94016,5.3005e-07
-41.25,9.5,0.50813,0.93804,1.4661e-07
-37.87,9.5,0.39043,0.93894,3.2649e-08
-34.64,9.5,0.30158,0.93842,1.8061e-08
-31.53,9.5,0.23755,0.934,6.3638e-08
-28.52,9.5,0.19983,0.92563,1.0364e-06
-25.59,9.5,0.12387,0.94786,1.9192e-07
-22.74,9.5,0.050071,0.97413,6.1602e-09
-19.94,9.5,0.017678,0.98858,2.513e-10
-17.19,9.5,0.0069397,0.99483,8.3404e-12
-14.48,9.5,0.0013772,0.99902,1.7375e-14
-11.81,9.5,0.00017876,0.99989,2.6313e-16
-9.16,9.5,2.8688e-05,0.99998,8.4623e-17
-6.53,9.5,2.8254e-05,0.99998,6.855e-17
-3.91,9.5,6.4706e-05,0.99996,7.3034e-17
-1.3,9.5,0.00018166,0.99987,1.534e-16
1.3,9.5,0.00043489,0.99962,1.0284e-13
3.91,9.5,0.001183,0.99836,1.4207e-10
6.53,9.5,0.084856,0.88775,0.0010725
9.16,9.5,0.078516,0.90927,0.00014733
11.81,9.5,0.020883,0.97404,1.4092e-10
14.48,9.5,0.0077887,0.9878,5.8152e-11
17.19,9.5,0.00091699,0.99726,3.0657e-11
19.94,9.5,0.00011838,0.9997,1.1303e-11
22.74,9.5,3.5481e-06,0.99981,4.0134e-12
25.59,9.5,5.4743e-10,0.99983,4.7658e-12
28.52,9.5,4.7154e-14,0.99993,4.7357e-12
31.53,9.5,1.23e-16,0.99986,3.0557e-12
34.64,9.5,2.6477e-10,0.99883,5.106e-08
37.87,9.5,4.7727e-07,0.98908,5.2144e-07
41.25,9.5,1.6379e-06,0.95951,6.6971e-07
62.55,9.5,0.094414,0.64124,1.0576e-12
69.02,9.5,0.10471,0.60951,7.3003e-08
-69.02,12.01,0.54033,0.94725,0.0017158
-62.55,12.01,0.7041,0.93403,0.00057299
-57.32,12.01,0.78896,0.93937,2.6323e-05
-52.75,12.01,0.80458,0.92825,4.1836e-06
-48.63,12.01,0.75954,0.9157,1.2346e-06
-44.82,12.01,0.67304,0.91069,4.1071e-07
-41.25,12.01,0.56168,0.91488,8.3728e-08
-37.87,12.01,0.43496,0.92216,1.1589e-08
-34.64,12.01,0.33166,0.92787,4.6867e-09
-31.53,12.01,0.25579,0.92858,8.1955e-09
-28.52,12.01,0.2081,0.92369,1.4679e-07
-25.59,12.01,0.11415,0.95479,8.818e-09
-22.74,12.01,0.038905,0.98169,1.3361e-10
-19.94,12.01,0.0119,0.99404,2.139e-12
-17.19,12.01,0.0037604,0.99821,2.8518e-14
-14.48,12.01,0.0012329,0.99937,4.2697e-16
-11.81,12.01,9.7955e-05,0.99996,1.5378e-17
-9.16,12.01,1.5022e-05,0.99999,1.0349e-17
-6.53,12.01,1.9838e-05,0.99999,1.1323e-17
-3.91,12.01,8.4179e-05,0.99995,5.6357e-17
-1.3,12.01,0.00029232,0.99981,1.6054e-15
1.3,12.01,0.00049054,0.99954,3.883e-12
3.91,12.01,0.00085483,0.99876,4.6726e-09
6.53,12.01,0.074217,0.89937,0.0022945
9.16,12.01,0.084922,0.8991,0.0025879
11.81,12.01,0.031214,0.97348,0.00023774
14.48,12.01,0.0014945,0.99678,6.2444e-11
17.19,12.01,0.00020206,0.99873,2.5845e-11
19.94,12.01,6.8674e-05,0.99994,1.7698e-11
22.74,12.01,4.2884e-07,0.99998,7.6182e-12
25.59,12.01,6.0166e-12,0.99996,3.3861e-12
28.52,12.01,6.4469e-15,0.99997,7.0245e-12
31.53,12.01,2.5898e-13,0.99987,2.1644e-12
34.64,12.01,2.1239e-06,0.99764,3.7786e-06
37.87,12.01,1.1933e-05,0.98552,4.1169e-06
41.25,12.01,7.4092e-05,0.94894,1.169e-06
57.32,12.01,0.080874,0.69416,8.8781e-12
62.55,12.01,0.1131,0.59013,4.3797e-13
69.02,12.01,0.13408,0.55091,1.1797e-10
-69.02,14.52,0.54604,0.93677,0.0021023
-62.55,14.52,0.69511,0.92372,0.00059407
-57.32,14.52,0.78044,0.92329,2.7332e-05
-52.75,14.52,0.8086,0.89863,4.462e-06
-48.63,14.52,0.78348,0.86647,1.4392e-06
-44.82,14.52,0.7158,0.85744,4.4331e-07
-41.25,14.52,0.60899,0.8771,5.6952e-08
-37.87,14.52,0.48379,0.89935,4.5061e-09
-34.64,14.52,0.36367,0.91332,1.3922e-09
-31.53,14.52,0.27453,0.92092,1.4506e-09
-28.52,14.52,0.21552,0.9211,1.8036e-08
-25.59,14.52,0.10595,0.9599,3.948e-10
-22.74,14.52,0.031446,0.98683,2.5533e-12
-19.94,14.52,0.0082097,0.99706,1.3719e-14
-17.19,14.52,0.0020679,0.99946,7.1073e-17
-14.48,14.52,0.00049853,0.99986,2.4318e-18
-11.81,14.52,8.4993e-05,0.99997,1.3113e-18
-9.16,14.52,1.0358e-05,0.99999,1.7029e-18
-6.53,14.52,1.7374e-05,0.99999,2.9248e-17
-3.91,14.52,0.00011505,0.99992,6.2681e-16
-1.3,14.52,0.00050934,0.99947,2.4657e-14
1.3,14.52,0.00070431,0.99902,2.685e-11
3.91,14.52,0.00087998,0.99839,2.6132e-08
6.53,14.52,0.072223,0.90423,0.0040884
9.16,14.52,0.081188,0.90791,0.0088642
11.81,14.52,0.064967,0.94764,0.0027927
14.48,14.52,0.010726,0.99653,1.3699e-05
17.19,14.52,3.9908e-05,0.99928,4.9901e-11
19.94,14.52,0.00016632,0.99986,7.0753e-10
22.74,14.52,1.4816e-07,0.99999,9.0684e-10
25.59,14.52,7.5488e-15,0.99999,2.1419e-10
28.52,14.52,2.1023e-13,0.99996,8.9247e-10
31.53,14.52,1.4866e-08,0.99976,3.3522e-10
34.64,14.52,0,1,0
57.32,14.52,0.092944,0.6461,3.3733e-12
62.55,14.52,0.12091,0.56826,1.2177e-12
69.02,14.52,0.16723,0.51182,1.0327e-10
-69.02,17.03,0.54642,0.92533,0.0025911
-62.55,17.03,0.68334,0.91216,0.00065672
-57.32,17.03,0.77153,0.90363,3.0938e-05
-52.75,17.03,0.81351,0.85535,4.9491e-06
-48.63,17.03,0.80729,0.79369,2.5033e-06
-44.82,17.03,0.75882,0.77852,8.9935e-07
-41.25,17.03,0.65783,0.81669,5.0741e-08
-37.87,17.03,0.53243,0.86597,1.948e-09
-34.64,17.03,0.39585,0.89571,4.3016e-10
-31.53,17.03,0.29136,0.91232,3.0526e-10
-28.52,17.03,0.2186,0.91986,1.6492e-09
-25.59,17.03,0.1003,0.96286,2.2003e-11
-22.74,17.03,0.026572,0.98993,5.4967e-14
-19.94,17.03,0.0059546,0.99846,9.4689e-17
-17.19,17.03,0.0010623,0.99979,4.2183e-19
-14.48,17.03,0.00013109,0.99995,2.8505e-19
-11.81,17.03,2.7193e-05,0.99998,4.6311e-19
-9.16,17.03,1.2721e-05,0.99999,1.6241e-18
-6.53,17.03,1.4593e-05,0.99998,1.4792e-16
-3.91,17.03,0.00015433,0.99983,1.9016e-14
3.91,17.03,0.0009284,0.99856,2.3325e-09
6.53,17.03,0.0032133,0.98881,3.5068e-05
9.16,17.03,0,1,0
11.81,17.03,0.013461,0.99348,0.00085598
14.48,17.03,0.00019324,0.99967,3.6173e-08
17.19,17.03,0.00083026,0.99962,6.8426e-11
19.94,17.03,0,1,0
22.74,17.03,4.13e-07,0.99998,9.5325e-08
25.59,17.03,3.3292e-13,0.99999,9.7941e-09
28.52,17.03,7.2441e-09,0.99992,8.2619e-08
31.53,17.03,7.829e-07,0.99941,1.9797e-08
34.64,17.03,0,1,0
37.87,17.03,0.0026837,0.9642,1.7701e-07
41.25,17.03,0.0089214,0.91012,4.5708e-09
57.32,17.03,0.1104,0.5925,1.6494e-12
69.02,17.03,0.21569,0.47174,1.3449e-10
-69.02,19.54,0.54185,0.9129,0.0032088
-62.55,19.54,0.66856,0.8996,0.00076255
-57.32,19.54,0.76149,0.88026,3.5742e-05
-52.75,19.54,0.81924,0.798,5.2087e-06
-48.63,19.54,0.83133,0.70542,5.6381e-06
-44.82,19.54,0.80055,0.6772,3.2567e-06
-41.25,19.54,0.70953,0.73298,6.9501e-08
-37.87,19.54,0.57606,0.81757,8.7838e-10
-34.64,19.54,0.42556,0.87506,1.2657e-10
-31.53,19.54,0.30226,0.90492,5.5718e-11
-28.52,19.54,0.22147,0.91731,2.0615e-10
-25.59,19.54,0.097879,0.96356,1.9816e-12
-22.74,19.54,0.023753,0.99146,1.9131e-15
-19.94,19.54,0.0044226,0.99902,1.6057e-18
-17.19,19.54,0.00047474,0.99986,1.3931e-19
-14.48,19.54,4.5221e-05,0.99995,4.1489e-18
-11.81,19.54,1.3522e-05,0.99998,2.3919e-17
-9.16,19.54,9.3649e-06,0.99999,1.1964e-16
-6.53,19.54,1.5062e-05,0.99997,7.5002e-16
-3.91,19.54,0.00012101,0.99978,5.7547e-14
3.91,19.54,0.0010362,0.99849,3.9335e-11
6.53,19.54,0.0016313,0.99525,1.1797e-07
9.16,19.54,0,1,0
11.81,19.54,0,1,0
14.48,19.54,0.00021269,0.9992,1.2583e-05
17.19,19.54,0.024435,0.97787,0.00018117
19.94,19.54,0.0099597,0.98287,1.094e-07
22.74,19.54,0,1,0
28.52,19.54,1.6987e-06,0.9996,4.2613e-06
31.53,19.54,3.9562e-05,0.99777,3.6336e-07
34.64,19.54,0.0010368,0.98709,6.0152e-09
37.87,19.54,0.0059452,0.94763,2.194e-10
41.25,19.54,0.019033,0.88215,5.0402e-12
44.82,19.54,0.043141,0.81254,1.1166e-11
57.32,19.54,0.13222,0.55318,1.4683e-12
69.02,19.54,0.28388,0.43048,2.2449e-10
-69.02,22.05,0.53296,0.89967,0.0039783
-62.55,22.05,0.64968,0.88738,0.00090291
-57.32,22.05,0.74956,0.85399,4.1093e-05
-52.75,22.05,0.82525,0.73136,4.7566e-06
-48.63,22.05,0.85584,0.59297,1.2262e-05
-44.82,22.05,0.8402,0.53714,1.4041e-05
-41.25,22.05,0.76154,0.62436,1.3371e-07
-37.87,22.05,0.61612,0.75731,3.6488e-10
-34.64,22.05,0.44739,0.85359,2.7961e-11
-31.53,22.05,0.31119,0.89582,1.143e-11
-28.52,22.05,0.22399,0.91346,4.2622e-11
-25.59,22.05,0.099065,0.96191,3.8112e-13
-22.74,22.05,0.023002,0.99169,1.8413e-16
-19.94,22.05,0.0034339,0.99918,2.1595e-19
-17.19,22.05,0.00022103,0.99987,2.1698e-18
-14.48,22.05,3.1222e-05,0.99993,5.8132e-16
-11.81,22.05,1.5757e-05,0.99995,8.4802e-15
-9.16,22.05,1.3118e-05,0.99995,2.5196e-14
-6.53,22.05,3.0478e-05,0.99987,2.8249e-13
-3.91,22.05,0.00013487,0.99971,6.446e-13
6.53,22.05,0.0013546,0.99618,1.1787e-08
9.16,22.05,0.00071244,0.99695,7.0289e-07
11.81,22.05,4.4458e-05,0.99914,3.153e-05
14.48,22.05,0,1,0
17.19,22.05,0.023617,0.9815,0.0004103
19.94,22.05,0.012425,0.98036,7.6559e-07
22.74,22.05,0.00035103,0.99975,2.684e-07
25.59,22.05,0,1,0
28.52,22.05,0,1,0
31.53,22.05,4.5429e-05,0.99565,2.0525e-06
34.64,22.05,0.00093147,0.97752,2.0978e-08
37.87,22.05,0.0091392,0.92268,5.4171e-11
41.25,22.05,0.028651,0.84664,8.2921e-12
44.82,22.05,0.062259,0.77359,3.1729e-12
57.32,22.05,0.1744,0.50962,9.3277e-13
69.02,22.05,0.3563,0.39043,4.9136e-10
-69.02,24.56,0.52014,0.88661,0.0049153
-62.55,24.56,0.62622,0.87641,0.0010915
-57.32,24.56,0.7333,0.82858,4.732e-05
-52.75,24.56,0.83017,0.65944,3.5033e-06
-48.63,24.56,0.88298,0.45553,1.806e-05
-44.82,24.56,0.88072,0.36141,5.2194e-05
-41.25,24.56,0.80774,0.4923,2.7569e-07
-37.87,24.56,0.64526,0.69648,9.322e-11
-34.64,24.56,0.4646,0.8287,6.9797e-12
-31.53,24.56,0.31751,0.88526,2.7256e-12
-28.52,24.56,0.20306,0.92206,1.4954e-12
-25.59,24.56,0.10413,0.95767,2.054e-13
-22.74,24.56,0.024653,0.99051,8.7144e-17
-19.94,24.56,0.0031818,0.99909,2.9338e-19
-17.19,24.56,0.00014921,0.99985,1.7956e-17
-14.48,24.56,2.7543e-05,0.99988,1.7094e-14
-11.81,24.56,3.0995e-05,0.99981,1.7833e-12
-9.16,24.56,2.4807e-05,0.99986,4.472e-12
14.48,24.56,0,1,0
17.19,24.56,5.0334e-06,0.99973,5.6982e-07
19.94,24.56,0,1,0
22.74,24.56,0,1,0
28.52,24.56,9.41e-06,0.99948,2.0321e-05
31.53,24.56,2.5262e-05,0.99627,5.2543e-06
34.64,24.56,0.00088177,0.96271,5.8282e-08
37.87,24.56,0.014341,0.88871,2.3809e-10
41.25,24.56,0.040806,0.80626,2.3916e-11
44.82,24.56,0.086317,0.72895,3.264e-12
57.32,24.56,0.25033,0.4593,9.1655e-13
69.02,24.56,0.42552,0.35105,1.3902e-09
-69.02,27.07,0.50357,0.87455,0.0060594
-62.55,27.07,0.59743,0.86753,0.0013465
-57.32,27.07,0.71122,0.8074,5.598e-05
-52.75,27.07,0.82892,0.58647,2.335e-06
-48.63,27.07,0.9123,0.31278,1.1715e-05
-41.25,27.07,0.84194,0.37169,4.3928e-07
-37.87,27.07,0.66926,0.63499,2.1955e-11
-34.64,27.07,0.47541,0.8036,2.1392e-12
-31.53,27.07,0.31776,0.87572,6.4327e-13
-28.52,27.07,0.16671,0.93669,1.4656e-14
-25.59,27.07,0.079863,0.96753,3.079e-15
-22.74,27.07,0.0297,0.98743,2.1862e-16
-19.94,27.07,0.0043315,0.99858,1.7323e-18
-17.19,27.07,0.00024574,0.99981,2.5064e-17
-14.48,27.07,2.7813e-05,0.99986,1.4467e-14
-11.81,27.07,2.8015e-05,0.99977,1.5549e-12
1.3,27.07,0,1,0
11.81,27.07,0,1,0
14.48,27.07,0,1,0
17.19,27.07,2.2392e-05,0.99962,2.3586e-07
19.94,27.07,1.4134e-05,0.99914,2.4441e-08
22.74,27.07,0,1,0
31.53,27.07,0.00015074,0.99546,1.9005e-05
34.64,27.07,0.00095178,0.94913,2.4086e-07
37.87,27.07,0.024335,0.84646,1.4205e-09
41.25,27.07,0.063468,0.75807,6.3139e-11
44.82,27.07,0.1203,0.67223,4.3725e-12
48.63,27.07,0.14693,0.58333,1.467e-12
57.32,27.07,0.35932,0.40382,1.2134e-12
69.02,27.07,0.49271,0.31219,3.5105e-09
-69.02,29.58,0.48327,0.86359,0.0075177
-62.55,29.58,0.56243,0.86137,0.0016858
-57.32,29.58,0.68301,0.79275,7.1199e-05
-52.75,29.58,0.82045,0.51865,2.1102e-06
-48.63,29.58,0.93136,0.20764,2.3467e-06
-44.82,29.58,1,0,0
-41.25,29.58,0.86315,0.29235,1.6491e-07
-37.87,29.58,0.68222,0.58603,5.4736e-12
-34.64,29.58,0.47172,0.78709,4.7212e-13
-31.53,29.58,0.29499,0.87876,3.8646e-14
-28.52,29.58,0.12961,0.94981,1.1484e-16
-25.59,29.58,0.05487,0.97742,6.8134e-17
-22.74,29.58,0.028922,0.98737,3.2288e-16
-19.94,29.58,0.0067378,0.99766,2.4297e-17
-17.19,29.58,0.00071555,0.99969,3.8477e-17
-14.48,29.58,7.7337e-05,0.99985,2.9418e-15
-11.81,29.58,4.2803e-05,0.99977,2.4894e-13
1.3,29.58,0,1,0
3.91,29.58,0,1,0
9.16,29.58,1,0,0
22.74,29.58,0.002193,0.9937,6.7254e-08
25.59,29.58,0,1,0
31.53,29.58,0,1,0
34.64,29.58,0.0036329,0.91383,3.9155e-07
37.87,29.58,0.040273,0.79811,2.8475e-09
41.25,29.58,0.10903,0.69383,1.4114e-10
44.82,29.58,0.16094,0.59958,6.3113e-12
48.63,29.58,0.22175,0.51196,9.6013e-13
52.75,29.58,0.36882,0.37771,3.84e-13
57.32,29.58,0.55545,0.27717,9.907e-15
69.02,29.58,0.56005,0.27493,7.336e-09
-69.02,32.09,0.45949,0.85372,0.0093791
-62.55,32.09,0.52163,0.85836,0.0021417
-57.32,32.09,0.64702,0.78784,0.0001011
-52.75,32.09,0.80393,0.46596,6.1834e-06
-48.63,32.09,0.94633,0.13958,8.7017e-07
-44.82,32.09,0.96935,0.065387,2.8402e-06
-41.25,32.09,0.86182,0.26746,6.2739e-09
-37.87,32.09,0.67534,0.56375,1.0294e-12
-34.64,32.09,0.45267,0.78162,7.24e-14
-31.53,32.09,0.24891,0.89378,4.1504e-16
-28.52,32.09,0.096211,0.96162,9.516e-18
-25.59,32.09,0.035091,0.985,4.0694e-17
-22.74,32.09,0.016352,0.99301,1.5074e-16
-19.94,32.09,0.005629,0.99801,1.4009e-16
-17.19,32.09,0.00061944,0.99966,3.4787e-16
-14.48,32.09,0.000134,0.99978,1.76e-14
-11.81,32.09,2.4613e-05,0.99986,1.176e-11
25.59,32.09,0,1,0
28.52,32.09,0,1,0
31.53,32.09,0.0030635,0.95471,1.5292e-06
34.64,32.09,0.0095115,0.85759,1.2226e-07
37.87,32.09,0.066404,0.73241,1.7095e-09
41.25,32.09,0.18139,0.59976,3.4835e-10
44.82,32.09,0.25847,0.51234,8.163e-12
48.63,32.09,0.35499,0.43405,1.6062e-12
52.75,32.09,0.68107,0.11775,1.3225e-09
57.32,32.09,0.71341,0.12144,1.2143e-15
62.55,32.09,0.5918,0.26274,9.7058e-10
69.02,32.09,0.62213,0.24011,1.4892e-08
-69.02,34.6,0.43315,0.8451,0.011663
-62.55,34.6,0.47615,0.85886,0.0027666
-57.32,34.6,0.60174,0.7947,0.00015768
-52.75,34.6,0.77707,0.44037,2.7858e-05
-48.63,34.6,0.95281,0.10479,7.7518e-06
-44.82,34.6,0.9603,0.08497,9.5493e-09
-41.25,34.6,0.76491,0.37222,3.562e-09
-37.87,34.6,0.65014,0.56787,1.6539e-13
-34.64,34.6,0.42666,0.78183,1.6052e-14
-31.53,34.6,0.20401,0.90935,2.1815e-17
-28.52,34.6,0.070539,0.97124,1.3019e-17
-25.59,34.6,0.019911,0.98978,6.2906e-17
-22.74,34.6,0.0083478,0.99582,2.6574e-16
-19.94,34.6,0.0032847,0.99863,9.1843e-16
-17.19,34.6,0.00079167,0.99958,2.4528e-15
-14.48,34.6,0.00020001,0.99963,3.8253e-13
25.59,34.6,0.00058751,0.99432,2.4767e-07
28.52,34.6,0.0029944,0.96821,4.7908e-07
31.53,34.6,0.0049423,0.9185,2.2983e-07
34.64,34.6,0.034674,0.77526,2.4788e-08
37.87,34.6,0.12807,0.62987,4.8151e-10
41.25,34.6,0.28154,0.49676,3.3115e-10
44.82,34.6,0.39731,0.41491,3.309e-11
48.63,34.6,0.51029,0.35708,6.0308e-11
52.75,34.6,0.79493,0.055011,1.1871e-07
57.32,34.6,0.73948,0.18215,8.5373e-15
62.55,34.6,0.66819,0.21938,1.2555e-09
69.02,34.6,0.6735,0.20851,3.1991e-08
-69.02,37.11,0.40543,0.83779,0.014484
-62.55,37.11,0.42843,0.86274,0.0036187
-57.32,37.11,0.54737,0.81326,0.00025748
-52.75,37.11,0.7295,0.45429,0.00010824
-48.63,37.11,0.95474,0.089202,0.00015344
-44.82,37.11,0.93143,0.11955,2.6545e-08
-41.25,37.11,0.78923,0.32885,6.7462e-12
-37.87,37.11,0.61263,0.59233,4.2108e-14
-34.64,37.11,0.35751,0.8085,1.9576e-16
-31.53,37.11,0.16535,0.92334,8.2072e-17
-28.52,37.11,0.049479,0.9773,5.1702e-17
-25.59,37.11,0.011652,0.99186,2.9e-16
-22.74,37.11,0.0044714,0.99678,3.7014e-15
-19.94,37.11,0.0016409,0.99885,4.0366e-14
-17.19,37.11,0.00067377,0.99949,1.1254e-13
-14.48,37.11,0.00074792,0.99958,3.8941e-14
-11.81,37.11,0.00076738,0.99895,6.1778e-10
25.59,37.11,0.0025175,0.98356,1.9904e-06
28.52,37.11,0.010448,0.91615,2.6521e-07
34.64,37.11,0.10532,0.64435,4.4609e-09
37.87,37.11,0.23758,0.49687,9.6064e-11
41.25,37.11,0.37972,0.39486,3.0048e-11
44.82,37.11,0.53831,0.32653,1.0169e-10
48.63,37.11,0.77166,0.096115,1.8573e-11
52.75,37.11,0.82185,0.080362,5.8018e-15
57.32,37.11,0.84925,0.032722,6.1849e-15
62.55,37.11,0.72706,0.18089,2.1825e-09
69.02,37.11,0.71394,0.18028,8.2912e-08
-69.02,39.62,0.37742,0.83139,0.018056
-62.55,39.62,0.3822,0.86915,0.0046956
-57.32,39.62,0.48805,0.84024,0.00042435
-52.75,39.62,0.6551,0.51583,0.00029606
-48.63,39.62,1,0,0
-44.82,39.62,0.87374,0.18019,4.2983e-08
-41.25,39.62,0.73157,0.39159,1.0403e-12
-37.87,39.62,0.52248,0.64643,1.7392e-15
-34.64,39.62,0.28903,0.83709,1.0966e-17
-31.53,39.62,0.14011,0.93242,2.0507e-15
-28.52,39.62,0.035075,0.97971,1.5909e-15
-25.59,39.62,0.0083932,0.99203,2.4072e-14
-22.74,39.62,0.0030966,0.99649,8.7281e-13
-19.94,39.62,0.0012155,0.99838,2.1938e-11
-17.19,39.62,0.00015921,0.99954,2.6377e-11
-14.48,39.62,0.0009758,0.99932,1.544e-12
-11.81,39.62,0.0024085,0.99867,8.3938e-10
-9.16,39.62,0,1,0
22.74,39.62,0,1,0
28.52,39.62,0.064367,0.78244,1.152e-07
34.64,39.62,0.21492,0.47256,1.2345e-09
37.87,39.62,0.36854,0.36145,2.2281e-11
41.25,39.62,0.49675,0.28254,2.3155e-12
44.82,39.62,0.64208,0.24708,2.7613e-09
48.63,39.62,0.90425,0.04076,3.7988e-07
52.75,39.62,0.87309,0.065979,5.502e-15
57.32,39.62,0.9249,0.0049379,7.0452e-10
62.55,39.62,0.7735,0.14743,4.9571e-09
69.02,39.62,0.74846,0.15496,2.7025e-07
-69.02,42.13,0.34909,0.8254,0.022498
-62.55,42.13,0.32406,0.8898,0.0045916
-57.32,42.13,0.42085,0.8697,0.00069994
-52.75,42.13,0.57838,0.61667,0.00047395
-48.63,42.13,0.78475,0.25033,0.00040041
-44.82,42.13,0.77741,0.2854,1.4004e-08
-41.25,42.13,0.58434,0.56315,4.1238e-11
-37.87,42.13,0.4222,0.70248,5.4939e-16
-34.64,42.13,0.22871,0.85995,3.1018e-17
-31.53,42.13,0.11954,0.9403,3.8085e-14
-28.52,42.13,0.032911,0.97953,8.261e-14
28.52,42.13,0.22002,0.54629,1.0639e-07
34.64,42.13,0.40636,0.30195,2.3906e-09
37.87,42.13,0.4992,0.22005,2.84e-11
41.25,42.13,0.61459,0.17894,1.1327e-12
44.82,42.13,0.71821,0.17362,4.3619e-08
48.63,42.13,1,0,0
52.75,42.13,0.95102,0.010982,2.5386e-11
57.32,42.13,0.9552,0.0015201,4.9346e-09
62.55,42.13,0.81261,0.11733,1.6633e-08
69.02,42.13,0.77904,0.13189,1.0213e-06
-69.02,44.64,0.33145,0.82706,0.021819
-62.55,44.64,0.26614,0.91062,0.0041832
-57.32,44.64,0.31893,0.91632,0.00065151
-52.75,44.64,0.48057,0.75708,0.00021652
-48.63,44.64,0.61907,0.46871,3.0469e-05
-44.82,44.64,0.64845,0.44512,3.4433e-09
-41.25,44.64,0.53548,0.58998,4.1482e-13
-31.53,44.64,0.10399,0.94362,5.4248e-13
-9.16,44.64,0,1,0
31.53,44.64,0.55965,0.23306,1.2484e-07
41.25,44.64,0.71613,0.098211,8.9166e-12
44.82,44.64,0.82766,0.059239,1.2456e-10
48.63,44.64,0.98578,0.0027156,0.00022296
52.75,44.64,0.98466,0.0012655,1.6459e-09
57.32,44.64,0.97066,0.00088925,1.347e-11
62.55,44.64,0.84873,0.089975,9.1068e-08
69.02,44.64,0.80578,0.10991,3.9437e-06
-69.02,47.15,0.33074,0.83143,0.017117
-62.55,47.15,0.21367,0.92663,0.0036438
-57.32,47.15,0.17943,0.94845,0.0010848
-52.75,47.15,0.37656,0.86644,0.00010203
-48.63,47.15,0.49416,0.68159,8.1907e-06
-44.82,47.15,0.52624,0.61731,4.7818e-09
-19.94,47.15,0,1,0
44.82,47.15,0.94296,0.0059922,4.3955e-16
48.63,47.15,0.99214,0.00040789,2.2657e-06
52.75,47.15,0.99299,7.8344e-05,1.5493e-09
57.32,47.15,0.96764,0.0064303,1.6291e-13
62.55,47.15,0.89414,0.051208,8.7929e-08
69.02,47.15,0.83125,0.088987,1.3969e-05
-69.02,49.66,0.33416,0.83143,0.013659
-62.55,49.66,0.17857,0.9363,0.0029602
-57.32,49.66,0,1,0
-52.75,49.66,0.24964,0.92663,0.00011459
-48.63,49.66,0.36047,0.82222,1.2245e-05
-44.82,49.66,0.38948,0.74662,1.2063e-08
-19.94,49.66,0,1,0
44.82,49.66,0.98166,0.001339,1.3174e-09
48.63,49.66,0.99564,3.3731e-05,3.9225e-11
52.75,49.66,0.99545,2.4768e-06,4.162e-07
57.32,49.66,0.96465,0.014647,1.7064e-10
62.55,49.66,0.9209,0.045224,6.3768e-06
69.02,49.66,0.85849,0.069808,4.2181e-05
-69.02,52.17,0.34127,0.82827,0.01058
-62.55,52.17,0.16622,0.93817,0.002208
-57.32,52.17,0.044421,0.97231,0.0010269
-52.75,52.17,0.12736,0.95525,0.00015441
-48.63,52.17,0.20386,0.89755,3.1422e-05
-44.82,52.17,0.20818,0.88556,9.2321e-07
-41.25,52.17,0.26328,0.80372,8.2213e-11
-37.87,52.17,0.23339,0.82729,1.1749e-12
-25.59,52.17,0,1,0
31.53,52.17,1,0,0
34.64,52.17,0.97026,0.008156,4.4149e-05
44.82,52.17,0.98409,0.0011732,2.5892e-08
48.63,52.17,0.9976,4.3414e-06,1.8491e-11
52.75,52.17,0.99637,6.8082e-07,2.4028e-07
57.32,52.17,0.99454,8.2364e-06,9.863e-08
62.55,52.17,0.97803,0.004717,2.1607e-07
69.02,52.17,0.88849,0.052904,0.000105
-69.02,54.68,0.35547,0.8198,0.0078813
-62.55,54.68,0.17285,0.93218,0.001544
-57.32,54.68,0.050406,0.97329,0.00041099
-52.75,54.68,0.065892,0.9675,0.00016423
-48.63,54.68,0.087117,0.93513,0.0001892
-41.25,54.68,0.23543,0.82183,2.2674e-10
-37.87,54.68,0.20725,0.84225,3.7401e-12
19.94,54.68,1,0,0
34.64,54.68,0.97858,0.0057713,3.9862e-05
41.25,54.68,0.98926,0.00032325,6.5506e-14
44.82,54.68,0.99612,1.8443e-05,2.9888e-13
48.63,54.68,0.99616,6.5146e-06,7.067e-08
52.75,54.68,0.99678,3.4425e-07,1.4406e-07
57.32,54.68,0.9954,4.6059e-06,4.26e-07
62.55,54.68,0.97209,0.018685,0.00019171
69.02,54.68,0.91814,0.038678,0.00021747
-69.02,57.19,0.37805,0.80479,0.0058756
-62.55,57.19,0.19518,0.91779,0.0010437
-57.32,57.19,0.065689,0.96807,0.00017827
-52.75,57.19,0.046266,0.97035,0.0001123
-48.63,57.19,0,1,0
-41.25,57.19,0.21018,0.82693,1.8014e-09
34.64,57.19,0.99842,0.00021402,5.5619e-08
41.25,57.19,0.98359,0.0023916,1.0467e-07
44.82,57.19,0.9986,1.0973e-05,4.7532e-13
48.63,57.19,0.99655,4.2721e-06,1.9198e-07
52.75,57.19,0.99711,1.5148e-07,4.1993e-08
57.32,57.19,0.99583,2.6652e-07,6.3513e-07
62.55,57.19,1,0,0
69.02,57.19,0.93473,0.025663,0.0002961
-69.02,59.7,0.40894,0.78286,0.0044608
-62.55,59.7,0.22726,0.89649,0.00064872
-57.32,59.7,0.093076,0.95478,7.2542e-05
-52.75,59.7,0.050957,0.96192,4.1324e-05
9.16,59.7,1,0,0
37.87,59.7,0.99937,3.8594e-06,4.4688e-11
41.25,59.7,0.98783,0.0014292,7.2323e-07
44.82,59.7,0.99934,3.0142e-05,2.5961e-11
48.63,59.7,0.99675,6.7066e-06,1.16e-06
52.75,59.7,0.99883,1.0861e-06,6.4924e-14
57.32,59.7,0.99592,2.6838e-09,6.018e-07
62.55,59.7,0.98711,0.0056016,0.00047628
69.02,59.7,0.9468,0.016098,0.00036111
-69.02,62.21,0.44727,0.75394,0.0034643
-62.55,62.21,0.26804,0.86723,0.00035957
-57.32,62.21,0.1356,0.92827,2.6688e-05
-52.75,62.21,0.076477,0.93894,8.8769e-06
37.87,62.21,0.99981,4.7288e-06,7.2206e-12
41.25,62.21,0.99102,0.0006676,1.9166e-06
44.82,62.21,0.99785,1.6145e-05,1.046e-07
48.63,62.21,0.99646,1.1041e-05,1.0778e-05
52.75,62.21,0.99805,2.9153e-09,6.6303e-10
57.32,62.21,0.99572,9.6841e-11,6.1075e-07
62.55,62.21,0.99558,0.00013761,3.208e-05
69.02,62.21,0.95542,0.0096572,0.00040939
-69.02,64.72,0.4893,0.72033,0.0025957
-62.55,64.72,0.3203,0.82594,0.00018462
-57.32,64.72,0.18552,0.88835,7.9459e-06
-52.75,64.72,0.12035,0.89601,1.9515e-06
37.87,64.72,0.99397,0.00023518,1.0153e-11
41.25,64.72,0.98953,0.00074367,1.5796e-05
44.82,64.72,0.99627,2.8297e-05,3.7558e-06
48.63,64.72,0.99464,3.4848e-05,0.00015979
52.75,64.72,0.99548,2.3047e-07,2.0826e-05
57.32,64.72,0.99529,7.8971e-10,1.2269e-06
62.55,64.72,0.99275,0.00037659,0.00015185
69.02,64.72,0.96147,0.0055347,0.00044429
-69.02,67.23,0.53482,0.68112,0.0019487
-62.55,67.23,0.38325,0.7723,9.15e-05
-57.32,67.23,0.24761,0.83053,2.4696e-06
-52.75,67.23,0.18274,0.82869,8.4071e-07
41.25,67.23,0.98944,0.00063209,2.8197e-05
44.82,67.23,0.9893,0.00029469,0.00027847
48.63,67.23,0.99602,9.2299e-05,5.7345e-05
52.75,67.23,0.99394,3.4506e-06,0.00013879
57.32,67.23,0.99786,7.063e-08,3.7834e-10
62.55,67.23,0.99652,1.2635e-05,1.8103e-05
69.02,67.23,0.96557,0.0030233,0.00046935
-69.02,69.74,0.58235,0.63676,0.0015274
-62.55,69.74,0.45473,0.70963,4.503e-05
-57.32,69.74,0.33005,0.75506,1.19e-06
44.82,69.74,0.98627,0.00063338,0.00054688
48.63,69.74,1,0,0
52.75,69.74,0.98852,0.00016908,0.0011898
62.55,69.74,0.99723,2.6197e-06,5.2126e-06
69.02,69.74,0.96769,0.0015495,0.00047974
-69.02,72.25,0.63169,0.58888,0.0012779
-62.55,72.25,0.52515,0.64536,1.7863e-05
-57.32,72.25,0.42757,0.67047,9.246e-07
44.82,72.25,0.99154,0.00023967,9.2015e-08
48.63,72.25,0.99272,0.00040326,1.3076e-05
52.75,72.25,0.97893,0.0013781,0.0030641
57.32,72.25,0.9803,0.0012467,0.0023205
62.55,72.25,0.96684,0.002517,0.0015103
69.02,72.25,0.96914,0.00079226,0.00049178
-69.02,74.76,0.6819,0.53869,0.0011552
-62.55,74.76,0.59856,0.577,8.9858e-06
-57.32,74.76,0.52418,0.58531,8.1279e-07
-52.75,74.76,0.49539,0.55741,5.48e-07
48.63,74.76,0.94104,0.0067509,0.0013236
52.75,74.76,0.99364,3.3952e-05,3.5481e-05
57.32,74.76,0.98904,5.7153e-05,0.00015512
62.55,74.76,0.95521,0.0018552,0.0013542
69.02,74.76,0.98859,2.7094e-05,2.9059e-05
-69.02,77.27,0.72813,0.48769,0.0011388
-62.55,77.27,0.67235,0.50629,6.855e-06
-57.32,77.27,0.61418,0.50237,7.5958e-07
-52.75,77.27,0.59518,0.46823,5.9543e-07
-1.3,77.27,1,0,0
62.55,77.27,0.95593,0.0012651,0.0014537
69.02,77.27,0.99208,3.0696e-06,3.2327e-06
-69.02,79.78,0.77162,0.43805,0.0011968
-62.55,79.78,0.74025,0.43549,7.3962e-06
-57.32,79.78,0.69437,0.41898,8.8541e-07
62.55,79.78,0.95754,0.00082354,0.0015675
69.02,79.78,0.94394,0.0016787,0.0025342
-69.02,82.29,0.8133,0.38976,0.0013558
-62.55,82.29,0.79667,0.36781,9.547e-06
-57.32,82.29,0.76745,0.34212,1.1441e-06
69.02,82.29,0.95012,0.00099756,0.0028797
-69.02,84.8,0.84923,0.34273,0.0016431
-62.55,84.8,0.8435,0.30554,1.4793e-05
-57.32,84.8,0.83486,0.27254,1.7518e-06
-52.75,84.8,0.82827,0.24342,1.3082e-06
69.02,84.8,0.95385,0.00059928,0.0031639
-69.02,87.31,0.87843,0.29855,0.002079
-62.55,87.31,0.88185,0.25117,2.6454e-05
-57.32,87.31,0.88715,0.21361,3.1605e-06
-52.75,87.31,0.89323,0.18212,2.44e-06
-48.63,87.31,0.89624,0.15421,1.9562e-06
69.02,87.31,0.95842,0.00035717,0.0035325
-69.02,89.82,0.90175,0.25898,0.0026907
-62.55,89.82,0.91253,0.20517,5.4143e-05
-57.32,89.82,0.92465,0.1664,6.4337e-06
-52.75,89.82,0.9387,0.13501,5.4716e-06
-48.63,89.82,0.9487,0.10923,4.3446e-06
-17.19,89.82,1,0,0
69.02,89.82,0.96128,0.0002256,0.0038316
-69.02,92.33,0.92119,0.22365,0.0029018
-62.55,92.33,0.93716,0.16787,0.00012727
-57.32,92.33,0.95282,0.12835,1.5053e-05
-52.75,92.33,0.969,0.098795,1.3662e-05
-48.63,92.33,0.97601,0.077446,8.6414e-06
69.02,92.33,0.9646,0.00014804,0.0041922
-69.02,94.84,0.93776,0.19212,0.0028948
-62.55,94.84,0.95581,0.13919,0.00031953
-57.32,94.84,0.97196,0.099803,4.7705e-05
-52.75,94.84,0.98456,0.072934,3.5148e-05
-48.63,94.84,0.9893,0.053615,2.0277e-05
44.82,94.84,0.99998,1.1784e-10,3.7119e-07
69.02,94.84,0.96701,0.00011019,0.0045209
-69.02,97.35,0.95192,0.16415,0.0029178
-62.55,97.35,0.9686,0.11766,0.00073442
-57.32,97.35,0.9826,0.080916,0.00020368
-52.75,97.35,0.99292,0.053473,7.9773e-05
-48.63,97.35,0.99465,0.036783,6.0609e-05
44.82,97.35,0.99999,1.665e-09,5.101e-06
48.63,97.35,0.99998,6.8917e-09,1.846e-05
69.02,97.35,0.96936,9.1224e-05,0.004878
-69.02,99.86,0.96342,0.13904,0.0029577
-62.55,99.86,0.9771,0.10128,0.0014248
-57.32,99.86,0.98863,0.068498,0.0006867
-52.75,99.86,0.99685,0.039518,0.00016629
-48.63,99.86,0.99702,0.025246,0.00017743
41.25,99.86,0.99969,8.7137e-08,1.2381e-06
44.82,99.86,0.99523,0.00083423,1.0703e-06
69.02,99.86,0.97178,8.2044e-05,0.0052784
-69.02,102.37,0.97251,0.11654,0.0030051
-62.55,102.37,0.98282,0.088546,0.0023937
-57.32,102.37,0.99273,0.055761,0.0010698
-52.75,102.37,0.99855,0.029554,0.00028171
-48.63,102.37,0.99851,0.017109,0.00031842
-44.82,102.37,1,0,0
34.64,102.37,1,0,0
41.25,102.37,0.99895,6.9816e-07,2.0674e-06
44.82,102.37,0.99996,3.2121e-08,2.0305e-05
69.02,102.37,0.97409,7.9066e-05,0.0057091
-69.02,104.88,0.97958,0.096884,0.0030532
-62.55,104.88,0.9865,0.07873,0.0036582
-57.32,104.88,0.99533,0.045356,0.0013897
-52.75,104.88,0.99931,0.022751,0.0004276
-48.63,104.88,0.99947,0.011529,0.00038583
31.53,104.88,0.99889,0.0016063,0.00011741
37.87,104.88,1,0,0
41.25,104.88,0.99583,0.00020812,1.6392e-05
44.82,104.88,0.99995,9.051e-10,2.3115e-06
-69.02,107.39,0.98497,0.080431,0.0030988
-62.55,107.39,0.98991,0.066566,0.0041605
-57.32,107.39,0.99688,0.038129,0.0017802
-52.75,107.39,0.99968,0.018558,0.0006416
-48.63,107.39,0.99985,0.0078295,0.00034663
-44.82,107.39,0.99926,0.0084729,0.00011101
9.16,107.39,1,0,0
11.81,107.39,1,0,0
14.48,107.39,1,0,0
31.53,107.39,0.99925,0.00077918,4.0653e-05
41.25,107.39,0.99989,2.6451e-06,0.00031805
44.82,107.39,0.99851,4.5792e-05,4.9873e-08
-69.02,109.9,0.98908,0.067003,0.0031412
-62.55,109.9,0.9934,0.0524,0.0036236
-57.32,109.9,0.99778,0.0333,0.0022608
-52.75,109.9,0.99988,0.015033,0.00076441
-48.63,109.9,0.99996,0.0052375,0.00025712
19.94,109.9,0.83851,0.10504,1.0034e-05
28.52,109.9,0.99378,0.0048186,1.431e-05
37.87,109.9,0.99972,1.3475e-05,0.00027038
-69.02,112.41,0.99227,0.055845,0.0031296
-62.55,112.41,0.996,0.0411,0.0031046
-57.32,112.41,0.9985,0.028918,0.0026052
-52.75,112.41,0.99996,0.012029,0.00078627
-48.63,112.41,0.99999,0.0036238,0.00018978
-44.82,112.41,0.99997,0.0027764,1.2426e-05
-9.16,112.41,0.99968,0.00040667,4.8485e-10
31.53,112.41,0.9991,0.0020038,0.0002711
37.87,112.41,0.99753,5.6315e-05,1.8485e-05
41.25,112.41,0.99997,4.0103e-06,0.0012162
-69.02,114.92,0.99469,0.046552,0.0031122
-62.55,114.92,0.99771,0.031948,0.0026012
-57.32,114.92,0.99912,0.024451,0.0027128
-52.75,114.92,0.99999,0.010166,0.00086148
-48.63,114.92,1,0.0029821,0.0001882
-44.82,114.92,1,0.00087292,3.893e-05
-9.16,114.92,0.99946,0.00041795,6.6511e-10
31.53,114.92,0.99802,0.0037149,0.00097747
34.64,114.92,0.99653,0.0023174,0.0036591
37.87,114.92,0.99984,3.5558e-05,0.00113
41.25,114.92,0.99999,4.5518e-07,0.00065268
-69.02,117.43,0.99645,0.038328,0.0029946
-62.55,117.43,0.99874,0.024396,0.0021263
-57.32,117.43,0.99971,0.017931,0.0020984
-52.75,117.43,0.99999,0.0092453,0.0010389
-48.63,117.43,1,0.0024411,0.00017479
-44.82,117.43,1,0.00052412,1.6039e-05
-9.16,117.43,0.9992,0.00043137,1.3192e-09
19.94,117.43,0.22503,0.6937,0.00046809
28.52,117.43,0.93288,0.043097,0.0033152
31.53,117.43,0.99466,0.0047012,0.0022001
34.64,117.43,1,0,0
37.87,117.43,0.99959,8.0436e-05,0.0025543
41.25,117.43,1,4.526e-08,0.00031598
44.82,117.43,1,1.6526e-07,0.00049417
-69.02,119.94,0.99758,0.031354,0.0028533
-62.55,119.94,0.99932,0.018324,0.0017002
-57.32,119.94,0.99991,0.012779,0.0015342
-52.75,119.94,1,0.0081788,0.001129
-48.63,119.94,1,0.0018536,0.00014282
-44.82,119.94,1,0.00033521,1.0624e-05
-11.81,119.94,0.9996,0.00026731,1.9896e-09
14.48,119.94,0,1,0
19.94,119.94,0,1,0
25.59,119.94,0.77601,0.098713,0.00041857
28.52,119.94,0.94465,0.025871,0.0010224
31.53,119.94,1,0,0
34.64,119.94,0.99582,0.00045253,0.00038333
41.25,119.94,1,1.4691e-10,1.5161e-05
-69.02,122.45,0.99827,0.025568,0.0027313
-62.55,122.45,0.99964,0.013604,0.0013405
-57.32,122.45,0.99997,0.0089203,0.0010542
-52.75,122.45,1,0.0049802,0.00060272
-48.63,122.45,1,0.0014248,0.00012334
-44.82,122.45,1,0.00022031,7.6693e-06
19.94,122.45,0,1,0
28.52,122.45,0.93879,0.0251,0.0015794
31.53,122.45,1,0,0
34.64,122.45,0.99176,0.0052026,0.0062786
41.25,122.45,1,1.8139e-10,1.4394e-05
-69.02,124.96,0.99871,0.020719,0.0026368
-62.55,124.96,0.99982,0.0098309,0.0010574
-57.32,124.96,0.99999,0.0059075,0.00068967
-52.75,124.96,1,0.0026304,0.00027932
-48.63,124.96,1,0.0010047,9.8223e-05
-44.82,124.96,1,0.00016476,8.2841e-06
22.74,124.96,0.46863,0.33354,0.002107
28.52,124.96,0.94156,0.023503,0.002341
31.53,124.96,0.99864,0.00054794,0.00020907
34.64,124.96,0.99834,0.002143,0.00037242
41.25,124.96,1,1.6745e-08,0.00071722
-69.02,127.47,0.99902,0.016608,0.0025542
-62.55,127.47,0.99991,0.0068093,0.00085174
-57.32,127.47,1,0.0035289,0.00044246
-52.75,127.47,1,0.0011842,0.00013185
-48.63,127.47,1,0.00034844,3.3148e-05
-44.82,127.47,1,0.00015404,1.12e-05
-41.25,127.47,1,4.6802e-05,1.0755e-06
28.52,127.47,0.93816,0.024297,0.0026848
31.53,127.47,1,0,0
34.64,127.47,0.99996,2.162e-06,0.00020962
37.87,127.47,0.99995,7.2984e-07,0.0018667
41.25,127.47,0.99501,0.0040107,0.00098291
-69.02,129.98,0.99923,0.0133,0.002512
-62.55,129.98,0.99996,0.0045704,0.00071525
-57.32,129.98,1,0.0018524,0.00028745
-52.75,129.98,1,0.00053049,7.6992e-05
-48.63,129.98,1,0.00015733,1.7005e-05
-44.82,129.98,1,7.2022e-05,5.7249e-06
31.53,129.98,0.99452,0.0031073,0.0019937
34.64,129.98,0.99962,6.9743e-05,0.0024592
37.87,129.98,0.99645,0.0039741,0.00077135
41.25,129.98,0.99946,0.00079008,2.7272e-05
-69.02,132.49,0.99933,0.010951,0.0025494
-62.55,132.49,0.99998,0.0031273,0.00063716
-57.32,132.49,1,0.00098224,0.00020722
-52.75,132.49,1,0.00028641,5.4115e-05
-48.63,132.49,1,0.00011838,1.3419e-05
37.87,132.49,0.99982,0.00068032,5.6916e-05
-69.02,135,0.99929,0.0097297,0.0027517
-62.55,135,0.99998,0.0022902,0.00061669
-57.32,135,1,0.00062614,0.00016921
-52.75,135,1,0.00024746,4.7019e-05
-69.02,137.51,0.99897,0.0099639,0.0034924
-62.55,137.51,0.99998,0.0018048,0.00066251
-57.32,137.51,0.99997,0.0017634,0.00010877
-69.02,140.02,1,0,0
-62.55,140.02,0.99998,0.0015447,0.0009244
-69.02,142.53,1,0,0
