-48.63,-171.22,-999,1.4674,0.70124,2.5206
-69.02,-168.71,-999,1.4412,0.33973,3.16
-52.75,-168.71,-999,1.3926,0.70926,2.3092
-48.63,-168.71,-999,1.4174,0.74197,2.3099
-44.82,-168.71,-999,1.4299,0.74584,2.3568
-69.02,-166.2,-999,1.4499,0.41541,3.0296
-52.75,-166.2,-999,1.3178,0.68566,2.1291
-48.63,-166.2,-999,1.3919,0.76546,2.1858
-69.02,-163.69,-999,1.4086,0.44543,2.8456
-52.75,-163.69,-999,1.3124,0.70749,2.091
-48.63,-163.69,-999,1.3716,0.78238,2.1078
-69.02,-161.18,-999,1.4115,0.48263,2.7685
-52.75,-161.18,-999,1.3093,0.72691,2.0454
-48.63,-161.18,-999,1.3538,0.79699,2.0501
-69.02,-158.67,-999,1.4256,0.52184,2.7258
-69.02,-156.16,-999,1.4034,0.53167,2.614
-69.02,-153.65,-999,1.3817,0.54073,2.5219
-69.02,-151.14,-999,1.3697,0.55222,2.4595
-69.02,-148.63,-999,1.3637,0.56641,2.4111
-69.02,-146.12,-999,1.3615,0.58155,2.3724
-69.02,-143.61,-999,1.3523,0.58897,2.3342
-69.02,-141.1,-999,1.3467,0.59516,2.3139
-69.02,-138.59,-999,1.3372,0.59831,2.2867
69.02,-138.59,-999,0.82195,0.55821,1.1186
-69.02,-136.08,-999,1.3155,0.59609,2.2236
69.02,-136.08,-999,0.8503,0.58873,1.1442
-69.02,-133.57,-999,1.334,0.60998,2.2535
69.02,-133.57,-999,0.92219,0.648,1.2205
62.55,-131.06,-999,0.85567,0.59748,1.1327
69.02,-131.06,-999,0.9485,0.6707,1.2545
69.02,-128.55,-999,0.96199,0.68676,1.2712
69.02,-126.04,-999,0.96607,0.68882,1.2712
-69.02,-123.53,-999,1.3291,0.6209,2.2281
69.02,-123.53,-999,0.90653,0.64167,1.2008
-69.02,-121.02,-999,1.2931,0.59831,2.1942
69.02,-121.02,-999,0.90965,0.64307,1.2005
62.55,-118.51,-999,0.95445,0.67952,1.2575
69.02,-118.51,-999,0.90901,0.64719,1.1939
69.02,-110.98,-999,0.73961,0.54145,0.96233
62.55,-108.47,-999,0.79604,0.58701,1.0319
69.02,-108.47,-999,0.85296,0.67039,1.0568
62.55,-105.96,-999,0.73968,0.5479,0.95651
69.02,-105.96,-999,0.80558,0.63345,1.0023
62.55,-103.45,-999,0.69213,0.51029,0.89407
69.02,-103.45,-999,0.66619,0.48439,0.86982
69.02,-100.94,-999,0.63201,0.44662,0.84031
25.59,-98.43,-999,0.96181,0.70623,1.2488
69.02,-98.43,-999,0.59647,0.41694,0.79763
25.59,-95.92,-999,0.92789,0.68514,1.2028
28.52,-95.92,-999,0.96234,0.71327,1.2368
31.53,-95.92,-999,0.99882,0.75013,1.2806
34.64,-95.92,-999,1.0125,0.7623,1.2933
44.82,-95.92,-999,0.97799,0.7983,1.1772
48.63,-95.92,-999,0.86718,0.69237,1.0597
62.55,-95.92,-999,0.61202,0.46239,0.79064
69.02,-95.92,-999,0.64922,0.49184,0.83375
22.74,-93.41,-999,0.86378,0.62078,1.1374
25.59,-93.41,-999,0.90086,0.66357,1.1662
28.52,-93.41,-999,0.93855,0.70287,1.2043
31.53,-93.41,-999,0.99157,0.75414,1.2614
34.64,-93.41,-999,1.0304,0.78353,1.3021
41.25,-93.41,-999,0.97752,0.74098,1.2458
44.82,-93.41,-999,1.0136,0.82521,1.2259
48.63,-93.41,-999,0.86841,0.69059,1.0641
62.55,-93.41,-999,0.54903,0.3705,0.75254
69.02,-93.41,-999,0.63302,0.47452,0.81991
22.74,-90.9,-999,0.80613,0.57796,1.0634
25.59,-90.9,-999,0.85982,0.63287,1.1153
28.52,-90.9,-999,0.92315,0.69321,1.1768
31.53,-90.9,-999,0.98328,0.74427,1.2423
34.64,-90.9,-999,1.0317,0.78195,1.2993
37.87,-90.9,-999,1.1008,0.82607,1.3898
41.25,-90.9,-999,1.0248,0.77209,1.3065
44.82,-90.9,-999,0.98637,0.75113,1.255
48.63,-90.9,-999,0.8491,0.61529,1.1129
52.75,-90.9,-999,0.80581,0.63533,1.0021
57.32,-90.9,-999,0.71531,0.55225,0.9059
62.55,-90.9,-999,0.55293,0.37029,0.75707
69.02,-90.9,-999,0.55218,0.37304,0.75396
17.19,-88.39,-999,0.76486,0.52234,1.0427
22.74,-88.39,-999,0.78159,0.55849,1.0316
25.59,-88.39,-999,0.83597,0.61378,1.0846
28.52,-88.39,-999,0.89509,0.67349,1.1444
31.53,-88.39,-999,1.0284,0.77449,1.3008
34.64,-88.39,-999,1.2085,0.99454,1.4268
37.87,-88.39,-999,1.1103,0.8381,1.398
41.25,-88.39,-999,1.039,0.79467,1.3127
44.82,-88.39,-999,1.0085,0.75749,1.2845
48.63,-88.39,-999,0.85856,0.6279,1.1168
52.75,-88.39,-999,0.84149,0.6616,1.0524
57.32,-88.39,-999,0.64071,0.44407,0.86793
62.55,-88.39,-999,0.55661,0.37634,0.75253
69.02,-88.39,-999,0.62231,0.47121,0.79148
-69.02,-85.88,-999,1.3293,0.37977,2.6813
17.19,-85.88,-999,0.71242,0.47938,0.98054
22.74,-85.88,-999,0.742,0.5253,0.9838
25.59,-85.88,-999,0.80116,0.58495,1.04
28.52,-85.88,-999,0.93323,0.69227,1.205
31.53,-85.88,-999,1.0215,0.76942,1.3098
34.64,-85.88,-999,1.0947,0.81435,1.4029
37.87,-85.88,-999,1.1095,0.84336,1.3996
41.25,-85.88,-999,1.0073,0.82899,1.1907
44.82,-85.88,-999,1.0405,0.78587,1.321
48.63,-85.88,-999,0.89852,0.66202,1.161
52.75,-85.88,-999,0.77842,0.55622,1.0291
57.32,-85.88,-999,0.66533,0.46711,0.89451
62.55,-85.88,-999,0.55455,0.39521,0.7338
69.02,-85.88,-999,0.54877,0.37502,0.74522
-69.02,-83.37,-999,1.2367,0.39251,2.4175
17.19,-83.37,-999,0.65965,0.44214,0.91832
19.94,-83.37,-999,0.65264,0.44298,0.89104
22.74,-83.37,-999,0.77262,0.5375,1.0447
25.59,-83.37,-999,0.83036,0.59651,1.0954
28.52,-83.37,-999,0.92243,0.67766,1.1968
31.53,-83.37,-999,0.99723,0.74585,1.2766
34.64,-83.37,-999,1.0793,0.7999,1.384
37.87,-83.37,-999,1.1156,0.83799,1.4086
41.25,-83.37,-999,1.1525,0.88399,1.4508
44.82,-83.37,-999,1.0562,0.81264,1.328
48.63,-83.37,-999,0.93064,0.6993,1.1861
52.75,-83.37,-999,0.80615,0.58396,1.0557
57.32,-83.37,-999,0.67426,0.49201,0.87564
62.55,-83.37,-999,0.56382,0.41335,0.73397
69.02,-83.37,-999,0.52249,0.3606,0.70439
-69.02,-80.86,-999,1.2192,0.45516,2.2448
19.94,-80.86,-999,0.70615,0.46913,0.97579
22.74,-80.86,-999,0.75252,0.51979,1.0205
25.59,-80.86,-999,0.78445,0.56228,1.0403
28.52,-80.86,-999,0.85467,0.63452,1.1065
31.53,-80.86,-999,0.96624,0.72276,1.2312
34.64,-80.86,-999,1.0607,0.79596,1.3461
37.87,-80.86,-999,1.1244,0.8365,1.4311
41.25,-80.86,-999,1.1158,0.85041,1.4006
44.82,-80.86,-999,1.197,1.0062,1.3976
48.63,-80.86,-999,0.95772,0.73408,1.2073
52.75,-80.86,-999,0.8313,0.61758,1.0669
57.32,-80.86,-999,0.69914,0.51666,0.89796
62.55,-80.86,-999,0.58694,0.43224,0.76399
69.02,-80.86,-999,0.53469,0.37194,0.71859
-69.02,-78.35,-999,1.2211,0.52818,2.1085
17.19,-78.35,-999,0.69453,0.46556,0.96275
19.94,-78.35,-999,0.64211,0.42297,0.89772
22.74,-78.35,-999,0.67072,0.45956,0.9108
25.59,-78.35,-999,0.73009,0.52176,0.96791
28.52,-78.35,-999,0.80752,0.59848,1.0404
31.53,-78.35,-999,0.929,0.69695,1.1856
34.64,-78.35,-999,1.0577,0.79337,1.3471
37.87,-78.35,-999,1.122,0.84839,1.42
41.25,-78.35,-999,1.1284,0.85424,1.4211
44.82,-78.35,-999,1.174,0.90016,1.4851
48.63,-78.35,-999,0.99543,0.76627,1.2483
52.75,-78.35,-999,0.86599,0.64994,1.0976
57.32,-78.35,-999,0.73825,0.54793,0.9447
62.55,-78.35,-999,0.6205,0.4544,0.80616
69.02,-78.35,-999,0.54534,0.38346,0.73208
-69.02,-75.84,-999,1.1725,0.56724,1.9193
14.48,-75.84,-999,0.7382,0.50599,1.0132
17.19,-75.84,-999,0.61596,0.40547,0.86874
28.52,-75.84,-999,0.84256,0.70242,0.99964
31.53,-75.84,-999,1.0403,0.86998,1.2219
34.64,-75.84,-999,1.0123,0.7625,1.2878
37.87,-75.84,-999,1.1179,0.84584,1.4116
41.25,-75.84,-999,1.1744,0.91073,1.4608
44.82,-75.84,-999,1.1363,0.876,1.4227
48.63,-75.84,-999,1.0416,0.80007,1.3023
52.75,-75.84,-999,0.91327,0.69271,1.1506
57.32,-75.84,-999,0.78636,0.58395,1.0051
62.55,-75.84,-999,0.65839,0.4797,0.85546
69.02,-75.84,-999,0.55527,0.39481,0.74388
-69.02,-73.33,-999,1.1893,0.6339,1.8634
17.19,-73.33,-999,0.51251,0.35268,0.70486
28.52,-73.33,-999,0.85329,0.71292,1.0112
31.53,-73.33,-999,0.96254,0.81398,1.1248
34.64,-73.33,-999,0.98859,0.74494,1.258
37.87,-73.33,-999,1.0953,0.83172,1.3866
41.25,-73.33,-999,1.1809,0.91249,1.4671
44.82,-73.33,-999,1.2048,0.94845,1.4815
48.63,-73.33,-999,1.0838,0.83148,1.3554
52.75,-73.33,-999,0.96474,0.73391,1.2103
57.32,-73.33,-999,0.83611,0.62498,1.0629
62.55,-73.33,-999,0.69994,0.50989,0.91155
69.02,-73.33,-999,0.57672,0.40941,0.77546
-69.02,-70.82,-999,1.0997,0.61347,1.6897
14.48,-70.82,-999,0.60022,0.42915,0.80522
31.53,-70.82,-999,0.89244,0.75094,1.0496
34.64,-70.82,-999,0.95799,0.72354,1.2169
37.87,-70.82,-999,1.0884,0.83026,1.3737
41.25,-70.82,-999,1.1818,0.91091,1.4745
44.82,-70.82,-999,1.2239,0.9593,1.5063
48.63,-70.82,-999,1.24,1.0506,1.4466
52.75,-70.82,-999,1.0104,0.77361,1.2682
57.32,-70.82,-999,0.88524,0.6617,1.1233
62.55,-70.82,-999,0.74184,0.53723,0.96165
69.02,-70.82,-999,0.60425,0.42711,0.8181
-62.55,-68.31,-999,1.3143,0.94418,1.744
14.48,-68.31,-999,0.66825,0.47005,0.9154
17.19,-68.31,-999,0.48584,0.33207,0.67571
31.53,-68.31,-999,0.89198,0.75458,1.0455
34.64,-68.31,-999,0.95804,0.72611,1.2112
37.87,-68.31,-999,1.082,0.82269,1.3645
41.25,-68.31,-999,1.1777,0.90829,1.4703
44.82,-68.31,-999,1.2362,0.96275,1.5306
48.63,-68.31,-999,1.1469,0.8744,1.4428
52.75,-68.31,-999,1.0533,0.80237,1.3187
57.32,-68.31,-999,0.93115,0.69492,1.1847
62.55,-68.31,-999,0.75509,0.55487,0.98201
69.02,-68.31,-999,0.63148,0.44385,0.85617
-57.32,-65.8,-999,1.6352,1.0893,2.2671
-52.75,-65.8,-999,1.4783,0.97941,2.074
-9.16,-65.8,-999,2.0278,1.5897,2.4975
31.53,-65.8,-999,0.86011,0.71401,1.0136
34.64,-65.8,-999,1.0553,0.89982,1.2225
37.87,-65.8,-999,1.0586,0.80434,1.3385
41.25,-65.8,-999,1.1508,0.88143,1.4424
44.82,-65.8,-999,1.2324,0.95517,1.5371
48.63,-65.8,-999,1.2449,0.95784,1.5589
52.75,-65.8,-999,1.0877,0.81913,1.3765
57.32,-65.8,-999,0.97081,0.7224,1.2374
62.55,-65.8,-999,0.79142,0.58571,1.0301
69.02,-65.8,-999,0.65252,0.45853,0.88477
-57.32,-63.29,-999,1.5721,1.0602,2.1753
-52.75,-63.29,-999,1.5224,1.0101,2.1287
-14.48,-63.29,-999,1.3527,1.024,1.7157
-11.81,-63.29,-999,1.6635,1.294,2.0617
-9.16,-63.29,-999,2.0678,1.64,2.5289
28.52,-63.29,-999,0.78497,0.65488,0.92995
31.53,-63.29,-999,0.8819,0.73578,1.0345
34.64,-63.29,-999,1.0096,0.86406,1.1644
37.87,-63.29,-999,1.0233,0.77761,1.2947
41.25,-63.29,-999,1.1296,0.86241,1.4238
44.82,-63.29,-999,1.2132,0.929,1.5237
48.63,-63.29,-999,1.2504,0.95543,1.5722
52.75,-63.29,-999,1.1121,0.83545,1.4151
57.32,-63.29,-999,0.96029,0.72525,1.2247
62.55,-63.29,-999,0.81445,0.60264,1.0606
69.02,-63.29,-999,0.6734,0.47616,0.90945
-57.32,-60.78,-999,1.7291,1.2489,2.271
-52.75,-60.78,-999,1.4823,0.99402,2.0626
-48.63,-60.78,-999,1.2047,0.82384,1.6363
-44.82,-60.78,-999,1.0535,0.81001,1.3388
-19.94,-60.78,-999,0.98284,0.74144,1.2619
-17.19,-60.78,-999,1.0853,0.81422,1.3905
-14.48,-60.78,-999,1.2941,0.99211,1.6258
-11.81,-60.78,-999,1.6351,1.2942,2.0066
-9.16,-60.78,-999,2.0791,1.6776,2.5036
-6.53,-60.78,-999,2.4632,1.9771,2.9787
28.52,-60.78,-999,0.79203,0.6642,0.93827
31.53,-60.78,-999,0.80051,0.59362,1.0316
34.64,-60.78,-999,0.87392,0.65269,1.1203
37.87,-60.78,-999,0.98567,0.74352,1.2545
41.25,-60.78,-999,1.0946,0.82872,1.3869
44.82,-60.78,-999,1.1879,0.89633,1.5039
48.63,-60.78,-999,1.2344,0.92855,1.5632
52.75,-60.78,-999,1.0923,0.81737,1.4037
57.32,-60.78,-999,0.97437,0.73206,1.2501
62.55,-60.78,-999,0.82973,0.61316,1.0839
69.02,-60.78,-999,0.68558,0.48533,0.92251
-62.55,-58.27,-999,1.4451,1.095,1.8313
-57.32,-58.27,-999,1.5796,1.0855,2.1613
-52.75,-58.27,-999,1.4307,0.96878,1.9809
-48.63,-58.27,-999,1.3337,0.99603,1.7216
-44.82,-58.27,-999,0.91183,0.64484,1.2124
-41.25,-58.27,-999,0.68952,0.48196,0.93385
-22.74,-58.27,-999,0.96937,0.72438,1.2573
-19.94,-58.27,-999,1.0211,0.76875,1.2996
-17.19,-58.27,-999,1.086,0.82687,1.3763
-14.48,-58.27,-999,1.2954,1.0013,1.6158
-11.81,-58.27,-999,1.627,1.2973,1.9877
-9.16,-58.27,-999,2.0177,1.6411,2.4201
-6.53,-58.27,-999,2.3961,1.9518,2.8587
-3.91,-58.27,-999,2.7909,2.479,3.1141
-1.3,-58.27,-999,2.6112,2.3046,2.9293
25.59,-58.27,-999,0.60847,0.47259,0.76654
31.53,-58.27,-999,0.90144,0.7676,1.0514
34.64,-58.27,-999,0.86637,0.65071,1.1059
37.87,-58.27,-999,0.94081,0.70858,1.2027
41.25,-58.27,-999,1.0403,0.7863,1.3223
44.82,-58.27,-999,1.1405,0.85438,1.4558
48.63,-58.27,-999,1.1914,0.88836,1.5261
52.75,-58.27,-999,1.0867,0.80446,1.4077
57.32,-58.27,-999,0.97768,0.73631,1.2568
62.55,-58.27,-999,0.83595,0.61869,1.094
69.02,-58.27,-999,0.69639,0.49265,0.939
-52.75,-55.76,-999,1.3484,0.92498,1.8653
-48.63,-55.76,-999,1.1594,0.81753,1.5634
-44.82,-55.76,-999,0.93208,0.6771,1.2265
-41.25,-55.76,-999,0.70359,0.49466,0.94514
-37.87,-55.76,-999,0.6054,0.42098,0.8261
-34.64,-55.76,-999,0.59138,0.41314,0.8064
-31.53,-55.76,-999,0.64838,0.46445,0.87244
-25.59,-55.76,-999,0.92232,0.68383,1.202
-22.74,-55.76,-999,1.0153,0.76189,1.3072
-19.94,-55.76,-999,1.0544,0.8137,1.3325
-17.19,-55.76,-999,1.1133,0.85401,1.4026
-14.48,-55.76,-999,1.2986,1.0117,1.6131
-11.81,-55.76,-999,1.6344,1.3106,1.9921
-9.16,-55.76,-999,1.9859,1.6198,2.3758
-6.53,-55.76,-999,2.3397,1.9078,2.7828
-3.91,-55.76,-999,2.4981,2.0363,2.9821
-1.3,-55.76,-999,2.2743,1.8464,2.7287
1.3,-55.76,-999,2.0151,1.7656,2.2853
3.91,-55.76,-999,1.3983,1.0731,1.7611
14.48,-55.76,-999,0.597,0.44288,0.77037
31.53,-55.76,-999,0.86922,0.74612,1.0051
34.64,-55.76,-999,0.81221,0.60708,1.0412
37.87,-55.76,-999,0.9059,0.68463,1.1538
41.25,-55.76,-999,1.0115,0.76181,1.2877
44.82,-55.76,-999,1.1023,0.82094,1.4121
48.63,-55.76,-999,1.1695,0.86817,1.5063
52.75,-55.76,-999,1.0894,0.80574,1.4169
57.32,-55.76,-999,0.97082,0.72375,1.2525
62.55,-55.76,-999,0.83363,0.61335,1.0946
69.02,-55.76,-999,0.72993,0.51617,0.97736
-48.63,-53.25,-999,1.0868,0.7762,1.4598
-44.82,-53.25,-999,0.93237,0.68205,1.2201
-41.25,-53.25,-999,0.71393,0.50095,0.9518
-37.87,-53.25,-999,0.61862,0.43201,0.83584
-34.64,-53.25,-999,0.61478,0.43484,0.82691
-31.53,-53.25,-999,0.65029,0.50701,0.81782
-28.52,-53.25,-999,0.76366,0.60113,0.94513
-25.59,-53.25,-999,0.94398,0.69453,1.2211
-22.74,-53.25,-999,1.0401,0.79409,1.3251
-19.94,-53.25,-999,1.0798,0.8317,1.3608
-17.19,-53.25,-999,1.1607,0.9023,1.4532
-14.48,-53.25,-999,1.3157,1.0306,1.6352
-11.81,-53.25,-999,1.6279,1.3079,1.981
-9.16,-53.25,-999,1.9514,1.589,2.3381
-6.53,-53.25,-999,2.2865,1.8664,2.7205
-3.91,-53.25,-999,2.3479,1.9218,2.8035
-1.3,-53.25,-999,2.1734,1.7561,2.6253
1.3,-53.25,-999,1.921,1.6724,2.1847
31.53,-53.25,-999,0.73934,0.55014,0.95563
34.64,-53.25,-999,0.90154,0.77815,1.0355
37.87,-53.25,-999,0.88395,0.66799,1.1282
41.25,-53.25,-999,0.97203,0.73281,1.2413
44.82,-53.25,-999,1.069,0.79573,1.371
48.63,-53.25,-999,1.1398,0.84234,1.4744
52.75,-53.25,-999,1.0616,0.78336,1.3916
57.32,-53.25,-999,0.95502,0.70801,1.2423
62.55,-53.25,-999,0.82304,0.6071,1.0793
69.02,-53.25,-999,0.73066,0.5205,0.97788
-44.82,-50.74,-999,0.94588,0.6955,1.231
-41.25,-50.74,-999,0.73113,0.51455,0.97244
-37.87,-50.74,-999,0.64552,0.45542,0.86344
-34.64,-50.74,-999,0.6278,0.44471,0.83581
-31.53,-50.74,-999,0.66744,0.52825,0.82971
-28.52,-50.74,-999,0.83926,0.61423,1.0944
-25.59,-50.74,-999,0.95862,0.71671,1.2378
-22.74,-50.74,-999,1.0628,0.81028,1.3492
-19.94,-50.74,-999,1.1217,0.86395,1.411
-17.19,-50.74,-999,1.1937,0.92841,1.4948
-14.48,-50.74,-999,1.3426,1.0442,1.6661
-11.81,-50.74,-999,1.5786,1.2611,1.9286
-9.16,-50.74,-999,1.8907,1.5257,2.2846
-6.53,-50.74,-999,2.1674,1.7551,2.6021
-3.91,-50.74,-999,2.2454,1.8237,2.7011
-1.3,-50.74,-999,2.0995,1.6915,2.542
1.3,-50.74,-999,1.7498,1.3685,2.1593
34.64,-50.74,-999,0.7915,0.59098,1.0219
37.87,-50.74,-999,0.84762,0.64048,1.0863
41.25,-50.74,-999,0.94579,0.71178,1.2123
44.82,-50.74,-999,1.0365,0.77303,1.3315
48.63,-50.74,-999,1.0262,0.7524,1.3495
52.75,-50.74,-999,1.0267,0.75729,1.3498
57.32,-50.74,-999,0.93207,0.68699,1.2143
62.55,-50.74,-999,0.80815,0.59695,1.0625
69.02,-50.74,-999,0.72926,0.52088,0.97797
-44.82,-48.23,-999,0.94382,0.69746,1.2237
-41.25,-48.23,-999,0.75392,0.5492,0.98629
-37.87,-48.23,-999,0.65937,0.47067,0.87506
-34.64,-48.23,-999,0.64488,0.46297,0.85263
-31.53,-48.23,-999,0.72336,0.52589,0.95142
-28.52,-48.23,-999,0.84241,0.62266,1.0968
-25.59,-48.23,-999,0.96958,0.72742,1.2464
-22.74,-48.23,-999,1.0865,0.82224,1.3874
-19.94,-48.23,-999,1.1661,0.89254,1.4774
-17.19,-48.23,-999,1.238,0.95619,1.5533
-14.48,-48.23,-999,1.3315,1.0303,1.6553
-11.81,-48.23,-999,1.5547,1.235,1.9022
-9.16,-48.23,-999,1.8474,1.4819,2.2367
-6.53,-48.23,-999,2.082,1.6707,2.5063
-3.91,-48.23,-999,2.1303,1.7174,2.5743
-1.3,-48.23,-999,1.9603,1.5677,2.3817
1.3,-48.23,-999,1.8567,1.614,2.1209
34.64,-48.23,-999,0.81224,0.6975,0.939
37.87,-48.23,-999,0.84195,0.63516,1.0808
41.25,-48.23,-999,0.89769,0.67563,1.1557
44.82,-48.23,-999,0.97655,0.72665,1.2607
48.63,-48.23,-999,0.98385,0.7223,1.2913
52.75,-48.23,-999,0.98707,0.72893,1.295
57.32,-48.23,-999,0.90484,0.66694,1.1837
62.55,-48.23,-999,0.79033,0.5781,1.0433
69.02,-48.23,-999,0.72589,0.51786,0.97621
-44.82,-45.72,-999,0.88681,0.65886,1.1534
-41.25,-45.72,-999,0.7675,0.57033,0.99141
-37.87,-45.72,-999,0.70049,0.51269,0.90866
-34.64,-45.72,-999,0.6774,0.48894,0.89286
-31.53,-45.72,-999,0.75105,0.54923,0.98135
-28.52,-45.72,-999,0.86304,0.63883,1.1239
-25.59,-45.72,-999,0.99365,0.74331,1.279
-22.74,-45.72,-999,1.1153,0.84066,1.4259
-19.94,-45.72,-999,1.2034,0.91408,1.5285
-17.19,-45.72,-999,1.2183,0.92523,1.5378
-14.48,-45.72,-999,1.3467,1.0442,1.6761
-11.81,-45.72,-999,1.5762,1.2532,1.9297
-9.16,-45.72,-999,1.8167,1.4518,2.2076
-6.53,-45.72,-999,2.0133,1.6054,2.4397
-3.91,-45.72,-999,2.043,1.6255,2.4765
-1.3,-45.72,-999,1.8697,1.4923,2.2825
37.87,-45.72,-999,0.88779,0.77053,1.0123
41.25,-45.72,-999,0.85733,0.64458,1.105
44.82,-45.72,-999,0.94553,0.70511,1.2188
48.63,-45.72,-999,0.93909,0.6914,1.2289
52.75,-45.72,-999,0.9455,0.6993,1.2331
57.32,-45.72,-999,0.87663,0.64596,1.1505
62.55,-45.72,-999,0.77129,0.55956,1.0206
69.02,-45.72,-999,0.7229,0.51057,0.9714
-44.82,-43.21,-999,0.85461,0.66896,1.0606
-41.25,-43.21,-999,0.78878,0.5907,1.0109
-37.87,-43.21,-999,0.71309,0.53068,0.9179
-34.64,-43.21,-999,0.70752,0.52189,0.92401
-31.53,-43.21,-999,0.77136,0.57081,1.0022
-28.52,-43.21,-999,0.88468,0.65439,1.1537
-25.59,-43.21,-999,1.0124,0.75232,1.3022
-22.74,-43.21,-999,1.1376,0.85532,1.4565
-19.94,-43.21,-999,1.1691,0.87463,1.4877
-17.19,-43.21,-999,1.2408,0.93967,1.5706
-14.48,-43.21,-999,1.3603,1.0543,1.6998
-11.81,-43.21,-999,1.5666,1.2422,1.9196
-9.16,-43.21,-999,1.777,1.4125,2.169
-6.53,-43.21,-999,1.9471,1.5403,2.3733
-3.91,-43.21,-999,1.9697,1.5588,2.4052
-1.3,-43.21,-999,1.8086,1.4432,2.2169
34.64,-43.21,-999,0.75773,0.64801,0.8775
37.87,-43.21,-999,0.74328,0.56009,0.95847
41.25,-43.21,-999,0.83834,0.63128,1.0809
44.82,-43.21,-999,0.92353,0.69153,1.1921
48.63,-43.21,-999,0.89577,0.66538,1.1691
52.75,-43.21,-999,0.90516,0.67387,1.1842
57.32,-43.21,-999,0.86113,0.63198,1.13
62.55,-43.21,-999,0.7528,0.5388,1.0008
69.02,-43.21,-999,0.70239,0.48906,0.94994
-41.25,-40.7,-999,0.77397,0.58742,0.98483
-37.87,-40.7,-999,0.72355,0.54639,0.92542
-34.64,-40.7,-999,0.70937,0.53234,0.91457
-31.53,-40.7,-999,0.78552,0.59248,1.0098
-28.52,-40.7,-999,0.90499,0.68452,1.1635
-25.59,-40.7,-999,1.0381,0.78413,1.3304
-22.74,-40.7,-999,1.0903,0.81542,1.3956
-19.94,-40.7,-999,1.1797,0.8846,1.5
-17.19,-40.7,-999,1.2555,0.94569,1.5921
-14.48,-40.7,-999,1.3775,1.0663,1.7239
-11.81,-40.7,-999,1.5531,1.2299,1.9045
-9.16,-40.7,-999,1.784,1.4179,2.1769
-6.53,-40.7,-999,1.886,1.488,2.3093
-3.91,-40.7,-999,2.0568,1.7833,2.3471
37.87,-40.7,-999,0.72102,0.53793,0.93441
41.25,-40.7,-999,0.81283,0.61051,1.0518
44.82,-40.7,-999,0.80399,0.59711,1.0521
48.63,-40.7,-999,0.85579,0.6386,1.1167
52.75,-40.7,-999,0.86843,0.64557,1.1387
57.32,-40.7,-999,0.83221,0.61071,1.0932
62.55,-40.7,-999,0.73708,0.52128,0.98589
69.02,-40.7,-999,0.67756,0.46148,0.93068
-41.25,-38.19,-999,0.77625,0.59496,0.98889
-37.87,-38.19,-999,0.71095,0.54194,0.90335
-34.64,-38.19,-999,0.72007,0.54927,0.9195
-31.53,-38.19,-999,0.80078,0.61048,1.0186
-28.52,-38.19,-999,0.90994,0.69719,1.1617
-25.59,-38.19,-999,1.0379,0.79546,1.3181
-22.74,-38.19,-999,1.0891,0.82143,1.3853
-19.94,-38.19,-999,1.1825,0.89131,1.5015
-17.19,-38.19,-999,1.2617,0.95226,1.6009
-14.48,-38.19,-999,1.3759,1.0605,1.7238
-11.81,-38.19,-999,1.5312,1.2066,1.8933
-9.16,-38.19,-999,1.7508,1.385,2.1425
-6.53,-38.19,-999,1.8272,1.4386,2.2437
-3.91,-38.19,-999,1.9792,1.7107,2.2659
37.87,-38.19,-999,0.707,0.52726,0.91528
41.25,-38.19,-999,0.76671,0.57424,0.99587
44.82,-38.19,-999,0.76579,0.56866,1.0039
48.63,-38.19,-999,0.81911,0.61298,1.0695
52.75,-38.19,-999,0.835,0.62353,1.0906
57.32,-38.19,-999,0.80564,0.58972,1.0619
62.55,-38.19,-999,0.72556,0.50674,0.97867
69.02,-38.19,-999,0.67365,0.45079,0.93271
-37.87,-35.68,-999,0.71869,0.55263,0.91079
-34.64,-35.68,-999,0.72978,0.55834,0.92864
-31.53,-35.68,-999,0.8076,0.62147,1.0215
-28.52,-35.68,-999,0.91362,0.70458,1.156
-25.59,-35.68,-999,1.0458,0.80793,1.3196
-22.74,-35.68,-999,1.0882,0.82691,1.3782
-19.94,-35.68,-999,1.1807,0.89273,1.4952
-17.19,-35.68,-999,1.2619,0.9616,1.5912
-14.48,-35.68,-999,1.3634,1.0502,1.7156
-11.81,-35.68,-999,1.5501,1.2207,1.9179
-9.16,-35.68,-999,1.7667,1.3872,2.1708
-6.53,-35.68,-999,1.7835,1.4077,2.1884
-3.91,-35.68,-999,1.7727,1.3987,2.1735
37.87,-35.68,-999,0.66543,0.49547,0.86446
41.25,-35.68,-999,0.75187,0.56217,0.97328
44.82,-35.68,-999,0.73429,0.54739,0.96419
48.63,-35.68,-999,0.78532,0.58818,1.0252
52.75,-35.68,-999,0.80541,0.60037,1.0527
57.32,-35.68,-999,0.78149,0.57095,1.0276
62.55,-35.68,-999,0.72776,0.5126,0.98088
69.02,-35.68,-999,0.69355,0.46155,0.96145
-34.64,-33.17,-999,0.7572,0.58305,0.95499
-31.53,-33.17,-999,0.81129,0.63065,1.0222
-28.52,-33.17,-999,0.92908,0.72284,1.1702
-25.59,-33.17,-999,1.0428,0.80847,1.3088
-22.74,-33.17,-999,1.0877,0.83093,1.3737
-19.94,-33.17,-999,1.1804,0.9011,1.4878
-17.19,-33.17,-999,1.2666,0.97115,1.5899
-14.48,-33.17,-999,1.3637,1.0499,1.7053
-11.81,-33.17,-999,1.6091,1.3345,1.9098
37.87,-33.17,-999,0.64275,0.47659,0.83949
41.25,-33.17,-999,0.65027,0.47899,0.85723
44.82,-33.17,-999,0.69847,0.52103,0.91897
48.63,-33.17,-999,0.75343,0.56403,0.98745
52.75,-33.17,-999,0.77896,0.57852,1.0182
57.32,-33.17,-999,0.765,0.55808,1.009
62.55,-33.17,-999,0.71219,0.49935,0.96077
69.02,-33.17,-999,0.68871,0.45511,0.95909
-31.53,-30.66,-999,0.84762,0.66078,1.0638
-28.52,-30.66,-999,0.9288,0.72394,1.1683
-25.59,-30.66,-999,1.0051,0.78073,1.264
-22.74,-30.66,-999,1.1042,0.85035,1.381
-19.94,-30.66,-999,1.179,0.90389,1.4797
-17.19,-30.66,-999,1.2691,0.98136,1.5839
-14.48,-30.66,-999,1.3676,1.0629,1.7025
-11.81,-30.66,-999,1.5638,1.2265,1.9232
37.87,-30.66,-999,0.60694,0.44856,0.79517
41.25,-30.66,-999,0.62781,0.46556,0.82592
44.82,-30.66,-999,0.66867,0.49743,0.882
57.32,-30.66,-999,0.74448,0.54119,0.98354
62.55,-30.66,-999,0.69779,0.48682,0.94248
69.02,-30.66,-999,0.64502,0.42055,0.90318
-31.53,-28.15,-999,0.84977,0.66218,1.0663
-28.52,-28.15,-999,0.95486,0.74859,1.1906
-25.59,-28.15,-999,1.001,0.78138,1.2489
-22.74,-28.15,-999,1.0907,0.84624,1.3605
-19.94,-28.15,-999,1.2198,0.95091,1.5129
-17.19,-28.15,-999,1.266,0.98425,1.5765
-14.48,-28.15,-999,1.3591,1.062,1.6849
-11.81,-28.15,-999,1.5864,1.2515,1.9458
37.87,-28.15,-999,0.54069,0.39568,0.71824
41.25,-28.15,-999,0.59329,0.43602,0.78698
57.32,-28.15,-999,0.73924,0.53834,0.97196
-31.53,-25.64,-999,0.80406,0.62725,1.0117
-28.52,-25.64,-999,0.86794,0.6784,1.0911
-25.59,-25.64,-999,1.0036,0.78854,1.2475
-22.74,-25.64,-999,1.0747,0.83845,1.3366
-19.94,-25.64,-999,1.2164,0.95546,1.5119
-17.19,-25.64,-999,1.2616,0.98697,1.5652
-14.48,-25.64,-999,1.3517,1.0629,1.6701
69.02,-25.64,-999,0.75028,0.56669,0.95593
-28.52,-23.13,-999,0.84024,0.6503,1.061
-25.59,-23.13,-999,0.96239,0.74976,1.2041
-22.74,-23.13,-999,1.0553,0.82098,1.3141
-19.94,-23.13,-999,1.203,0.94405,1.4906
-17.19,-23.13,-999,1.2587,0.98791,1.555
-14.48,-23.13,-999,1.358,1.0736,1.6681
69.02,-23.13,-999,0.67331,0.4521,0.92248
-19.94,-20.62,-999,1.1896,0.93196,1.472
-17.19,-20.62,-999,1.2253,0.95584,1.5153
48.63,-20.62,-999,0.71753,0.52385,0.94173
52.75,-20.62,-999,0.75769,0.55499,0.9974
57.32,-20.62,-999,0.73371,0.52954,0.97541
69.02,-20.62,-999,0.7582,0.59488,0.938
-17.19,-18.11,-999,1.2307,0.95817,1.5261
48.63,-18.11,-999,0.69448,0.50849,0.91787
52.75,-18.11,-999,0.76547,0.5594,1.01
57.32,-18.11,-999,0.75317,0.5471,0.99582
62.55,-18.11,-999,0.6768,0.48206,0.90669
69.02,-18.11,-999,0.67222,0.46359,0.91117
52.75,-15.6,-999,0.79032,0.57898,1.0394
57.32,-15.6,-999,0.76721,0.56004,1.0116
62.55,-15.6,-999,0.70111,0.50115,0.93563
69.02,-15.6,-999,0.6758,0.46879,0.90825
-3.91,-13.09,-999,1.8061,1.5941,2.0346
1.3,-13.09,-999,1.7063,1.3726,2.0798
3.91,-13.09,-999,1.8143,1.582,2.0582
52.75,-13.09,-999,0.78743,0.57486,1.037
57.32,-13.09,-999,0.77278,0.56148,1.0205
62.55,-13.09,-999,0.71622,0.51378,0.94875
69.02,-13.09,-999,0.68035,0.47747,0.9089
-1.3,-10.58,-999,1.7804,1.4426,2.1493
1.3,-10.58,-999,1.7949,1.4428,2.1851
3.91,-10.58,-999,1.8102,1.4519,2.2139
6.53,-10.58,-999,1.7013,1.3452,2.1117
9.16,-10.58,-999,1.4683,1.1392,1.8455
11.81,-10.58,-999,1.1115,0.82739,1.4339
52.75,-10.58,-999,0.76775,0.55505,1.0139
57.32,-10.58,-999,0.8201,0.59373,1.0789
62.55,-10.58,-999,0.72734,0.52434,0.96348
69.02,-10.58,-999,0.72133,0.5906,0.86127
-6.53,-8.07,-999,1.6889,1.3519,2.062
-3.91,-8.07,-999,1.7319,1.402,2.0909
-1.3,-8.07,-999,1.7889,1.4445,2.1641
1.3,-8.07,-999,1.8818,1.5177,2.2796
3.91,-8.07,-999,1.8805,1.5015,2.3057
6.53,-8.07,-999,1.7866,1.4069,2.2244
9.16,-8.07,-999,1.5086,1.1689,1.9025
11.81,-8.07,-999,1.1619,0.87149,1.4881
14.48,-8.07,-999,0.80862,0.57722,1.0698
28.52,-8.07,-999,0.17657,0.127,0.23657
41.25,-8.07,-999,0.53854,0.37186,0.73519
57.32,-8.07,-999,0.82088,0.59524,1.0816
62.55,-8.07,-999,0.73669,0.53232,0.97622
69.02,-8.07,-999,0.63699,0.44976,0.85102
-6.53,-5.56,-999,1.6718,1.3308,2.0523
-3.91,-5.56,-999,1.7903,1.4437,2.172
-1.3,-5.56,-999,1.8301,1.4778,2.2074
1.3,-5.56,-999,1.8985,1.5295,2.3067
3.91,-5.56,-999,1.9238,1.5238,2.3697
6.53,-5.56,-999,1.8501,1.456,2.2958
9.16,-5.56,-999,1.5607,1.2092,1.9612
11.81,-5.56,-999,1.1945,0.90158,1.5239
14.48,-5.56,-999,0.79348,0.57152,1.0489
41.25,-5.56,-999,0.51032,0.34124,0.70505
52.75,-5.56,-999,0.9416,0.7781,1.1177
57.32,-5.56,-999,0.81958,0.59584,1.078
62.55,-5.56,-999,0.73698,0.53127,0.96859
69.02,-5.56,-999,0.63059,0.4451,0.84346
-6.53,-3.05,-999,1.688,1.341,2.0803
-3.91,-3.05,-999,1.8079,1.4489,2.2035
-1.3,-3.05,-999,1.8792,1.5139,2.2721
1.3,-3.05,-999,1.9811,1.5938,2.4028
3.91,-3.05,-999,1.9588,1.5465,2.41
6.53,-3.05,-999,1.8461,1.4467,2.2976
9.16,-3.05,-999,1.5934,1.2441,1.993
11.81,-3.05,-999,1.1964,0.91084,1.524
14.48,-3.05,-999,0.79299,0.57918,1.0408
17.19,-3.05,-999,0.48233,0.32743,0.67098
19.94,-3.05,-999,0.25992,0.15766,0.38954
28.52,-3.05,-999,0.12202,0.065491,0.19454
31.53,-3.05,-999,0.143,0.080116,0.22399
41.25,-3.05,-999,0.54552,0.36998,0.74757
44.82,-3.05,-999,0.66864,0.46564,0.90273
48.63,-3.05,-999,0.83907,0.69575,0.99342
57.32,-3.05,-999,0.8164,0.59126,1.0756
62.55,-3.05,-999,0.73785,0.53055,0.97192
69.02,-3.05,-999,0.63643,0.45142,0.84883
-6.53,-0.54,-999,1.6579,1.3107,2.0473
-3.91,-0.54,-999,1.7841,1.424,2.1842
-1.3,-0.54,-999,1.8884,1.5178,2.2865
1.3,-0.54,-999,1.9775,1.5876,2.3953
3.91,-0.54,-999,2.0608,1.6478,2.5118
6.53,-0.54,-999,1.8549,1.4577,2.2973
9.16,-0.54,-999,1.592,1.2487,1.9883
11.81,-0.54,-999,1.2056,0.92596,1.5222
14.48,-0.54,-999,0.80026,0.59492,1.0434
17.19,-0.54,-999,0.42115,0.32276,0.52644
19.94,-0.54,-999,0.22057,0.15315,0.2963
25.59,-0.54,-999,0.11249,0.057645,0.1833
28.52,-0.54,-999,0.12544,0.090562,0.16719
41.25,-0.54,-999,0.60543,0.4812,0.74525
44.82,-0.54,-999,0.66502,0.46377,0.89835
48.63,-0.54,-999,0.80436,0.57344,1.0729
57.32,-0.54,-999,0.80187,0.58167,1.0546
62.55,-0.54,-999,0.72393,0.52209,0.96004
69.02,-0.54,-999,0.61771,0.43454,0.82806
-6.53,1.97,-999,1.815,1.5874,2.0498
-3.91,1.97,-999,1.7601,1.4063,2.1532
-1.3,1.97,-999,1.8528,1.4846,2.2483
1.3,1.97,-999,2.1428,1.8671,2.4327
3.91,1.97,-999,2.0426,1.6414,2.4861
6.53,1.97,-999,1.8292,1.435,2.2649
9.16,1.97,-999,1.5777,1.2382,1.9614
11.81,1.97,-999,1.1933,0.92465,1.5002
14.48,1.97,-999,0.78118,0.58463,1.0107
17.19,1.97,-999,0.44857,0.30858,0.61692
19.94,1.97,-999,0.23529,0.14323,0.35064
22.74,1.97,-999,0.10771,0.064949,0.15781
28.52,1.97,-999,0.092242,0.047314,0.15009
31.53,1.97,-999,0.1006,0.064004,0.14227
34.64,1.97,-999,0.2355,0.15335,0.32806
37.87,1.97,-999,0.37635,0.29402,0.46615
41.25,1.97,-999,0.54611,0.43617,0.66578
48.63,1.97,-999,0.87747,0.72795,1.0389
62.55,1.97,-999,0.72471,0.51976,0.963
-6.53,4.48,-999,1.5988,1.257,1.9836
-3.91,4.48,-999,1.671,1.3245,2.0581
-1.3,4.48,-999,1.963,1.7055,2.2319
1.3,4.48,-999,2.0922,1.8177,2.3823
3.91,4.48,-999,1.9952,1.6034,2.4174
6.53,4.48,-999,1.7929,1.4184,2.2035
9.16,4.48,-999,1.5364,1.2163,1.8958
11.81,4.48,-999,1.1545,0.89891,1.4423
14.48,4.48,-999,0.75783,0.56389,0.9864
17.19,4.48,-999,0.44652,0.30674,0.61236
19.94,4.48,-999,0.20988,0.1488,0.28009
28.52,4.48,-999,0.076317,0.045741,0.11251
31.53,4.48,-999,0.14134,0.085085,0.20901
34.64,4.48,-999,0.19163,0.11286,0.28689
37.87,4.48,-999,0.34213,0.2379,0.45777
69.02,4.48,-999,0.69762,0.57004,0.83506
-6.53,6.99,-999,1.7346,1.4889,1.9878
-3.91,6.99,-999,1.6866,1.3243,2.086
-1.3,6.99,-999,1.7956,1.4262,2.198
1.3,6.99,-999,1.9069,1.5227,2.3237
3.91,6.99,-999,1.8274,1.4502,2.2422
6.53,6.99,-999,1.7549,1.4059,2.1444
9.16,6.99,-999,1.6352,1.4363,1.8515
11.81,6.99,-999,1.1108,0.86747,1.3952
14.48,6.99,-999,0.72072,0.52848,0.94904
17.19,6.99,-999,0.42869,0.28832,0.59793
19.94,6.99,-999,0.21992,0.13384,0.32694
28.52,6.99,-999,0.11242,0.075343,0.15686
31.53,6.99,-999,0.1231,0.081186,0.16963
34.64,6.99,-999,0.20635,0.13588,0.28885
37.87,6.99,-999,0.32062,0.19823,0.46185
41.25,6.99,-999,0.53907,0.43499,0.65278
44.82,6.99,-999,0.81342,0.67622,0.96237
48.63,6.99,-999,0.88244,0.6336,1.1692
69.02,6.99,-999,0.62149,0.43756,0.83506
-17.19,9.5,-999,1.2,0.90905,1.5226
-14.48,9.5,-999,1.2636,0.97095,1.6002
-11.81,9.5,-999,1.3462,1.036,1.7026
-9.16,9.5,-999,1.4868,1.1625,1.8595
-6.53,9.5,-999,1.5187,1.1896,1.8886
-3.91,9.5,-999,1.7824,1.5402,2.0283
-1.3,9.5,-999,1.7408,1.382,2.1297
1.3,9.5,-999,1.8512,1.4787,2.256
3.91,9.5,-999,1.7654,1.4069,2.1644
6.53,9.5,-999,1.6841,1.3518,2.0527
9.16,9.5,-999,1.427,1.1387,1.7595
11.81,9.5,-999,1.0658,0.82562,1.3447
14.48,9.5,-999,0.69278,0.50025,0.92282
17.19,9.5,-999,0.42271,0.2799,0.59989
19.94,9.5,-999,0.1952,0.13742,0.26343
28.52,9.5,-999,0.11096,0.073778,0.15648
37.87,9.5,-999,0.37515,0.26788,0.49691
41.25,9.5,-999,0.53326,0.43478,0.63758
48.63,9.5,-999,0.92513,0.66674,1.2173
52.75,9.5,-999,0.90012,0.65133,1.1821
69.02,9.5,-999,0.64493,0.45626,0.86235
-31.53,12.01,-999,0.76948,0.54676,1.0204
-28.52,12.01,-999,0.79111,0.5804,1.0297
-19.94,12.01,-999,1.084,0.82182,1.3799
-17.19,12.01,-999,1.2534,0.9514,1.5831
-14.48,12.01,-999,1.3103,1.0083,1.6496
-11.81,12.01,-999,1.3951,1.0778,1.7465
-9.16,12.01,-999,1.4616,1.1313,1.823
-6.53,12.01,-999,1.5437,1.2058,1.9201
-3.91,12.01,-999,1.5964,1.2488,1.9751
-1.3,12.01,-999,1.6999,1.3386,2.0876
1.3,12.01,-999,1.8416,1.5798,2.1189
3.91,12.01,-999,1.6991,1.3563,2.0806
6.53,12.01,-999,1.6062,1.2845,1.966
9.16,12.01,-999,1.3907,1.1055,1.7194
11.81,12.01,-999,1.0196,0.78108,1.2984
17.19,12.01,-999,0.3812,0.28276,0.49803
19.94,12.01,-999,0.2033,0.14221,0.27517
37.87,12.01,-999,0.35677,0.27842,0.44334
41.25,12.01,-999,0.5278,0.4311,0.63374
44.82,12.01,-999,0.77481,0.65612,0.90482
48.63,12.01,-999,0.91288,0.66022,1.1979
52.75,12.01,-999,0.92079,0.66876,1.2062
57.32,12.01,-999,0.85631,0.62321,1.1238
69.02,12.01,-999,0.63,0.44323,0.84233
-41.25,14.52,-999,0.8061,0.60355,1.0396
-37.87,14.52,-999,0.79835,0.57379,1.0508
-34.64,14.52,-999,0.77607,0.53887,1.0479
-31.53,14.52,-999,0.77968,0.54803,1.0332
-28.52,14.52,-999,0.77875,0.5723,1.0101
-25.59,14.52,-999,0.8444,0.62874,1.088
-22.74,14.52,-999,0.93277,0.70424,1.1985
-19.94,14.52,-999,1.0883,0.82685,1.3807
-17.19,14.52,-999,1.2504,0.95456,1.5731
-14.48,14.52,-999,1.3257,1.0192,1.662
-11.81,14.52,-999,1.4062,1.0845,1.763
-9.16,14.52,-999,1.4587,1.124,1.8231
-6.53,14.52,-999,1.5243,1.1809,1.8996
-3.91,14.52,-999,1.5778,1.2264,1.9555
-1.3,14.52,-999,1.6654,1.3003,2.0514
1.3,14.52,-999,1.6373,1.285,2.0192
3.91,14.52,-999,1.6378,1.309,2.0062
6.53,14.52,-999,1.5528,1.226,1.9194
9.16,14.52,-999,1.3022,1.021,1.6302
11.81,14.52,-999,0.97794,0.74537,1.2602
17.19,14.52,-999,0.34689,0.24393,0.46694
28.52,14.52,-999,0.10439,0.070036,0.14557
31.53,14.52,-999,0.15158,0.10642,0.204
34.64,14.52,-999,0.22101,0.16391,0.28464
37.87,14.52,-999,0.31482,0.19263,0.45597
41.25,14.52,-999,0.50823,0.41205,0.61282
48.63,14.52,-999,0.88543,0.63244,1.1614
52.75,14.52,-999,0.92097,0.66882,1.2059
57.32,14.52,-999,0.8378,0.61295,1.1009
69.02,14.52,-999,0.61835,0.43131,0.82834
-52.75,17.03,-999,1.0672,0.90561,1.2453
-44.82,17.03,-999,0.85109,0.65067,1.0719
-41.25,17.03,-999,0.82394,0.61351,1.0583
-37.87,17.03,-999,0.79645,0.56952,1.0518
-34.64,17.03,-999,0.79726,0.552,1.0789
-31.53,17.03,-999,0.78383,0.5472,1.0481
-28.52,17.03,-999,0.78707,0.57507,1.0227
-25.59,17.03,-999,0.84521,0.63022,1.0897
-22.74,17.03,-999,0.93711,0.70497,1.2091
-19.94,17.03,-999,1.079,0.82266,1.3718
-17.19,17.03,-999,1.2447,0.95018,1.5644
-14.48,17.03,-999,1.3632,1.0501,1.7131
-11.81,17.03,-999,1.4083,1.0818,1.768
-9.16,17.03,-999,1.4594,1.1266,1.8324
-6.53,17.03,-999,1.5157,1.1709,1.8884
-3.91,17.03,-999,1.5744,1.2207,1.9566
-1.3,17.03,-999,1.5553,1.2029,1.946
1.3,17.03,-999,1.5965,1.2539,1.9698
3.91,17.03,-999,1.5965,1.2729,1.9588
6.53,17.03,-999,1.4831,1.1781,1.8251
14.48,17.03,-999,0.56096,0.41665,0.726
28.52,17.03,-999,0.11384,0.075345,0.15789
31.53,17.03,-999,0.13984,0.098592,0.18496
34.64,17.03,-999,0.21653,0.16004,0.27984
37.87,17.03,-999,0.30321,0.23453,0.37606
41.25,17.03,-999,0.47152,0.30667,0.66363
44.82,17.03,-999,0.6519,0.44557,0.89375
48.63,17.03,-999,0.89328,0.64295,1.173
52.75,17.03,-999,0.92319,0.66961,1.2111
57.32,17.03,-999,0.85005,0.62348,1.107
69.02,17.03,-999,0.63846,0.44313,0.86425
-48.63,19.54,-999,0.92,0.71464,1.1475
-44.82,19.54,-999,0.85175,0.6459,1.0742
-41.25,19.54,-999,0.82486,0.61186,1.0634
-37.87,19.54,-999,0.80223,0.56855,1.0642
-34.64,19.54,-999,0.79872,0.54739,1.0831
-31.53,19.54,-999,0.79656,0.55994,1.0655
-28.52,19.54,-999,0.78961,0.57519,1.0275
-25.59,19.54,-999,0.84396,0.62438,1.0942
-22.74,19.54,-999,0.93616,0.70206,1.2173
-19.94,19.54,-999,1.0749,0.81577,1.3675
-17.19,19.54,-999,1.2354,0.94851,1.5544
-14.48,19.54,-999,1.3711,1.0535,1.7224
-11.81,19.54,-999,1.4139,1.0843,1.7742
-9.16,19.54,-999,1.4605,1.1249,1.839
-6.53,19.54,-999,1.5019,1.1528,1.8786
-3.91,19.54,-999,1.5635,1.2043,1.9457
-1.3,19.54,-999,1.5311,1.1826,1.9181
1.3,19.54,-999,1.561,1.2287,1.936
3.91,19.54,-999,1.5561,1.2388,1.9097
6.53,19.54,-999,1.429,1.1337,1.7683
9.16,19.54,-999,1.2311,0.95562,1.5514
14.48,19.54,-999,0.54812,0.41079,0.70402
28.52,19.54,-999,0.1247,0.082384,0.17505
31.53,19.54,-999,0.15365,0.10686,0.20608
34.64,19.54,-999,0.14241,0.097067,0.19297
41.25,19.54,-999,0.50448,0.40583,0.60926
44.82,19.54,-999,0.65587,0.45211,0.8871
48.63,19.54,-999,0.85773,0.61224,1.1333
52.75,19.54,-999,0.91838,0.6636,1.206
57.32,19.54,-999,0.8343,0.61181,1.0896
69.02,19.54,-999,0.62503,0.43214,0.84752
-48.63,22.05,-999,0.92772,0.72022,1.159
-44.82,22.05,-999,0.88313,0.67241,1.1132
-41.25,22.05,-999,0.82885,0.61031,1.0712
-37.87,22.05,-999,0.80831,0.57251,1.0731
-34.64,22.05,-999,0.79121,0.53686,1.0787
-31.53,22.05,-999,0.79628,0.55922,1.0683
-28.52,22.05,-999,0.79265,0.5716,1.0352
-25.59,22.05,-999,0.84321,0.62059,1.0962
-22.74,22.05,-999,0.93462,0.69527,1.2153
-19.94,22.05,-999,1.0715,0.80921,1.3728
-17.19,22.05,-999,1.2295,0.94197,1.5527
-14.48,22.05,-999,1.365,1.0449,1.7186
-11.81,22.05,-999,1.4191,1.083,1.7975
-9.16,22.05,-999,1.4632,1.1159,1.8373
-6.53,22.05,-999,1.5001,1.1442,1.8789
-3.91,22.05,-999,1.4934,1.1398,1.8783
-1.3,22.05,-999,1.5339,1.1775,1.9168
1.3,22.05,-999,1.5645,1.2208,1.9401
3.91,22.05,-999,1.5501,1.2257,1.9077
6.53,22.05,-999,1.4183,1.1213,1.7562
9.16,22.05,-999,1.1694,0.90854,1.465
11.81,22.05,-999,0.82432,0.64363,1.0228
25.59,22.05,-999,0.13865,0.088862,0.19823
28.52,22.05,-999,0.13191,0.087507,0.18516
31.53,22.05,-999,0.14417,0.10565,0.18878
41.25,22.05,-999,0.38041,0.23797,0.54944
44.82,22.05,-999,0.60175,0.41127,0.82306
48.63,22.05,-999,0.8076,0.57462,1.0739
52.75,22.05,-999,0.94837,0.69393,1.2384
57.32,22.05,-999,0.83244,0.61234,1.0833
69.02,22.05,-999,0.63321,0.43569,0.86001
-44.82,24.56,-999,0.86628,0.66033,1.0942
-41.25,24.56,-999,0.79305,0.58247,1.0303
-37.87,24.56,-999,0.78346,0.5522,1.0373
-34.64,24.56,-999,0.78426,0.5369,1.0584
-31.53,24.56,-999,0.79322,0.56047,1.0609
-28.52,24.56,-999,0.80589,0.59056,1.0541
-25.59,24.56,-999,0.84386,0.61871,1.1112
-22.74,24.56,-999,0.93394,0.69037,1.2264
-19.94,24.56,-999,1.0692,0.80044,1.3837
-17.19,24.56,-999,1.225,0.93293,1.5545
-14.48,24.56,-999,1.3602,1.0381,1.714
-11.81,24.56,-999,1.4059,1.0672,1.7681
-9.16,24.56,-999,1.4586,1.1121,1.8352
-6.53,24.56,-999,1.4354,1.0844,1.8144
-3.91,24.56,-999,1.4763,1.123,1.8531
-1.3,24.56,-999,1.5142,1.1583,1.8993
1.3,24.56,-999,1.5393,1.1973,1.9138
3.91,24.56,-999,1.5063,1.1846,1.8618
6.53,24.56,-999,1.3644,1.0733,1.6932
9.16,24.56,-999,1.085,0.90802,1.2834
28.52,24.56,-999,0.10171,0.056397,0.15811
31.53,24.56,-999,0.16218,0.11859,0.21192
41.25,24.56,-999,0.35519,0.2213,0.51529
44.82,24.56,-999,0.5944,0.40674,0.81319
48.63,24.56,-999,0.77926,0.5583,1.0346
52.75,24.56,-999,0.93501,0.68763,1.2156
57.32,24.56,-999,0.83279,0.61467,1.0805
62.55,24.56,-999,0.69631,0.5012,0.91799
69.02,24.56,-999,0.62441,0.42964,0.84554
-44.82,27.07,-999,0.83589,0.63931,1.0544
-41.25,27.07,-999,0.77871,0.57387,1.0066
-37.87,27.07,-999,0.77218,0.54978,1.0166
-34.64,27.07,-999,0.78166,0.54245,1.0467
-31.53,27.07,-999,0.78625,0.55909,1.044
-28.52,27.07,-999,0.79799,0.58581,1.0362
-25.59,27.07,-999,0.85224,0.63074,1.1141
-22.74,27.07,-999,0.9019,0.65741,1.1776
-19.94,27.07,-999,1.0362,0.77282,1.3279
-17.19,27.07,-999,1.1875,0.90234,1.5078
-14.48,27.07,-999,1.3056,0.99385,1.6505
-11.81,27.07,-999,1.3931,1.0634,1.7586
-9.16,27.07,-999,1.4513,1.1077,1.8229
-6.53,27.07,-999,1.495,1.1374,1.8835
-3.91,27.07,-999,1.4551,1.0976,1.8434
-1.3,27.07,-999,1.4919,1.145,1.8741
1.3,27.07,-999,1.5103,1.169,1.8917
3.91,27.07,-999,1.4614,1.1448,1.822
6.53,27.07,-999,1.3392,1.0436,1.6728
14.48,27.07,-999,0.67535,0.52852,0.84065
22.74,27.07,-999,0.22595,0.15203,0.31431
31.53,27.07,-999,0.14875,0.10493,0.1986
34.64,27.07,-999,0.17592,0.1266,0.23042
37.87,27.07,-999,0.24745,0.18245,0.31872
41.25,27.07,-999,0.37045,0.2867,0.4608
48.63,27.07,-999,0.76461,0.5491,1.0183
52.75,27.07,-999,0.92248,0.68128,1.1952
57.32,27.07,-999,0.83429,0.61762,1.0786
62.55,27.07,-999,0.72045,0.52365,0.93901
69.02,27.07,-999,0.59645,0.40928,0.80056
-44.82,29.58,-999,0.81077,0.618,1.0235
-41.25,29.58,-999,0.77766,0.57833,0.99703
-37.87,29.58,-999,0.76005,0.5432,0.99728
-34.64,29.58,-999,0.77052,0.54125,1.0245
-31.53,29.58,-999,0.78131,0.56314,1.0286
-28.52,29.58,-999,0.79224,0.5835,1.0252
-25.59,29.58,-999,0.85386,0.63359,1.1142
-22.74,29.58,-999,0.89363,0.65506,1.1651
-19.94,29.58,-999,1.0257,0.76485,1.3175
-17.19,29.58,-999,1.1787,0.89997,1.4997
-14.48,29.58,-999,1.2972,0.98518,1.6452
-11.81,29.58,-999,1.3826,1.0522,1.7504
-9.16,29.58,-999,1.4483,1.1041,1.8302
-6.53,29.58,-999,1.4989,1.1434,1.8905
-3.91,29.58,-999,1.4632,1.1025,1.8595
-1.3,29.58,-999,1.4896,1.1368,1.8801
1.3,29.58,-999,1.5018,1.1571,1.8877
3.91,29.58,-999,1.4617,1.1286,1.8249
6.53,29.58,-999,1.3411,1.042,1.6772
19.94,29.58,-999,0.36433,0.25821,0.48763
25.59,29.58,-999,0.18961,0.12539,0.26895
41.25,29.58,-999,0.34221,0.26597,0.42577
48.63,29.58,-999,0.71446,0.51196,0.95224
52.75,29.58,-999,0.88813,0.65215,1.1494
57.32,29.58,-999,0.83539,0.61787,1.0797
62.55,29.58,-999,0.72582,0.53077,0.94225
69.02,29.58,-999,0.59503,0.40958,0.79629
-34.64,32.09,-999,0.75342,0.53626,0.99728
-31.53,32.09,-999,0.77837,0.56658,1.0195
-28.52,32.09,-999,0.79962,0.59346,1.0296
-25.59,32.09,-999,0.81534,0.60247,1.0604
-22.74,32.09,-999,0.88773,0.65187,1.1551
-19.94,32.09,-999,1.0259,0.76017,1.3227
-17.19,32.09,-999,1.1732,0.89164,1.4971
-14.48,32.09,-999,1.2966,0.98219,1.6496
-11.81,32.09,-999,1.3863,1.0552,1.7553
-9.16,32.09,-999,1.4509,1.1032,1.8399
-6.53,32.09,-999,1.5107,1.1529,1.9089
-3.91,32.09,-999,1.5037,1.1383,1.9064
-1.3,32.09,-999,1.5092,1.1427,1.9167
1.3,32.09,-999,1.5228,1.1603,1.9261
3.91,32.09,-999,1.476,1.1332,1.851
6.53,32.09,-999,1.3556,1.0523,1.6945
9.16,32.09,-999,1.1971,0.92231,1.5065
11.81,32.09,-999,0.83798,0.67888,1.0101
28.52,32.09,-999,0.14367,0.083102,0.2177
31.53,32.09,-999,0.15542,0.10806,0.20953
34.64,32.09,-999,0.18821,0.13485,0.24788
37.87,32.09,-999,0.25619,0.18722,0.3338
44.82,32.09,-999,0.44684,0.29646,0.61987
48.63,32.09,-999,0.66258,0.47277,0.8866
52.75,32.09,-999,0.85115,0.62634,1.1044
57.32,32.09,-999,0.83155,0.61707,1.0733
62.55,32.09,-999,0.74586,0.54858,0.96258
69.02,32.09,-999,0.60399,0.41725,0.80691
-31.53,34.6,-999,0.78053,0.56981,1.0127
-28.52,34.6,-999,0.79606,0.59207,1.0247
-25.59,34.6,-999,0.81053,0.60113,1.0543
-22.74,34.6,-999,0.91517,0.67379,1.1877
-19.94,34.6,-999,1.0121,0.74864,1.3065
-17.19,34.6,-999,1.1578,0.87547,1.4785
-14.48,34.6,-999,1.2791,0.96901,1.6289
-11.81,34.6,-999,1.3809,1.0463,1.7571
-9.16,34.6,-999,1.477,1.13,1.8711
-6.53,34.6,-999,1.4836,1.1314,1.8793
-3.91,34.6,-999,1.5255,1.16,1.9305
-1.3,34.6,-999,1.5586,1.1791,1.9791
1.3,34.6,-999,1.5454,1.1713,1.96
3.91,34.6,-999,1.5081,1.1526,1.9044
6.53,34.6,-999,1.401,1.0871,1.7577
9.16,34.6,-999,1.1956,0.91902,1.4951
11.81,34.6,-999,0.93619,0.71011,1.1876
19.94,34.6,-999,0.3949,0.2852,0.51551
25.59,34.6,-999,0.23633,0.16039,0.32824
41.25,34.6,-999,0.26182,0.16156,0.3823
48.63,34.6,-999,0.64562,0.46208,0.85687
52.75,34.6,-999,0.81018,0.59618,1.0544
57.32,34.6,-999,0.82605,0.61477,1.063
62.55,34.6,-999,0.73572,0.54154,0.95074
69.02,34.6,-999,0.61693,0.42872,0.82509
-31.53,37.11,-999,0.76974,0.56563,0.99601
-28.52,37.11,-999,0.7568,0.56322,0.97785
-25.59,37.11,-999,0.79797,0.59134,1.0398
-22.74,37.11,-999,0.90668,0.67098,1.1729
-19.94,37.11,-999,0.9945,0.73264,1.288
-17.19,37.11,-999,1.1199,0.84533,1.4286
-14.48,37.11,-999,1.2295,0.92602,1.5682
-11.81,37.11,-999,1.3985,1.0625,1.768
-9.16,37.11,-999,1.5153,1.1577,1.9167
-6.53,37.11,-999,1.4871,1.1343,1.8778
-3.91,37.11,-999,1.5431,1.1798,1.9387
-1.3,37.11,-999,1.5947,1.2146,2.0061
1.3,37.11,-999,1.5903,1.2155,2.0128
3.91,37.11,-999,1.5527,1.1955,1.9553
6.53,37.11,-999,1.4076,1.0926,1.7637
9.16,37.11,-999,1.2153,0.94607,1.5119
11.81,37.11,-999,0.975,0.74374,1.2307
34.64,37.11,-999,0.20314,0.14424,0.2715
44.82,37.11,-999,0.3855,0.25751,0.53478
48.63,37.11,-999,0.57967,0.4122,0.77299
52.75,37.11,-999,0.78505,0.57831,1.0176
57.32,37.11,-999,0.81187,0.60452,1.044
62.55,37.11,-999,0.74689,0.55222,0.96025
-28.52,39.62,-999,0.74349,0.55184,0.96152
-25.59,39.62,-999,0.78414,0.5849,1.0238
-22.74,39.62,-999,0.89274,0.65913,1.1554
-19.94,39.62,-999,0.96003,0.71077,1.238
-11.81,39.62,-999,1.4474,1.1024,1.8309
-9.16,39.62,-999,1.4517,1.1078,1.8358
-6.53,39.62,-999,1.4846,1.1335,1.8752
-3.91,39.62,-999,1.5474,1.1853,1.9494
-1.3,39.62,-999,1.6049,1.2329,2.0107
1.3,39.62,-999,1.5874,1.2156,2.0115
3.91,39.62,-999,1.5639,1.2049,1.9601
6.53,39.62,-999,1.4568,1.1284,1.8138
9.16,39.62,-999,1.2521,0.97397,1.5528
11.81,39.62,-999,1.0237,0.78206,1.2883
14.48,39.62,-999,0.87524,0.66183,1.1172
19.94,39.62,-999,0.38657,0.30403,0.47347
31.53,39.62,-999,0.19196,0.13221,0.26554
48.63,39.62,-999,0.56096,0.40122,0.74663
52.75,39.62,-999,0.68976,0.49992,0.90485
57.32,39.62,-999,0.79485,0.59068,1.0163
62.55,39.62,-999,0.75981,0.56311,0.97295
-11.81,42.13,-999,1.3647,1.0393,1.7256
-9.16,42.13,-999,1.3653,1.1289,1.6097
-6.53,42.13,-999,1.4522,1.1071,1.839
-3.91,42.13,-999,1.6132,1.3284,1.9083
-1.3,42.13,-999,1.6427,1.267,2.055
1.3,42.13,-999,1.5894,1.2183,2.0062
3.91,42.13,-999,1.5756,1.2107,1.9771
6.53,42.13,-999,1.471,1.1466,1.8254
9.16,42.13,-999,1.2918,1.0038,1.6043
11.81,42.13,-999,0.98325,0.82217,1.1575
34.64,42.13,-999,0.21151,0.14778,0.28512
48.63,42.13,-999,0.52406,0.37508,0.69667
52.75,42.13,-999,0.65094,0.47011,0.85284
57.32,42.13,-999,0.77468,0.5719,0.99227
62.55,42.13,-999,0.81135,0.61416,1.0296
-1.3,44.64,-999,1.576,1.2054,1.9804
11.81,44.64,-999,1.0415,0.87426,1.2191
19.94,44.64,-999,0.57023,0.41567,0.7488
48.63,44.64,-999,0.46385,0.32978,0.62045
52.75,44.64,-999,0.61108,0.44096,0.80721
57.32,44.64,-999,0.76833,0.56915,0.99099
62.55,44.64,-999,0.83309,0.63158,1.0608
-37.87,47.15,-999,0.77325,0.57551,0.99022
-34.64,47.15,-999,0.75145,0.56,0.9696
-31.53,47.15,-999,0.76391,0.56961,0.98633
-6.53,47.15,-999,1.3941,1.1464,1.6481
-3.91,47.15,-999,1.4888,1.2333,1.7568
9.16,47.15,-999,1.293,1.1016,1.4957
17.19,47.15,-999,0.83562,0.63341,1.0574
48.63,47.15,-999,0.41987,0.29476,0.56461
52.75,47.15,-999,0.57756,0.41384,0.75769
62.55,47.15,-999,0.82484,0.62277,1.0562
-34.64,49.66,-999,0.74319,0.55224,0.95471
-31.53,49.66,-999,0.76751,0.57809,0.97632
-28.52,49.66,-999,0.77664,0.57932,1.002
6.53,49.66,-999,1.4779,1.2627,1.7077
11.81,49.66,-999,1.2377,1.0544,1.4246
48.63,49.66,-999,0.39949,0.27809,0.54019
52.75,49.66,-999,0.54692,0.38793,0.72272
3.91,52.17,-999,1.5822,1.3453,1.8327
6.53,52.17,-999,1.6305,1.3892,1.8847
44.82,52.17,-999,0.28919,0.22471,0.3596
48.63,52.17,-999,0.33944,0.22809,0.46887
28.52,54.68,-999,0.52457,0.37715,0.69089
31.53,54.68,-999,0.32308,0.25047,0.40146
69.02,54.68,-999,0.72752,0.53054,0.95569
44.82,57.19,-999,0.24702,0.17853,0.32787
69.02,57.19,-999,0.73854,0.53687,0.9631
19.94,59.7,-999,0.93396,0.79374,1.0903
44.82,59.7,-999,0.18595,0.1142,0.27736
48.63,59.7,-999,0.27474,0.18262,0.38624
52.75,59.7,-999,0.46942,0.36179,0.59542
69.02,59.7,-999,0.75911,0.55506,0.99101
28.52,62.21,-999,0.70389,0.51631,0.91964
37.87,62.21,-999,0.20221,0.14563,0.26622
44.82,62.21,-999,0.22574,0.14122,0.3333
48.63,62.21,-999,0.24795,0.15873,0.35494
69.02,62.21,-999,0.74963,0.54823,0.97832
-1.3,64.72,-999,1.9873,1.7387,2.2406
1.3,64.72,-999,2.0868,1.8626,2.322
6.53,64.72,-999,1.9899,1.6403,2.3635
28.52,64.72,-999,0.91074,0.74318,1.0902
44.82,64.72,-999,0.18434,0.11102,0.27692
48.63,64.72,-999,0.23259,0.14837,0.33535
69.02,64.72,-999,0.74127,0.53958,0.96634
-6.53,67.23,-999,1.8971,1.6719,2.1336
-3.91,67.23,-999,2.0385,1.791,2.3061
-1.3,67.23,-999,2.0785,1.8665,2.3033
1.3,67.23,-999,2.1403,1.9143,2.3763
3.91,67.23,-999,1.8916,1.6108,2.1871
25.59,67.23,-999,0.99594,0.76414,1.2601
28.52,67.23,-999,0.82359,0.6097,1.0673
37.87,67.23,-999,0.26394,0.16495,0.38798
41.25,67.23,-999,0.20216,0.12159,0.30302
44.82,67.23,-999,0.18447,0.11055,0.27748
48.63,67.23,-999,0.26484,0.18801,0.35688
62.55,67.23,-999,0.7867,0.58275,1.0179
69.02,67.23,-999,0.73145,0.52866,0.95675
-69.02,69.74,-999,0.87333,0.62095,1.1683
-17.19,69.74,-999,1.4326,1.2364,1.6371
-14.48,69.74,-999,1.5609,1.3677,1.7683
-11.81,69.74,-999,1.5745,1.2313,1.9496
-9.16,69.74,-999,1.7318,1.3687,2.1241
-6.53,69.74,-999,1.833,1.4549,2.2394
-3.91,69.74,-999,1.8724,1.49,2.2845
-1.3,69.74,-999,1.9885,1.5852,2.4167
1.3,69.74,-999,2.2062,1.9638,2.4524
6.53,69.74,-999,2.2238,1.8338,2.6454
9.16,69.74,-999,1.9471,1.6387,2.2601
17.19,69.74,-999,1.5147,1.2124,1.8513
19.94,69.74,-999,1.3402,1.0659,1.6517
22.74,69.74,-999,1.1976,0.93753,1.495
25.59,69.74,-999,1.1095,0.86257,1.3904
28.52,69.74,-999,0.89212,0.66146,1.15
34.64,69.74,-999,0.49955,0.34785,0.6765
37.87,69.74,-999,0.36046,0.24443,0.49696
41.25,69.74,-999,0.21104,0.12809,0.30932
44.82,69.74,-999,0.1813,0.10912,0.27212
48.63,69.74,-999,0.25824,0.18184,0.35208
57.32,69.74,-999,0.6175,0.44452,0.8108
62.55,69.74,-999,0.76756,0.56943,0.99138
69.02,69.74,-999,0.71897,0.51616,0.94671
-69.02,72.25,-999,0.83525,0.59973,1.1157
-14.48,72.25,-999,1.6417,1.4572,1.846
-11.81,72.25,-999,1.5544,1.221,1.9166
-9.16,72.25,-999,1.7234,1.3715,2.1199
-6.53,72.25,-999,1.8731,1.4939,2.2942
-3.91,72.25,-999,1.95,1.5502,2.376
-1.3,72.25,-999,2.0609,1.6473,2.5039
1.3,72.25,-999,2.1095,1.6981,2.5502
3.91,72.25,-999,2.2267,1.7893,2.6825
6.53,72.25,-999,2.4447,2.1434,2.7516
9.16,72.25,-999,2.3534,2.0532,2.6563
11.81,72.25,-999,2.0256,1.6276,2.46
14.48,72.25,-999,1.7699,1.4222,2.1601
17.19,72.25,-999,1.565,1.256,1.9035
19.94,72.25,-999,1.3722,1.0912,1.6916
22.74,72.25,-999,1.2331,0.96037,1.539
25.59,72.25,-999,1.0743,0.81811,1.3591
28.52,72.25,-999,0.93288,0.68009,1.2045
34.64,72.25,-999,0.52783,0.36608,0.71109
41.25,72.25,-999,0.234,0.14232,0.34635
44.82,72.25,-999,0.18745,0.1117,0.28359
48.63,72.25,-999,0.25771,0.18129,0.35075
52.75,72.25,-999,0.38933,0.26485,0.53971
57.32,72.25,-999,0.62078,0.45387,0.81076
62.55,72.25,-999,0.75916,0.56198,0.97818
69.02,72.25,-999,0.70465,0.50386,0.93046
-69.02,74.76,-999,0.83221,0.59766,1.106
-17.19,74.76,-999,1.2812,0.99423,1.5963
-6.53,74.76,-999,1.9002,1.5209,2.3215
-3.91,74.76,-999,2.013,1.6144,2.4538
-1.3,74.76,-999,2.1519,1.7281,2.6065
1.3,74.76,-999,2.189,1.7537,2.6484
3.91,74.76,-999,2.4953,2.1888,2.8166
6.53,74.76,-999,2.5332,2.2081,2.8759
9.16,74.76,-999,2.2416,1.8068,2.7146
11.81,74.76,-999,2.0428,1.6413,2.4861
14.48,74.76,-999,1.9167,1.5416,2.3208
17.19,74.76,-999,1.6478,1.3163,2.0076
19.94,74.76,-999,1.4179,1.1241,1.747
22.74,74.76,-999,1.2783,0.99811,1.5958
25.59,74.76,-999,1.1025,0.83406,1.3976
28.52,74.76,-999,0.97836,0.71821,1.2652
31.53,74.76,-999,0.87178,0.64338,1.1272
34.64,74.76,-999,0.56181,0.38436,0.7635
41.25,74.76,-999,0.21349,0.12593,0.32007
44.82,74.76,-999,0.20171,0.11932,0.30382
48.63,74.76,-999,0.24546,0.15724,0.35727
52.75,74.76,-999,0.38815,0.26485,0.535
57.32,74.76,-999,0.61893,0.45066,0.80972
62.55,74.76,-999,0.7421,0.54619,0.95974
69.02,74.76,-999,0.65424,0.46942,0.86619
-69.02,77.27,-999,0.82778,0.59864,1.0964
-6.53,77.27,-999,1.8358,1.4571,2.2572
-3.91,77.27,-999,2.0265,1.6287,2.4676
-1.3,77.27,-999,2.1753,1.7559,2.63
1.3,77.27,-999,2.2523,1.8262,2.7197
3.91,77.27,-999,2.2876,1.8455,2.756
6.53,77.27,-999,2.314,1.8674,2.7838
9.16,77.27,-999,2.2451,1.8153,2.7113
11.81,77.27,-999,2.0748,1.6761,2.5165
14.48,77.27,-999,1.9295,1.5561,2.3337
17.19,77.27,-999,1.6254,1.2976,1.9733
19.94,77.27,-999,1.4111,1.1137,1.7339
22.74,77.27,-999,1.2813,1.0016,1.603
25.59,77.27,-999,1.1208,0.84332,1.4382
28.52,77.27,-999,1.0682,0.80355,1.3692
31.53,77.27,-999,0.92651,0.68604,1.195
34.64,77.27,-999,0.61856,0.43159,0.83342
44.82,77.27,-999,0.21558,0.12887,0.32376
48.63,77.27,-999,0.23412,0.14782,0.33581
52.75,77.27,-999,0.39277,0.26804,0.53936
57.32,77.27,-999,0.60765,0.44256,0.79417
62.55,77.27,-999,0.72242,0.53256,0.93275
69.02,77.27,-999,0.63549,0.45285,0.84594
-69.02,79.78,-999,0.82869,0.6044,1.0866
-3.91,79.78,-999,2.06,1.6505,2.5158
-1.3,79.78,-999,2.1629,1.7542,2.6174
1.3,79.78,-999,2.2874,1.8621,2.751
3.91,79.78,-999,2.3495,1.9158,2.8125
6.53,79.78,-999,2.3296,1.8975,2.7954
9.16,79.78,-999,2.2428,1.8184,2.7053
14.48,79.78,-999,1.9459,1.5719,2.3428
17.19,79.78,-999,1.6544,1.3214,2.005
19.94,79.78,-999,1.4136,1.1214,1.7389
22.74,79.78,-999,1.28,0.99989,1.6027
25.59,79.78,-999,1.1536,0.87093,1.4727
28.52,79.78,-999,1.1249,0.85323,1.4321
31.53,79.78,-999,0.92194,0.67361,1.205
34.64,79.78,-999,0.66343,0.46567,0.88848
41.25,79.78,-999,0.25408,0.15634,0.37046
44.82,79.78,-999,0.22284,0.13641,0.32991
48.63,79.78,-999,0.24619,0.15797,0.35238
52.75,79.78,-999,0.40295,0.27464,0.55478
57.32,79.78,-999,0.60317,0.43834,0.79216
62.55,79.78,-999,0.70449,0.5191,0.90978
69.02,79.78,-999,0.61637,0.43737,0.82178
-69.02,82.29,-999,0.82925,0.61204,1.0777
-1.3,82.29,-999,2.1564,1.7382,2.6243
1.3,82.29,-999,2.2631,1.8463,2.7259
3.91,82.29,-999,2.3711,1.9353,2.8357
6.53,82.29,-999,2.3352,1.9086,2.7958
14.48,82.29,-999,1.9433,1.5708,2.3414
17.19,82.29,-999,1.6344,1.3145,1.9835
19.94,82.29,-999,1.3894,1.0959,1.7164
22.74,82.29,-999,1.2686,0.98842,1.5851
25.59,82.29,-999,1.1802,0.89813,1.4962
28.52,82.29,-999,1.2035,0.92666,1.5159
31.53,82.29,-999,0.96905,0.71264,1.2627
34.64,82.29,-999,0.71052,0.50402,0.94465
37.87,82.29,-999,0.46555,0.31303,0.64018
41.25,82.29,-999,0.2917,0.18701,0.41875
44.82,82.29,-999,0.23713,0.14871,0.34692
48.63,82.29,-999,0.26168,0.17017,0.36992
52.75,82.29,-999,0.41467,0.28494,0.56841
57.32,82.29,-999,0.60409,0.43809,0.79243
62.55,82.29,-999,0.69082,0.50512,0.89034
69.02,82.29,-999,0.59747,0.4225,0.7984
-69.02,84.8,-999,0.8269,0.61225,1.0694
-1.3,84.8,-999,2.3621,2.0766,2.6792
22.74,84.8,-999,1.1767,0.899,1.4816
25.59,84.8,-999,1.1973,0.91041,1.5189
28.52,84.8,-999,1.2465,0.95681,1.5683
31.53,84.8,-999,1.0123,0.74972,1.3146
34.64,84.8,-999,0.76564,0.5473,1.0131
37.87,84.8,-999,0.51592,0.35532,0.69636
41.25,84.8,-999,0.32031,0.20838,0.45115
44.82,84.8,-999,0.25397,0.16235,0.36605
48.63,84.8,-999,0.30395,0.20099,0.4282
52.75,84.8,-999,0.49346,0.37871,0.62204
57.32,84.8,-999,0.60836,0.44122,0.79811
62.55,84.8,-999,0.67817,0.49689,0.87506
69.02,84.8,-999,0.57894,0.4079,0.77293
-69.02,87.31,-999,0.82584,0.61664,1.0622
25.59,87.31,-999,1.2117,0.92311,1.5303
28.52,87.31,-999,1.2676,0.97487,1.5944
31.53,87.31,-999,1.1413,0.86075,1.4658
34.64,87.31,-999,0.82458,0.59629,1.0795
37.87,87.31,-999,0.56688,0.39587,0.75522
41.25,87.31,-999,0.36134,0.24123,0.49854
44.82,87.31,-999,0.27854,0.18154,0.39663
48.63,87.31,-999,0.31895,0.21367,0.44502
52.75,87.31,-999,0.44679,0.31012,0.60772
57.32,87.31,-999,0.61067,0.44425,0.80274
62.55,87.31,-999,0.667,0.48893,0.86705
69.02,87.31,-999,0.5613,0.39245,0.75276
-69.02,89.82,-999,0.8401,0.62792,1.0768
17.19,89.82,-999,1.5981,1.2776,1.956
19.94,89.82,-999,1.3294,1.0452,1.6467
22.74,89.82,-999,1.2347,0.94968,1.5576
25.59,89.82,-999,1.2128,0.93097,1.5316
28.52,89.82,-999,1.2602,0.97238,1.5873
31.53,89.82,-999,1.1674,0.88578,1.491
34.64,89.82,-999,0.88067,0.64667,1.1432
37.87,89.82,-999,0.61497,0.4353,0.8122
41.25,89.82,-999,0.39937,0.27244,0.54422
44.82,89.82,-999,0.31023,0.20514,0.43791
48.63,89.82,-999,0.3415,0.2327,0.47085
52.75,89.82,-999,0.46071,0.32426,0.6217
57.32,89.82,-999,0.61487,0.44996,0.80662
62.55,89.82,-999,0.65737,0.48025,0.85665
69.02,89.82,-999,0.54473,0.38037,0.73197
22.74,92.33,-999,1.2287,0.94239,1.5543
25.59,92.33,-999,1.2974,1.0023,1.6323
28.52,92.33,-999,1.308,1.0133,1.645
31.53,92.33,-999,1.1933,0.90521,1.5133
34.64,92.33,-999,0.94302,0.69874,1.208
37.87,92.33,-999,0.66547,0.47769,0.87133
41.25,92.33,-999,0.44767,0.31096,0.60266
44.82,92.33,-999,0.34322,0.23023,0.47792
48.63,92.33,-999,0.37187,0.2558,0.50641
52.75,92.33,-999,0.48041,0.34398,0.64297
57.32,92.33,-999,0.62578,0.46122,0.82076
62.55,92.33,-999,0.64998,0.47405,0.84839
69.02,92.33,-999,0.52945,0.36803,0.71586
17.19,94.84,-999,1.6817,1.4676,1.9161
22.74,94.84,-999,1.2657,0.97157,1.5858
25.59,94.84,-999,1.2768,0.985,1.5989
28.52,94.84,-999,1.3043,1.0066,1.6404
31.53,94.84,-999,1.2508,0.95825,1.5715
34.64,94.84,-999,0.95091,0.76372,1.1417
37.87,94.84,-999,0.71797,0.52429,0.92774
41.25,94.84,-999,0.49281,0.34479,0.65602
44.82,94.84,-999,0.38365,0.26086,0.5287
48.63,94.84,-999,0.40735,0.28485,0.54909
52.75,94.84,-999,0.50723,0.36568,0.67344
57.32,94.84,-999,0.64046,0.47167,0.83632
62.55,94.84,-999,0.64525,0.46838,0.84234
69.02,94.84,-999,0.51094,0.35312,0.69219
19.94,97.35,-999,1.3183,1.0117,1.6629
22.74,97.35,-999,1.2951,0.99412,1.6263
25.59,97.35,-999,1.3044,1.0149,1.6333
28.52,97.35,-999,1.3172,1.0174,1.6444
31.53,97.35,-999,1.2884,0.99365,1.6077
34.64,97.35,-999,1.1159,0.85279,1.3914
37.87,97.35,-999,0.77042,0.56553,0.99009
41.25,97.35,-999,0.5048,0.40103,0.62175
44.82,97.35,-999,0.42856,0.29467,0.58519
48.63,97.35,-999,0.44805,0.31659,0.59731
52.75,97.35,-999,0.53791,0.3881,0.70933
57.32,97.35,-999,0.66211,0.48568,0.8591
62.55,97.35,-999,0.64537,0.46783,0.8447
69.02,97.35,-999,0.49895,0.34597,0.67811
-69.02,99.86,-999,0.85025,0.65231,1.0712
19.94,99.86,-999,1.401,1.0869,1.7513
22.74,99.86,-999,1.2715,0.98063,1.5927
25.59,99.86,-999,1.307,1.0069,1.6348
28.52,99.86,-999,1.3633,1.0527,1.693
31.53,99.86,-999,1.3176,1.0181,1.6379
34.64,99.86,-999,1.1401,0.87396,1.4185
37.87,99.86,-999,0.83579,0.61664,1.0701
41.25,99.86,-999,0.5508,0.43523,0.67902
44.82,99.86,-999,0.48823,0.34346,0.65601
48.63,99.86,-999,0.49388,0.35486,0.65469
52.75,99.86,-999,0.57628,0.41995,0.75502
57.32,99.86,-999,0.68336,0.50076,0.88646
62.55,99.86,-999,0.64951,0.47059,0.85201
69.02,99.86,-999,0.49,0.33757,0.66595
-69.02,102.37,-999,0.86741,0.67255,1.0892
14.48,102.37,-999,1.9893,1.5897,2.4128
17.19,102.37,-999,1.6704,1.3212,2.0576
19.94,102.37,-999,1.4221,1.1074,1.7788
22.74,102.37,-999,1.3009,1.0051,1.6326
25.59,102.37,-999,1.3189,1.0106,1.647
28.52,102.37,-999,1.3832,1.0625,1.7282
31.53,102.37,-999,1.3571,1.0464,1.685
34.64,102.37,-999,1.0655,0.87765,1.2657
37.87,102.37,-999,0.87252,0.66357,1.1009
41.25,102.37,-999,0.64579,0.47785,0.83446
44.82,102.37,-999,0.50343,0.40782,0.60902
48.63,102.37,-999,0.52483,0.38229,0.68397
52.75,102.37,-999,0.62032,0.46053,0.80097
57.32,102.37,-999,0.70325,0.51615,0.91
62.55,102.37,-999,0.63858,0.46778,0.83302
69.02,102.37,-999,0.48345,0.3332,0.65936
-69.02,104.88,-999,0.88947,0.69431,1.1107
9.16,104.88,-999,2.7555,2.2391,3.3099
11.81,104.88,-999,2.3796,1.9107,2.862
14.48,104.88,-999,2.0776,1.6582,2.518
17.19,104.88,-999,1.7142,1.3532,2.1167
19.94,104.88,-999,1.4747,1.1446,1.8463
22.74,104.88,-999,1.3551,1.0438,1.6983
25.59,104.88,-999,1.3109,1.0055,1.6423
28.52,104.88,-999,1.358,1.0418,1.6953
31.53,104.88,-999,1.3416,1.0286,1.6801
34.64,104.88,-999,1.1813,0.91178,1.4667
37.87,104.88,-999,0.90673,0.68842,1.1378
41.25,104.88,-999,0.71658,0.53306,0.9191
44.82,104.88,-999,0.60257,0.44316,0.78654
48.63,104.88,-999,0.58287,0.43297,0.74962
52.75,104.88,-999,0.66223,0.49457,0.84725
57.32,104.88,-999,0.70666,0.52727,0.90877
62.55,104.88,-999,0.64335,0.47003,0.84066
69.02,104.88,-999,0.47916,0.33085,0.65356
-69.02,107.39,-999,0.89855,0.70355,1.1175
9.16,107.39,-999,2.7272,2.2071,3.2764
11.81,107.39,-999,2.5044,2.0058,3.0139
14.48,107.39,-999,2.1082,1.678,2.5606
17.19,107.39,-999,1.784,1.4041,2.1941
19.94,107.39,-999,1.4726,1.1439,1.8338
22.74,107.39,-999,1.3449,1.0379,1.6886
25.59,107.39,-999,1.3242,1.0165,1.6597
28.52,107.39,-999,1.4432,1.1388,1.7813
31.53,107.39,-999,1.3573,1.0445,1.6958
34.64,107.39,-999,1.2069,0.92783,1.5092
37.87,107.39,-999,0.96435,0.7396,1.2048
41.25,107.39,-999,0.76563,0.57322,0.97748
44.82,107.39,-999,0.66232,0.49316,0.85767
48.63,107.39,-999,0.6399,0.47996,0.81645
52.75,107.39,-999,0.70756,0.53053,0.9016
57.32,107.39,-999,0.73137,0.54836,0.93866
62.55,107.39,-999,0.63901,0.47153,0.83194
69.02,107.39,-999,0.48462,0.33234,0.66052
-69.02,109.9,-999,0.90884,0.71287,1.1275
6.53,109.9,-999,2.8678,2.3255,3.4409
9.16,109.9,-999,2.8171,2.2689,3.3963
11.81,109.9,-999,2.5096,2.0055,3.0388
14.48,109.9,-999,2.0784,1.6461,2.5386
17.19,109.9,-999,1.7502,1.3841,2.1532
19.94,109.9,-999,1.5093,1.1824,1.8646
22.74,109.9,-999,1.385,1.0783,1.7293
25.59,109.9,-999,1.3573,1.0453,1.6995
28.52,109.9,-999,1.4751,1.1684,1.8194
31.53,109.9,-999,1.3818,1.0593,1.7336
34.64,109.9,-999,1.1493,0.94187,1.3614
37.87,109.9,-999,0.9426,0.7811,1.1129
41.25,109.9,-999,0.81514,0.61741,1.0318
44.82,109.9,-999,0.72532,0.54373,0.9354
48.63,109.9,-999,0.70426,0.53153,0.89919
52.75,109.9,-999,0.76333,0.57615,0.96985
57.32,109.9,-999,0.76276,0.57298,0.97548
62.55,109.9,-999,0.64954,0.47823,0.84601
69.02,109.9,-999,0.48254,0.32915,0.65746
-69.02,112.41,-999,0.91996,0.72185,1.1474
-62.55,112.41,-999,0.94743,0.74132,1.1692
3.91,112.41,-999,2.9148,2.3641,3.5013
6.53,112.41,-999,2.9758,2.4075,3.5865
9.16,112.41,-999,2.8161,2.2615,3.4088
11.81,112.41,-999,2.4089,1.9196,2.9422
14.48,112.41,-999,2.0802,1.653,2.536
17.19,112.41,-999,1.7606,1.3918,2.1655
19.94,112.41,-999,1.5421,1.2143,1.9077
22.74,112.41,-999,1.4222,1.1078,1.7677
25.59,112.41,-999,1.3854,1.0702,1.7346
28.52,112.41,-999,1.3154,1.0597,1.5851
31.53,112.41,-999,1.3963,1.0716,1.7434
34.64,112.41,-999,1.1764,0.96051,1.3992
37.87,112.41,-999,0.99269,0.81707,1.179
41.25,112.41,-999,0.85554,0.65206,1.0827
44.82,112.41,-999,0.7544,0.57211,0.96377
48.63,112.41,-999,0.7552,0.57385,0.95485
52.75,112.41,-999,0.91292,0.79413,1.0389
57.32,112.41,-999,0.80214,0.60236,1.0299
62.55,112.41,-999,0.65122,0.47934,0.849
69.02,112.41,-999,0.48284,0.32956,0.66034
-69.02,114.92,-999,0.93146,0.7287,1.1646
-62.55,114.92,-999,0.92401,0.72551,1.1437
-48.63,114.92,-999,0.8597,0.63272,1.1166
-44.82,114.92,-999,0.77081,0.5572,1.0101
1.3,114.92,-999,2.8466,2.2932,3.4476
3.91,114.92,-999,2.9625,2.4001,3.5637
6.53,114.92,-999,3.0088,2.4107,3.6479
9.16,114.92,-999,2.7066,2.1522,3.31
11.81,114.92,-999,2.4068,1.915,2.9432
14.48,114.92,-999,2.0417,1.6234,2.4857
25.59,114.92,-999,1.4765,1.142,1.8334
28.52,114.92,-999,1.3887,1.0608,1.748
31.53,114.92,-999,1.4148,1.0854,1.7661
34.64,114.92,-999,1.2678,0.97807,1.586
37.87,114.92,-999,1.0957,0.84203,1.3692
41.25,114.92,-999,0.86111,0.70594,1.0265
44.82,114.92,-999,0.90408,0.77069,1.0474
48.63,114.92,-999,0.80263,0.61258,1.0159
52.75,114.92,-999,0.85984,0.65318,1.0908
57.32,114.92,-999,0.92463,0.80165,1.0563
62.55,114.92,-999,0.66221,0.4852,0.86329
69.02,114.92,-999,0.48556,0.33254,0.66537
-69.02,117.43,-999,0.90656,0.70475,1.1298
-62.55,117.43,-999,0.92639,0.72615,1.1467
-52.75,117.43,-999,0.91179,0.67223,1.1839
-48.63,117.43,-999,0.87481,0.64106,1.1394
-44.82,117.43,-999,0.7875,0.57189,1.0368
1.3,117.43,-999,2.888,2.32,3.4879
3.91,117.43,-999,2.8834,2.3193,3.5086
6.53,117.43,-999,2.8849,2.2976,3.5223
9.16,117.43,-999,2.648,2.0987,3.2423
11.81,117.43,-999,2.371,1.8863,2.897
25.59,117.43,-999,1.3932,1.0749,1.7435
28.52,117.43,-999,1.4465,1.1034,1.8077
31.53,117.43,-999,1.3739,1.0969,1.663
34.64,117.43,-999,1.3029,1.0016,1.6262
37.87,117.43,-999,1.1406,0.87635,1.4217
41.25,117.43,-999,0.91966,0.75004,1.1029
44.82,117.43,-999,0.86705,0.65622,1.1065
48.63,117.43,-999,0.8602,0.65529,1.0927
52.75,117.43,-999,0.91173,0.69054,1.1566
57.32,117.43,-999,0.85005,0.63266,1.0885
62.55,117.43,-999,0.67532,0.49337,0.88047
69.02,117.43,-999,0.49171,0.33667,0.67008
-69.02,119.94,-999,0.91374,0.70486,1.1453
-62.55,119.94,-999,0.9299,0.72747,1.1493
-52.75,119.94,-999,0.96622,0.71828,1.2457
-48.63,119.94,-999,0.90155,0.65944,1.1714
-44.82,119.94,-999,0.79491,0.57472,1.0509
-41.25,119.94,-999,0.7248,0.5255,0.9439
1.3,119.94,-999,2.8974,2.316,3.5182
3.91,119.94,-999,2.8347,2.27,3.4652
6.53,119.94,-999,2.9932,2.5745,3.4255
31.53,119.94,-999,1.3735,1.0456,1.741
34.64,119.94,-999,1.2906,0.98067,1.629
37.87,119.94,-999,1.0799,0.86909,1.3026
41.25,119.94,-999,1.0264,0.78095,1.3011
44.82,119.94,-999,0.9273,0.70137,1.1877
48.63,119.94,-999,1.0253,0.88925,1.1726
52.75,119.94,-999,0.9659,0.73043,1.228
57.32,119.94,-999,0.87871,0.65278,1.1269
62.55,119.94,-999,0.68981,0.5031,0.90059
69.02,119.94,-999,0.50029,0.34437,0.67965
-69.02,122.45,-999,0.91642,0.69741,1.1529
-62.55,122.45,-999,0.93001,0.72713,1.1511
-57.32,122.45,-999,1.0366,0.87309,1.211
-52.75,122.45,-999,0.9837,0.72801,1.2698
-48.63,122.45,-999,0.91171,0.66263,1.1909
-44.82,122.45,-999,0.80557,0.58355,1.0663
-41.25,122.45,-999,0.75071,0.55359,0.97074
-37.87,122.45,-999,0.74618,0.5503,0.96796
37.87,122.45,-999,1.145,0.86885,1.4323
41.25,122.45,-999,1.1043,0.83766,1.3957
44.82,122.45,-999,0.9748,0.73375,1.2474
48.63,122.45,-999,1.0888,0.94232,1.2486
52.75,122.45,-999,1.1338,0.97487,1.3051
57.32,122.45,-999,0.90609,0.66971,1.1606
62.55,122.45,-999,0.72591,0.52917,0.94411
69.02,122.45,-999,0.51073,0.35297,0.69055
-69.02,124.96,-999,0.92538,0.70189,1.1715
-62.55,124.96,-999,0.93331,0.73011,1.1536
-52.75,124.96,-999,0.94942,0.70258,1.2288
-48.63,124.96,-999,0.93079,0.67444,1.2188
-44.82,124.96,-999,0.82408,0.59675,1.0922
-41.25,124.96,-999,0.78432,0.58369,1.0074
-37.87,124.96,-999,0.76596,0.57269,0.98158
-34.64,124.96,-999,0.8206,0.61153,1.0488
37.87,124.96,-999,1.2526,0.95317,1.5648
41.25,124.96,-999,1.0575,0.79234,1.3541
44.82,124.96,-999,1.0127,0.75792,1.2989
48.63,124.96,-999,1.1568,1.0003,1.3288
52.75,124.96,-999,1.1926,1.0185,1.3819
57.32,124.96,-999,1.0368,0.88366,1.1997
62.55,124.96,-999,0.83846,0.71429,0.97133
69.02,124.96,-999,0.52357,0.36512,0.70377
-69.02,127.47,-999,0.93457,0.70515,1.1904
-62.55,127.47,-999,0.93437,0.73035,1.1565
-52.75,127.47,-999,0.9849,0.72261,1.2749
-48.63,127.47,-999,0.92981,0.67242,1.2217
-44.82,127.47,-999,0.84493,0.60999,1.1158
-41.25,127.47,-999,0.81335,0.61038,1.0391
-37.87,127.47,-999,0.79382,0.59768,1.0118
-34.64,127.47,-999,0.81707,0.61737,1.0436
41.25,127.47,-999,1.2402,1.0589,1.432
44.82,127.47,-999,1.1509,0.98254,1.3245
48.63,127.47,-999,1.1252,0.85237,1.4373
52.75,127.47,-999,1.252,1.0621,1.4624
57.32,127.47,-999,0.95199,0.70225,1.2248
62.55,127.47,-999,0.76853,0.56042,0.99846
69.02,127.47,-999,0.53852,0.38088,0.71611
-69.02,129.98,-999,0.94266,0.70349,1.2089
-62.55,129.98,-999,0.93745,0.73293,1.161
-52.75,129.98,-999,0.96186,0.70598,1.245
-48.63,129.98,-999,0.94686,0.686,1.2423
-44.82,129.98,-999,0.92647,0.67492,1.2108
-41.25,129.98,-999,0.8409,0.62655,1.0767
-37.87,129.98,-999,0.80247,0.60581,1.0267
-34.64,129.98,-999,0.84463,0.63414,1.0803
44.82,129.98,-999,1.2573,1.0743,1.454
48.63,129.98,-999,1.1605,0.87506,1.4859
52.75,129.98,-999,1.1839,0.99686,1.3784
57.32,129.98,-999,0.96827,0.7139,1.2436
62.55,129.98,-999,0.79122,0.57934,1.0256
69.02,129.98,-999,0.55759,0.3955,0.74105
-69.02,132.49,-999,0.9514,0.70241,1.2252
-62.55,132.49,-999,0.93939,0.73377,1.1647
-48.63,132.49,-999,0.93533,0.67269,1.237
-44.82,132.49,-999,0.92811,0.67302,1.2102
-41.25,132.49,-999,0.8327,0.61957,1.0738
-37.87,132.49,-999,0.83511,0.6299,1.0637
-34.64,132.49,-999,0.90297,0.67985,1.1521
-31.53,132.49,-999,0.97528,0.74143,1.2374
-19.94,132.49,-999,1.5106,1.159,1.8702
48.63,132.49,-999,1.214,0.91285,1.5534
52.75,132.49,-999,1.0866,0.80549,1.3951
57.32,132.49,-999,0.98071,0.72344,1.2579
62.55,132.49,-999,0.80867,0.59611,1.0438
69.02,132.49,-999,0.58289,0.41445,0.77483
-69.02,135,-999,0.98385,0.72342,1.2763
-62.55,135,-999,0.9432,0.73661,1.1697
-48.63,135,-999,0.95897,0.69084,1.2647
-44.82,135,-999,0.95024,0.69055,1.239
-41.25,135,-999,0.85778,0.63452,1.1081
-37.87,135,-999,0.87234,0.6547,1.1134
-34.64,135,-999,0.92352,0.69325,1.185
-31.53,135,-999,1.0089,0.77221,1.2752
-1.3,135,-999,2.7276,2.1207,3.4116
1.3,135,-999,2.7957,2.1595,3.5299
48.63,135,-999,1.2149,0.90978,1.5557
52.75,135,-999,1.0891,0.80565,1.4004
57.32,135,-999,0.9891,0.72597,1.2725
62.55,135,-999,0.83889,0.62173,1.0769
69.02,135,-999,0.57362,0.40956,0.76344
-69.02,137.51,-999,0.986,0.72398,1.2802
-62.55,137.51,-999,0.94775,0.73814,1.1759
-48.63,137.51,-999,0.97413,0.69899,1.2945
-44.82,137.51,-999,0.9651,0.70125,1.2624
-41.25,137.51,-999,0.88458,0.6548,1.1432
-37.87,137.51,-999,0.90973,0.67923,1.1663
-34.64,137.51,-999,0.94755,0.70698,1.2224
-31.53,137.51,-999,1.0346,0.79246,1.3051
-3.91,137.51,-999,2.6598,2.0276,3.3677
-1.3,137.51,-999,2.6397,2.0275,3.339
1.3,137.51,-999,2.88,2.4044,3.3874
48.63,137.51,-999,1.3764,1.1801,1.5954
52.75,137.51,-999,1.0992,0.81139,1.4085
62.55,137.51,-999,0.81841,0.60653,1.0584
-69.02,140.02,-999,0.98719,0.72569,1.2819
-62.55,140.02,-999,0.95207,0.74036,1.1804
-48.63,140.02,-999,1.0802,0.8575,1.3312
-44.82,140.02,-999,0.97356,0.70536,1.2732
-41.25,140.02,-999,0.98022,0.73231,1.2538
-37.87,140.02,-999,0.91751,0.68227,1.1853
-34.64,140.02,-999,0.97485,0.72349,1.2616
-31.53,140.02,-999,1.0575,0.8076,1.3374
-3.91,140.02,-999,2.5838,1.9557,3.3096
48.63,140.02,-999,1.2507,0.93784,1.5931
52.75,140.02,-999,1.0959,0.81094,1.4073
62.55,140.02,-999,0.93409,0.79786,1.0787
-69.02,142.53,-999,0.98723,0.7283,1.2779
-62.55,142.53,-999,0.97953,0.75596,1.2171
-52.75,142.53,-999,0.97222,0.70225,1.2826
-48.63,142.53,-999,0.99191,0.70491,1.329
-44.82,142.53,-999,0.98244,0.70925,1.2832
-41.25,142.53,-999,0.91288,0.67586,1.181
-37.87,142.53,-999,0.94133,0.69796,1.2142
-34.64,142.53,-999,1.0005,0.73895,1.2955
-31.53,142.53,-999,1.0858,0.83128,1.3717
48.63,142.53,-999,1.17,0.87437,1.4966
52.75,142.53,-999,1.1978,1.016,1.3797
57.32,142.53,-999,1.1367,0.969,1.3089
62.55,142.53,-999,0.82988,0.6134,1.0728
-69.02,145.04,-999,0.98604,0.73339,1.2735
-62.55,145.04,-999,0.96369,0.74758,1.1972
-52.75,145.04,-999,1.1132,0.8943,1.357
-48.63,145.04,-999,0.9955,0.70342,1.3386
-44.82,145.04,-999,1.0033,0.72231,1.3172
-41.25,145.04,-999,0.92391,0.68291,1.1938
-37.87,145.04,-999,0.95533,0.70814,1.2335
-34.64,145.04,-999,1.0143,0.74927,1.3117
-31.53,145.04,-999,1.0981,0.83748,1.3919
-28.52,145.04,-999,1.2348,0.95458,1.5526
48.63,145.04,-999,1.1843,0.89055,1.5112
57.32,145.04,-999,1.0146,0.74904,1.2942
62.55,145.04,-999,0.84269,0.62408,1.0889
-69.02,147.55,-999,0.98339,0.73604,1.265
-62.55,147.55,-999,0.96936,0.75,1.2048
-52.75,147.55,-999,1.0248,0.73706,1.3509
-48.63,147.55,-999,1.012,0.71376,1.3635
-44.82,147.55,-999,1.0142,0.72978,1.3357
-41.25,147.55,-999,0.93721,0.69339,1.2094
-37.87,147.55,-999,0.96321,0.71506,1.2422
-34.64,147.55,-999,1.0252,0.75731,1.3202
-31.53,147.55,-999,1.0832,0.82124,1.3728
57.32,147.55,-999,1.0097,0.7542,1.2873
-69.02,150.06,-999,0.98694,0.74506,1.2635
-62.55,150.06,-999,0.97108,0.75026,1.2048
-52.75,150.06,-999,1.1524,0.91919,1.4135
-48.63,150.06,-999,1.0512,0.7362,1.4166
-44.82,150.06,-999,0.96812,0.68532,1.2904
-41.25,150.06,-999,0.94784,0.70063,1.2228
-37.87,150.06,-999,0.97505,0.72367,1.254
-34.64,150.06,-999,1.0253,0.76003,1.3208
-69.02,152.57,-999,0.98183,0.74159,1.2488
-62.55,152.57,-999,0.99462,0.77519,1.2334
-52.75,152.57,-999,1.1419,0.91028,1.4012
-48.63,152.57,-999,1.0542,0.73854,1.4227
-44.82,152.57,-999,0.98332,0.70093,1.3087
-41.25,152.57,-999,0.97328,0.72467,1.2549
-37.87,152.57,-999,0.98443,0.73239,1.2685
-69.02,155.08,-999,0.9587,0.72233,1.2193
-62.55,155.08,-999,0.99011,0.77078,1.2296
-52.75,155.08,-999,1.0555,0.75447,1.399
-48.63,155.08,-999,1.004,0.70013,1.3551
-44.82,155.08,-999,0.98664,0.70113,1.3113
-41.25,155.08,-999,0.9753,0.72425,1.2616
-37.87,155.08,-999,1.0009,0.74774,1.2921
-52.75,157.59,-999,1.1066,0.87601,1.3665
-48.63,157.59,-999,1.0104,0.70529,1.3585
-44.82,157.59,-999,0.98806,0.70256,1.3135
-41.25,157.59,-999,0.9819,0.73028,1.272
-37.87,157.59,-999,1.0463,0.78965,1.3403
-34.64,157.59,-999,1.1109,0.83125,1.4267
69.02,157.59,-999,0.87356,0.69354,1.0747
-69.02,160.1,-999,0.98582,0.74809,1.256
-57.32,160.1,-999,1.1119,0.91863,1.3155
-52.75,160.1,-999,1.0011,0.71649,1.3203
-48.63,160.1,-999,0.98593,0.6875,1.3352
-44.82,160.1,-999,0.98604,0.70077,1.3135
-41.25,160.1,-999,1.1174,0.93258,1.3114
-37.87,160.1,-999,1.1112,0.82842,1.4223
-69.02,162.61,-999,1.0099,0.76611,1.2821
-57.32,162.61,-999,0.98262,0.73505,1.2576
-52.75,162.61,-999,1.1542,0.91948,1.4127
-48.63,162.61,-999,0.9737,0.67942,1.3153
-44.82,162.61,-999,0.96937,0.68442,1.2946
-41.25,162.61,-999,1.0698,0.88198,1.273
69.02,162.61,-999,0.93998,0.73835,1.1702
-69.02,165.12,-999,1.0238,0.78043,1.2939
-69.02,167.63,-999,1.019,0.78399,1.2816
57.32,167.63,-999,1.1059,0.83577,1.3967
-69.02,170.14,-999,1.0167,0.78414,1.2751
57.32,170.14,-999,1.1145,0.83842,1.4105
-69.02,172.65,-999,1.0155,0.7829,1.2735
