0.59022
0.61194
0.60952
0
0.24473
0.28086
0.3077
0
0
0.22731
0.31165
0.32375
0.34736
0.35161
0.3748
0.39794
0.42096
0.43173
0.46624
0.48831
0.53059
0.55147
0.57162
0.59097
0.60946
0.62704
0.6243
0.67948
1
1
0
0.66767
0.88057
0.9567
1
1
0.87131
0.88639
1
1
0.44809
0.50333
0
1
0.74069
0.74861
0.78316
0.83534
0.81093
0.84282
0.87031
1
1
1
1
1
0.31758
0.28594
0.35007
0.32581
1
0.76594
0.71932
0.80543
0.83444
0.83496
0.8281
0.82012
0.79134
0.75803
0.82402
0.82527
0.81492
0.89858
0.93474
0.19041
0.16284
0.14879
0.22973
0.24508
0.66832
1
0.75221
0.78898
0.82652
0.78869
0.79614
0.78881
0.78596
0.79022
0.76714
0.75313
0
0.79542
0.85108
0.89078
0.92733
0.94835
0.15976
0
0
0.095725
0.16091
0.61973
0.57351
0.5223
0.59735
0.75923
0.76878
0.90215
0.86877
0.83748
0.80985
0.8072
0.78462
0.83863
0.85882
1
0.89855
0.92687
0
0
0
0.070834
0.12737
0.74184
0.55528
0.4975
0.58558
0.67188
0.80054
0
0.81841
0.91181
0.87403
0.89605
0.86828
0.91794
0.92146
0.92705
0.94152
0.13069
0.067713
0.074548
0.07084
0.063504
0.12739
0.24461
0.80739
0.64332
0.50807
0.58535
0.66657
0.72406
0.80296
0.86441
0.88232
0.93943
0.93383
0.96295
0
0
0
0.073352
0.07718
0.11708
0.1328
0.18053
0.31491
0.4799
0.61334
0.55775
0.49702
0.54996
0.65068
0.73163
0.78127
0.81363
0.91891
0.3911
0.34454
0.11473
0.087709
0.10701
0.18717
0.20979
0.19235
0.45639
0.57516
0.69775
0.78059
0.57838
0.51501
0.53874
0.61843
0.69115
0.84924
0.85253
0.849
0.97731
1
0.64304
0.5333
0.27195
0.21843
0.16952
0.25021
0.29675
0.26126
0.26662
0.58001
0.66119
0.5428
0.77921
0.62079
0.55599
0.49414
0.57185
0.63372
0.82916
0.87297
0.8642
1
0.9724
1
0.74798
0.53621
0.48376
0.40992
0.33788
0.39449
0.47744
0.37612
0.36888
0.41348
0.64583
0.70901
0.71172
0.68846
0.62563
0.56177
0.5004
0.70718
0.83896
0.88135
0.86786
1
1
1
1
0.67202
0.59265
1
0.45124
0.53202
0.56831
0.59023
0.57617
0.60396
0.60527
0.53301
0.73463
0.79208
0.66738
0.6002
0.53364
0.47618
0.74697
0.86509
0.90628
0.90073
0.86813
0.97964
1
0.89808
0
0.72566
1
1
0.59485
0.65071
0.69522
0.73341
0.73196
0.69613
0.75995
0.7136
0.7735
0.69649
0.62365
0.5626
0.49984
0.44107
0.77201
0.86058
0.90828
0.8776
1
1
1
0.98677
0.90031
0.7871
0.79149
0.78024
0.72445
0.63735
0.6508
0.71696
0.76813
1
0.5796
0.50258
0.43297
0.4645
0.64051
0.81392
0.87069
0.86044
0
1
1
0.98091
0.98429
1
1
1
1
1
0.85074
1
0.80578
0.81206
0.79633
0.77677
1
0.72256
0.78298
1
0.69815
0.53524
0.45273
0.37896
0.3175
0.44325
0.68017
0.7607
0.75517
0.71363
0.74707
0.75984
0.9713
0.98013
1
0.9953
1
0.99521
0.99657
0.80436
0.80439
0
0.83919
0.84254
0.80884
0.73754
0.84484
0.77472
0.69957
0.75511
0.68895
0.68384
0.67366
0.6828
0.74878
0.63717
0.47193
0.30424
0.24792
0.32043
0.36391
0.44506
0.55914
0.55436
0.53858
0.62207
1
1
1
1
1
1
1
1
1
0
1
0.79684
1
0.76098
0.77079
0.62844
0.57434
0.54174
0.50248
0.55328
0.3866
0.37054
0.27631
0.21939
0.17501
0.24873
0.29215
0.35326
0.561
1
0
1
1
1
1
1
1
1
1
1
1
1
1
1
0.57271
0.41327
0.43659
0.45136
0.42088
0.35581
0.42503
0.28387
0.23492
0.18661
0.1455
0.17297
0.33292
0.36617
0.26149
0.47364
1
0
0.34864
0
0.65576
0.53433
0.72743
0.77826
0
1
1
0.96776
1
1
1
1
0.63266
0.55398
0.47082
0.37979
0.33537
0.34647
0.31652
0.26731
0.24425
0.19887
0.15365
0.16077
0.14278
0.11934
0.20311
0.19357
0.18675
0.22175
0
0.18148
0
1
0.54969
0.57776
0.71944
0.83195
0.92273
1
0.95737
1
1
0.79476
0.80466
0.84308
1
1
1
0.54136
0.43514
0.33844
0.26728
0.27243
0.24435
0.20476
0.21579
0.21413
0.2005
0.17277
0.14667
0.11314
0.12108
0.13381
0.15116
0.15178
0.089638
0.075959
0.095193
0
0
0.4233
0.44972
0.66164
0.78814
0.87659
0.95126
0.95321
0.93925
1
0.97795
1
0.81705
1
1
0
0.56826
0.48233
0.41801
0.33862
0.26796
0.2603
0.26483
0.25762
0.2678
0.25589
0.21689
0.17838
0.12592
0.11316
0.11435
0.11529
0.16111
0.12636
0.059853
0
0
0.22437
0.34711
0.38823
0.43563
0.6035
0.72886
0.86634
0.92664
1
0.98541
1
0.99424
0.98743
0.98942
0.98866
0.79325
0.83709
0.72921
0.63697
0.6155
0.53151
0.44566
0.36061
0.31601
0.36484
0.36837
1
0.36579
0.32301
0.25341
0.16919
0.12698
0.12475
0
0
0.14344
0.12113
0.058038
0
0.2044
0.23098
0.31595
0.50045
0.76345
0.89202
0.95172
0.97539
1
0.9868
0.99423
1
1
1
1
0.98981
0.99072
0.37955
0.63211
0.70953
0.7148
0.70697
1
0
0.54051
0.47153
0.49146
0.5262
0.53456
0.52133
0.47044
1
0.30553
0.27405
0.19572
0.2012
0.22882
0.096694
0
0.078306
0.18921
0.23044
0.31566
0.18565
0.40976
1
0.68243
0.81781
0.90214
0.94642
0.96818
1
1
1
1
1
1
0.97949
1
0.98379
1
0.22621
0.43371
0
0.525
0.41502
1
1
1
0.74454
1
0
0.67774
0.67559
0
0
0
0.194
0
0
0.11204
0.066479
0.11052
0.056985
0.064148
0.1267
0.1176
0.18113
0.32597
0.34615
0.37275
0.40648
0.61333
1
0.81217
0.86584
0.8978
1
1
1
1
0.92493
0.93685
1
0.9615
1
1
0
0
0
0
0.20518
0.29984
0.40474
0.50313
0.5601
0.53909
0.7029
1
0
0.75816
0.79224
0.75732
1
1
1
1
0
0.36558
0
0
0
0.07867
0.14988
0.084343
0.11382
0
0.17259
0.17731
0.18287
0.191
0.28442
0.36787
0.45059
0.52461
0.49596
0.63754
0.66317
0.79067
0.89152
0.9241
0.89752
0.93016
1
1
0.97976
0.98098
1
1
0
0.15871
0
0
0.39438
0.44807
0.49948
0.50591
0.62934
0.74884
0.84756
1
1
0
1
0
1
1
1
1
1
1
1
1
1
1
1
0.68069
0.56022
0.3398
0.14752
0.11921
0.07417
0.060708
0.05904
0.083281
0.030033
0.026225
0.024575
0.046121
0
0.1486
0.16077
0.22697
0
0
0.58765
0.83034
0.89082
0.87846
0.90939
1
1
1
1
1
0
0.57485
1
0.35056
0.38378
0
0.48617
0.50594
0.52916
0.53063
0.63049
0.71306
0.76859
0.8642
1
0.71822
0.74365
1
0
1
1
1
1
1
1
1
1
1
0.091774
0
0.029763
0
0.013174
0.01664
0
0.012336
0
0.022075
0
0.071905
0
0
0.44782
0.67509
0.74638
0.81292
0.85868
0.92087
0.95648
1
1
1
1
0.76827
0.67381
1
0
1
0.50752
1
0.5332
0
0.54237
0.54006
0.6219
0.6775
0.7227
0.754
0.78737
0.83192
0.9086
0.85857
0.84775
0.88042
1
1
1
1
1
1
1
1
0
0.94694
1
1
0.31217
0.2244
0.14492
0.09399
0.059837
0.037868
0
0.019257
0.015986
0
0.027509
0.021914
0.061418
0.12021
0.13172
0.21074
0.31411
0.43071
0.55489
0.74421
0.79521
0.87126
0.91592
1
0.95831
1
1
1
0.87351
1
0.86495
0.74564
0.58709
0.54641
0.50433
0.46464
0.42451
0.44722
0.54054
0.58673
0.62716
0.6809
0.72346
0.75474
0.78889
0.80229
0.8035
0.84265
0.85649
0.8773
0.87594
0.91058
0.94374
0.92851
0.95317
1
1
1
1
1
0.97195
0.97635
1
0.95721
0.9329
0.92308
0.87736
0.86921
0.82297
0.77199
0.71348
0.62487
0.56648
0
0.37373
0.29347
0.22321
0.16662
0.12392
0
0.079266
0.070554
0.068781
0.094486
0.09065
0.10662
0.25414
0.30998
0.31864
0.38317
0.51412
0.58722
0.65509
0.8103
0.77211
0.79965
1
1
0.91285
1
1
0.84297
1
0.8557
0.81227
1
0.57537
0.54973
0.52116
0.49106
0.46073
0.43076
0.40213
0.48723
0.53724
0.58781
0.63731
0.68466
0.7333
0.77957
0.81924
0.85181
0.88091
0.90483
0.92128
0.93628
1
0.96261
1
0.96305
0.95261
0.93814
0.93887
0.93191
0.9141
0.89396
0.86082
0.84037
0.8292
0.79884
0.7687
1
1
0.71965
0.64293
0.59055
0.47803
0.42512
0.37587
0.33215
0.3629
0.35753
0.35603
0.35772
0.36272
0.42781
0.39143
0.40636
0.46445
0.50188
1
0.69314
0.71497
0.77291
0.77098
0.80343
0.82892
1
0.93112
0.89021
0.88075
1
0
0.89979
1
0
0.82491
1
0.6323
0.52115
0.50428
0.48624
0.49007
0.47776
0.46371
0.44738
0.43013
0.4123
0.51852
0.57103
0.62383
0.67586
0.72655
0.7734
0.81574
0.85249
0.88316
0.90801
0.92734
0.93977
0.95737
1
0.9644
0.96561
0.9545
0.94417
0.93584
0.92495
0.95281
0.9568
0.95719
0.95122
0.94597
0.93415
0.91347
0.89833
0.88399
0.86022
0.86443
0.88626
0.86329
0.80619
0.78221
0.75809
0.78487
0.78269
0.78146
0
0.77382
0.76466
0.75798
0.75326
0.79093
0.81107
0.83053
1
1
0.83076
0.85219
0.86168
0.87057
0.87841
1
0.88261
0.90685
0.91685
0.89305
0
0.83038
0.79143
0.76813
1
0
0.95025
1
1
0.94783
0.93949
0.93685
0.91962
0.89278
0.85959
0.84939
0.85666
1
1
1
1
1
0
0.77906
0.79739
0.71204
0.64932
0.63537
0.63047
0.62494
0.6282
0.62368
0.6175
0.6105
0.66685
0.69823
0.72727
0.75284
0.78234
0.81567
0.84
0.86626
0.88757
0.90482
0.91773
0.93229
0.9401
0.95219
0.93286
0.92681
0.91815
0.94945
0.95182
0.96124
0.96822
0.97776
0.97943
0.97585
0.97051
0.97154
0.96111
0.95813
0.96964
0.97065
0.94238
0.9319
0.9528
0.95028
0.94999
0.94018
0.9299
0.93209
0.92362
0.91453
0.90998
0.90055
0.92499
0.92857
0.92982
0.92861
0.92692
0.92499
0.91956
0.90997
0.89665
0.91477
0.90082
0.86495
1
0.86304
1
0.82585
0.79518
0.75734
0.74781
1
1
0.74226
0.70736
0.74896
0.827
0.75405
0.81441
0.8427
0.8089
