-44.82,-178.75,1,0,0
-41.25,-178.75,1,0,0
-14.48,-178.75,1,0,0
69.02,-178.75,0.97071,0.026232,0.021931
69.02,-176.24,1,0,0
62.55,-173.73,0.97972,0.010518,0.016859
69.02,-173.73,1,0,0
62.55,-171.22,0.97415,0.012315,0.01534
69.02,-171.22,0.97374,0.018557,0.028396
62.55,-168.71,0.97039,0.012837,0.015546
69.02,-168.71,0.9771,0.014406,0.028831
62.55,-166.2,0.95895,0.016281,0.014665
69.02,-166.2,0.97975,0.011437,0.030686
62.55,-163.69,0.95269,0.016956,0.015907
69.02,-163.69,0.98177,0.0092758,0.034065
62.55,-161.18,0.9511,0.015464,0.018703
69.02,-161.18,0.98296,0.007742,0.03985
57.32,-158.67,0.9621,0.011769,0.034257
62.55,-158.67,0.94824,0.014155,0.022574
69.02,-158.67,0.98237,0.0071785,0.046213
62.55,-156.16,0.94952,0.012488,0.026622
69.02,-156.16,0.97832,0.0082034,0.049252
57.32,-153.65,1,0,0
62.55,-153.65,0.94432,0.01107,0.034232
69.02,-153.65,0.97003,0.010432,0.056267
62.55,-151.14,0.95521,0.0068683,0.052068
69.02,-151.14,0.9635,0.011699,0.075023
62.55,-148.63,0.97044,0.0043341,0.11006
69.02,-148.63,0.95896,0.01185,0.11555
62.55,-146.12,0.93907,0.0049638,0.12592
69.02,-146.12,0.95433,0.011594,0.20259
62.55,-143.61,0.9366,0.005429,0.18267
69.02,-143.61,1,0,0
62.55,-141.1,1,0,0
69.02,-141.1,1,0,1
62.55,-138.59,0.89421,0.0063148,0.23359
69.02,-138.59,0.95883,0.0085189,0.18779
62.55,-136.08,0.9029,0.0056801,0.26349
69.02,-136.08,1,0,0
62.55,-133.57,0.89688,0.0056229,0.31507
69.02,-133.57,1,0,0
62.55,-131.06,0,0,1
69.02,-131.06,0.96469,0.005056,0.14405
57.32,-128.55,0.96108,0.0040923,0.086368
62.55,-128.55,0.81337,0.0097382,0.26131
69.02,-128.55,0.97332,0.0026812,0.16051
57.32,-126.04,0.96529,0.0060686,0.077359
62.55,-126.04,0.79128,0.013337,0.23468
69.02,-126.04,0.97394,0.0024615,0.14035
52.75,-123.53,0.98708,0.0075991,0.036706
57.32,-123.53,1,0,0
62.55,-123.53,1,0,0
69.02,-123.53,0.96822,0.0030974,0.10338
52.75,-121.02,1,0,0
57.32,-121.02,0.95397,0.011775,0.045988
62.55,-121.02,0.78956,0.018908,0.13743
69.02,-121.02,0.96488,0.0035782,0.078831
41.25,-118.51,0.8999,0.061759,0.31973
44.82,-118.51,0.98062,0.036433,0.077911
48.63,-118.51,0.99303,0.012081,0.04313
52.75,-118.51,0.98796,0.0097086,0.020656
57.32,-118.51,0.94341,0.013464,0.025789
62.55,-118.51,0.84198,0.017589,0.091068
69.02,-118.51,0.9679,0.0034112,0.066196
37.87,-116,0.84184,0.22569,0.29354
41.25,-116,1,0,0
44.82,-116,0.97676,0.070011,0.061085
48.63,-116,0.99254,0.021378,0.032244
52.75,-116,0.98264,0.010219,0.019411
57.32,-116,0.91043,0.018388,0.020343
62.55,-116,0.79969,0.019835,0.067214
69.02,-116,0.9729,0.0032389,0.053415
34.64,-113.49,0.42778,0.70037,0.0539
37.87,-113.49,1,0,0
41.25,-113.49,0.84408,0.15918,0.29057
44.82,-113.49,1,0,0
48.63,-113.49,1,0,0
52.75,-113.49,1,0,0
57.32,-113.49,0.87682,0.026864,0.01678
62.55,-113.49,0.82503,0.02206,0.034626
69.02,-113.49,0.98068,0.0025353,0.050696
34.64,-110.98,0,1,0
37.87,-110.98,1,1,1
41.25,-110.98,0,0,1
44.82,-110.98,1,1,0
48.63,-110.98,0.97996,0.080447,0.013875
52.75,-110.98,1,0,0
57.32,-110.98,0.82925,0.040988,0.015685
62.55,-110.98,0.82243,0.022823,0.033589
69.02,-110.98,0.98461,0.0020101,0.048729
31.53,-108.47,0.28181,0.75837,0.018993
34.64,-108.47,0,1,0
37.87,-108.47,1,1,0
41.25,-108.47,0.65365,0.46986,0.15426
44.82,-108.47,1,1,0
48.63,-108.47,1,0,0
52.75,-108.47,0.9227,0.034552,0.012935
57.32,-108.47,0.77657,0.060373,0.015454
62.55,-108.47,0.87242,0.016807,0.025908
69.02,-108.47,0.98593,0.0018744,0.042644
28.52,-105.96,0.50432,0.57928,0.012772
31.53,-105.96,0.16212,0.88393,0.011254
34.64,-105.96,0,1,0
37.87,-105.96,0,1,0
41.25,-105.96,1,0,0
44.82,-105.96,1,0,0
48.63,-105.96,0.93388,0.15448,0.0069719
52.75,-105.96,0.88654,0.057494,0.0097695
57.32,-105.96,0.8012,0.051756,0.015016
62.55,-105.96,0.90779,0.012959,0.019055
25.59,-103.45,0.6892,0.36663,0.0061858
28.52,-103.45,0.36691,0.71353,0.0057122
31.53,-103.45,0,1,0
34.64,-103.45,0.049082,0.9816,0.0068411
37.87,-103.45,0.27809,0.95441,0.074723
41.25,-103.45,0.42527,0.84425,0.038377
44.82,-103.45,1,0,0
48.63,-103.45,0.87053,0.20584,0.0075322
52.75,-103.45,0.87332,0.067145,0.0077713
57.32,-103.45,0.87442,0.031546,0.0098772
62.55,-103.45,0.93132,0.010798,0.012973
19.94,-100.94,0.86561,0.13828,0.0040726
22.74,-100.94,0.7962,0.2319,0.0038078
25.59,-100.94,0.56333,0.50496,0.0021037
28.52,-100.94,0.23502,0.81388,0.0021746
31.53,-100.94,0.062193,0.95609,0.0060378
34.64,-100.94,0.021732,0.98971,0.0049016
37.87,-100.94,0,1,0
41.25,-100.94,0.27274,0.93623,0.020714
44.82,-100.94,0.59985,0.67815,0.00888
48.63,-100.94,0.81312,0.22248,0.0096924
52.75,-100.94,0.91065,0.043589,0.006999
57.32,-100.94,0.92663,0.018314,0.0072779
62.55,-100.94,0.94034,0.010315,0.009927
19.94,-98.43,0.85004,0.17162,0.0050772
22.74,-98.43,0.74701,0.30778,0.0029696
25.59,-98.43,0.5507,0.50567,0.0012747
28.52,-98.43,0.31854,0.70457,0.0022177
31.53,-98.43,0.12011,0.89619,0.0064436
34.64,-98.43,0,1,0
37.87,-98.43,0.066215,0.98017,0.0097799
41.25,-98.43,0,1,0
44.82,-98.43,0.47603,0.7137,0.0094373
48.63,-98.43,1,0,0
52.75,-98.43,0.94025,0.0283,0.0061494
57.32,-98.43,0.95842,0.010408,0.0068512
62.55,-98.43,0.94903,0.0094008,0.0083717
17.19,-95.92,0.92893,0.067994,0.0054917
19.94,-95.92,0.89104,0.14593,0.013664
22.74,-95.92,0.80676,0.17292,0.0033159
25.59,-95.92,0.66231,0.319,0.0025591
28.52,-95.92,0.46588,0.52599,0.0048408
31.53,-95.92,0,1,0
34.64,-95.92,0,1,0
37.87,-95.92,0,1,0
41.25,-95.92,1,1,0
44.82,-95.92,0,1,0
48.63,-95.92,0.82894,0.14604,0.010403
52.75,-95.92,0.95349,0.020048,0.0074791
57.32,-95.92,0.97572,0.0059392,0.0085421
62.55,-95.92,0.96985,0.00601,0.0073548
69.02,-95.92,0.99171,0.0016835,0.016592
17.19,-93.41,1,0,0
19.94,-93.41,1,0,0
31.53,-93.41,0.35207,0.64809,0.011758
34.64,-93.41,0.142,0.86852,0.0053607
37.87,-93.41,0,1,0
41.25,-93.41,0,1,0
44.82,-93.41,0.47547,0.63697,0.0051383
48.63,-93.41,0.8383,0.13411,0.0066109
52.75,-93.41,0.96335,0.015461,0.0077044
57.32,-93.41,0.98674,0.0033404,0.011172
62.55,-93.41,0.98058,0.0041567,0.00743
17.19,-90.9,0.92308,0.061058,0.0047462
31.53,-90.9,0.45763,0.55373,0.008385
34.64,-90.9,0.31966,0.71206,0.0054874
37.87,-90.9,0.25912,0.82469,0.0038585
41.25,-90.9,0.37626,0.80494,0.0029106
44.82,-90.9,0.48058,0.61643,0.0030464
48.63,-90.9,0.86032,0.11809,0.0040749
52.75,-90.9,0.96958,0.013765,0.0065066
57.32,-90.9,0.99195,0.0019759,0.01682
62.55,-90.9,0.98345,0.0035047,0.0081638
14.48,-88.39,0.94454,0.067545,0.0031544
17.19,-88.39,0.91438,0.075349,0.0023964
34.64,-88.39,0.50002,0.54276,0.0060352
37.87,-88.39,0.37528,0.73057,0.0023277
41.25,-88.39,0.42005,0.7455,0.0014761
44.82,-88.39,0.48654,0.60081,0.0018615
48.63,-88.39,0.86988,0.11253,0.0026757
52.75,-88.39,0.97625,0.010846,0.0069422
57.32,-88.39,0.99078,0.0025341,0.012019
62.55,-88.39,0.98406,0.0037848,0.0061658
69.02,-88.39,0.99349,0.0018803,0.0083727
14.48,-85.88,0.92983,0.065521,0.0023093
31.53,-85.88,0.66817,0.37228,0.0089433
34.64,-85.88,0.58354,0.4755,0.003821
37.87,-85.88,0.44521,0.6609,0.0015127
41.25,-85.88,0.44076,0.69943,0.00099805
44.82,-85.88,0.52643,0.55855,0.0011899
48.63,-85.88,0.86814,0.11819,0.0017892
52.75,-85.88,0.97663,0.011112,0.0058759
57.32,-85.88,0.98657,0.004279,0.0064055
62.55,-85.88,0.98104,0.0052473,0.0037251
69.02,-85.88,0.99116,0.0026661,0.0051255
9.16,-83.37,0.91116,0.092724,0.0026485
11.81,-83.37,1,0,0
14.48,-83.37,1,0,0
31.53,-83.37,1,0,0
34.64,-83.37,0.58089,0.5006,0.0018985
37.87,-83.37,0.46268,0.64401,0.00097673
41.25,-83.37,0.43693,0.68048,0.00081333
44.82,-83.37,0.63763,0.41128,0.0010346
48.63,-83.37,0.85436,0.12803,0.0013064
52.75,-83.37,0.96852,0.015575,0.0037361
57.32,-83.37,0.98198,0.0063751,0.0038857
62.55,-83.37,0.97684,0.0070429,0.0025882
69.02,-83.37,0.99278,0.0024197,0.0048379
31.53,-80.86,0.75695,0.29562,0.0066332
34.64,-80.86,0.62798,0.49446,0.0013023
37.87,-80.86,0.50232,0.60991,0.00079726
41.25,-80.86,0.59064,0.52058,0.00080065
44.82,-80.86,0.76152,0.2778,0.0009669
48.63,-80.86,0.87434,0.1101,0.0011242
52.75,-80.86,0.9739,0.013021,0.0039149
57.32,-80.86,0.98529,0.0055179,0.0039865
62.55,-80.86,0.98622,0.0044431,0.0031634
69.02,-80.86,0.99303,0.002509,0.0041085
-6.53,-78.35,0.8096,0.17607,0.0075558
19.94,-78.35,1,0,0
34.64,-78.35,0.74317,0.34179,0.0018759
37.87,-78.35,0.6948,0.39979,0.0012559
41.25,-78.35,0.71464,0.36207,0.0011308
44.82,-78.35,0.84611,0.17271,0.0013531
48.63,-78.35,0.87668,0.10516,0.00099629
52.75,-78.35,0.9815,0.0099311,0.0044653
57.32,-78.35,0.99051,0.0037013,0.0055943
62.55,-78.35,0.99093,0.0031239,0.0039666
69.02,-78.35,0.99185,0.003129,0.0029385
-9.16,-75.84,0.7475,0.24973,0.0014618
-6.53,-75.84,1,0,0
-3.91,-75.84,0.82154,0.18181,0.005264
-1.3,-75.84,0.86144,0.14539,0.0029246
14.48,-75.84,1,0,0
34.64,-75.84,0.83276,0.22204,0.0028844
37.87,-75.84,0.85323,0.23343,0.0034751
41.25,-75.84,0.81742,0.2413,0.0018879
44.82,-75.84,0.91158,0.10046,0.0023566
48.63,-75.84,0.90156,0.084776,0.0009828
52.75,-75.84,0.9793,0.011801,0.0032262
57.32,-75.84,0.98911,0.0046212,0.0039948
62.55,-75.84,0.99116,0.0032866,0.0034078
69.02,-75.84,0.99109,0.0035901,0.0023312
-14.48,-73.33,0.50366,0.51599,0.0020425
-11.81,-73.33,0.59485,0.42698,0.00078623
-9.16,-73.33,0.64581,0.36185,0.00069014
-6.53,-73.33,0.6384,0.35735,0.0026481
-3.91,-73.33,0,1,0
-1.3,-73.33,0.78616,0.22292,0.0016832
1.3,-73.33,0.79191,0.24747,0.0025447
3.91,-73.33,0.79607,0.31739,0.0015396
17.19,-73.33,1,0,0
19.94,-73.33,0,1,0
37.87,-73.33,0.8969,0.13435,0.0058696
41.25,-73.33,0.88722,0.15565,0.0040751
44.82,-73.33,0.94822,0.055998,0.0046991
48.63,-73.33,0.92047,0.068199,0.0010464
52.75,-73.33,0.96636,0.020114,0.0015668
57.32,-73.33,0.98118,0.0088087,0.0017903
62.55,-73.33,0.98689,0.0052841,0.0019253
69.02,-73.33,0.98947,0.0045402,0.0017274
-52.75,-70.82,0.66149,0.023577,0.22323
-48.63,-70.82,0,0,1
-44.82,-70.82,1,0,0
-17.19,-70.82,0.2641,0.75391,0.004138
-14.48,-70.82,0.3271,0.69036,0.00064676
-11.81,-70.82,0.41589,0.58269,0.00028544
-9.16,-70.82,0.50193,0.49617,0.00050868
-6.53,-70.82,0.52777,0.47468,0.0014716
-3.91,-70.82,0.58889,0.40746,0.0035426
-1.3,-70.82,0.69558,0.32645,0.0011881
1.3,-70.82,1,0,0
3.91,-70.82,0.72022,0.44362,0.0012043
6.53,-70.82,0.80915,0.40364,0.0020557
9.16,-70.82,0.91961,0.28025,0.0023634
41.25,-70.82,0.92657,0.099716,0.0089191
44.82,-70.82,0.95817,0.043259,0.0059897
48.63,-70.82,0.93986,0.053386,0.0011961
52.75,-70.82,0.94403,0.037544,0.00074907
57.32,-70.82,0.96347,0.017878,0.00096236
62.55,-70.82,0.97738,0.0095933,0.0011432
69.02,-70.82,0.98851,0.0052513,0.001415
-69.02,-68.31,0.22505,0.027701,0.76475
-57.32,-68.31,1,0,0
-52.75,-68.31,0.59742,0.032484,0.19359
-48.63,-68.31,0.45417,0.070458,0.29406
-44.82,-68.31,0.49693,0.10781,0.18115
-41.25,-68.31,0.53625,0.18587,0.036088
-37.87,-68.31,0.59829,0.24834,0.012103
-34.64,-68.31,0.66542,0.24378,0.009144
-31.53,-68.31,0.61989,0.33545,0.011069
-19.94,-68.31,0,1,0
-17.19,-68.31,0,1,0
-14.48,-68.31,0.2143,0.78444,0.00030113
-11.81,-68.31,0.30069,0.69963,0.00027298
-9.16,-68.31,0.47139,0.53186,0.00047954
-6.53,-68.31,0.69564,0.30093,0.001115
-3.91,-68.31,1,0,0
-1.3,-68.31,0.76181,0.25737,0.00092283
1.3,-68.31,0.67666,0.38873,0.0013515
3.91,-68.31,0.68785,0.47696,0.0012415
6.53,-68.31,0,1,0
17.19,-68.31,1,1,0
37.87,-68.31,1,0,0
41.25,-68.31,0.91882,0.094012,0.010395
44.82,-68.31,0.95662,0.042536,0.0054073
48.63,-68.31,0.9573,0.038158,0.0015821
52.75,-68.31,0.90935,0.068163,0.00051448
57.32,-68.31,0.9461,0.029426,0.00067163
62.55,-68.31,0.96886,0.014535,0.00084245
69.02,-68.31,0.98936,0.0052126,0.0013162
-57.32,-65.8,1,0,0
-48.63,-65.8,0.51636,0.054124,0.24576
-44.82,-65.8,0.39563,0.17093,0.11458
-41.25,-65.8,0.41879,0.29759,0.024472
-37.87,-65.8,0.49231,0.3934,0.0095185
-34.64,-65.8,0.52697,0.40454,0.0054755
-31.53,-65.8,0.48972,0.49711,0.0081094
-28.52,-65.8,1,0,0
-25.59,-65.8,0,1,0
-22.74,-65.8,0.16064,0.84519,0.0027328
-19.94,-65.8,0.12906,0.88211,0.0032375
-17.19,-65.8,0.14277,0.87754,0.0011718
-14.48,-65.8,0.17041,0.82359,0.00025172
-11.81,-65.8,0.33079,0.66791,0.00024828
-9.16,-65.8,0.66182,0.3295,0.00037833
-6.53,-65.8,1,0,0
-3.91,-65.8,0.90501,0.087273,0.0016036
-1.3,-65.8,0.90287,0.099631,0.00099071
1.3,-65.8,0.84746,0.19601,0.0013851
3.91,-65.8,0.85172,0.27098,0.0022779
6.53,-65.8,0.79691,0.45336,0.0034953
9.16,-65.8,0.88442,0.32855,0.0013268
14.48,-65.8,1,0,0
41.25,-65.8,1,0,0
44.82,-65.8,0.95034,0.056444,0.0041302
48.63,-65.8,0.97352,0.024905,0.0026249
52.75,-65.8,0.92954,0.058307,0.00050656
57.32,-65.8,0.96614,0.018821,0.00072479
62.55,-65.8,0.9813,0.0091386,0.0009674
69.02,-65.8,0.99423,0.0040952,0.0025933
-57.32,-63.29,0.68056,0.021832,0.22506
-44.82,-63.29,0.51223,0.10644,0.094871
-41.25,-63.29,0.53026,0.23144,0.022848
-37.87,-63.29,0.48786,0.43147,0.0085184
-34.64,-63.29,0.44172,0.52603,0.0043154
-31.53,-63.29,0,1,0
-28.52,-63.29,0,1,0
-25.59,-63.29,0,1,0
-22.74,-63.29,0.089171,0.91809,0.0014898
-19.94,-63.29,0,1,0
-17.19,-63.29,0.083778,0.91586,0.00037912
-14.48,-63.29,0.1341,0.8669,0.00026171
-11.81,-63.29,0.46562,0.52927,0.00018711
-9.16,-63.29,0.82242,0.16749,0.00045583
-6.53,-63.29,1,0,0
-3.91,-63.29,0.96942,0.027254,0.0020673
-1.3,-63.29,0.94963,0.060023,0.0010836
1.3,-63.29,0.91982,0.1278,0.0015003
3.91,-63.29,0.88648,0.32773,0.0045912
6.53,-63.29,1,1,0
14.48,-63.29,1,0,0
44.82,-63.29,0.94413,0.057438,0.0029179
48.63,-63.29,0.97776,0.020639,0.0028509
52.75,-63.29,0.95084,0.042379,0.00055414
57.32,-63.29,0.97962,0.01203,0.00093147
62.55,-63.29,0.98976,0.0057049,0.0013795
69.02,-63.29,0.99458,0.0035347,0.0020072
-69.02,-60.78,0,0,1
-62.55,-60.78,0,0,1
-41.25,-60.78,0.59509,0.21368,0.023223
-37.87,-60.78,0.55975,0.39858,0.0097072
-34.64,-60.78,0.59145,0.36884,0.0047734
-31.53,-60.78,0.5044,0.45895,0.0043681
-28.52,-60.78,0.24654,0.70746,0.0028164
-25.59,-60.78,0.089813,0.89373,0.0018465
-22.74,-60.78,0.049753,0.95297,0.0010902
-19.94,-60.78,0,1,0
-17.19,-60.78,0.059225,0.94179,0.00035909
-14.48,-60.78,0.1765,0.8217,0.00020598
-11.81,-60.78,0.57015,0.41975,0.00017115
-9.16,-60.78,0.89279,0.098567,0.0007188
-1.3,-60.78,0.96004,0.041714,0.00089124
1.3,-60.78,0.87784,0.18973,0.0010016
3.91,-60.78,0.83995,0.35118,0.0011766
6.53,-60.78,0.84986,0.4033,0.002759
48.63,-60.78,0.97694,0.020445,0.0022971
52.75,-60.78,0.96751,0.027309,0.00067201
57.32,-60.78,0.98646,0.0084044,0.0012884
62.55,-60.78,0.9944,0.0039307,0.0027513
69.02,-60.78,0.99539,0.0027157,0.0020863
-37.87,-58.27,1,0,0
-34.64,-58.27,0.7082,0.24961,0.0061163
-31.53,-58.27,0.62948,0.30975,0.0043812
-28.52,-58.27,0.40023,0.53522,0.0021176
-25.59,-58.27,0.17896,0.7862,0.0011743
-22.74,-58.27,0.068649,0.91989,0.00084177
-19.94,-58.27,0.036458,0.96205,0.0014123
-17.19,-58.27,0.046998,0.95654,0.00050904
-14.48,-58.27,0.22456,0.78598,0.00015911
-11.81,-58.27,0.61914,0.37548,0.00016609
-9.16,-58.27,0.90854,0.083417,0.00080581
-1.3,-58.27,0.95368,0.048338,0.00088087
1.3,-58.27,0.91104,0.11924,0.0023186
3.91,-58.27,0.91119,0.23058,0.0016628
52.75,-58.27,0.97905,0.017159,0.00099347
57.32,-58.27,0.99136,0.0055062,0.002064
-41.25,-55.76,0,1,0
-28.52,-55.76,0.56671,0.36104,0.0024068
-25.59,-55.76,0.29372,0.65175,0.0009611
-22.74,-55.76,0.12632,0.84973,0.00072494
-19.94,-55.76,0.066297,0.93306,0.00085541
-17.19,-55.76,0.064909,0.94191,0.00046616
-14.48,-55.76,0.25472,0.76017,0.0001585
-11.81,-55.76,0.62567,0.37523,0.00016661
-9.16,-55.76,0.89789,0.097139,0.00061554
-6.53,-55.76,0.97082,0.027153,0.0018733
-3.91,-55.76,0.98319,0.015913,0.0011114
-1.3,-55.76,0.95677,0.047074,0.0014299
1.3,-55.76,1,0,0
6.53,-55.76,1,0,0
52.75,-55.76,0.98633,0.010694,0.0016445
-41.25,-53.25,1,0,0
-34.64,-53.25,0.6985,0.26886,0.0033616
-31.53,-53.25,0.62714,0.32506,0.0019001
-28.52,-53.25,0.53285,0.40338,0.0012857
-25.59,-53.25,0.36293,0.58541,0.0008069
-22.74,-53.25,0.18776,0.79374,0.00072304
-19.94,-53.25,0.09557,0.89771,0.00077262
-17.19,-53.25,0.076221,0.93346,0.00053692
-14.48,-53.25,0.24616,0.7702,0.0002014
-11.81,-53.25,0.58144,0.43088,0.00018919
-9.16,-53.25,0.85775,0.14875,0.00037843
-6.53,-53.25,1,0,0
-3.91,-53.25,0.98567,0.013606,0.0014863
-1.3,-53.25,1,0,0
1.3,-53.25,0.94366,0.08289,0.0022485
48.63,-53.25,0.97785,0.022263,0.0013264
-31.53,-50.74,0.67012,0.27681,0.0017388
-28.52,-50.74,0.49641,0.46929,0.00085184
-25.59,-50.74,0.33464,0.6331,0.00074561
-22.74,-50.74,0.21512,0.77212,0.00094742
-19.94,-50.74,0.14238,0.86386,0.00076128
-17.19,-50.74,0.11316,0.90415,0.00046392
-14.48,-50.74,0.24055,0.77397,0.00028717
-11.81,-50.74,0.55774,0.45726,0.00024724
-9.16,-50.74,0.8513,0.15682,0.00047471
-6.53,-50.74,0.96398,0.036049,0.001697
-3.91,-50.74,0.98641,0.013252,0.0016108
-1.3,-50.74,0.97339,0.029309,0.001721
1.3,-50.74,0.96574,0.051574,0.001449
-31.53,-48.23,0.71068,0.2331,0.0017084
-28.52,-48.23,0.58499,0.42503,0.0015629
-25.59,-48.23,0.51534,0.46668,0.0012174
-22.74,-48.23,0.37647,0.59543,0.0011885
-19.94,-48.23,0.26265,0.74394,0.00070738
-17.19,-48.23,0.18259,0.83044,0.00040459
-14.48,-48.23,0.31116,0.69699,0.00027041
-11.81,-48.23,0.64685,0.36217,0.0002391
-9.16,-48.23,0.88819,0.12078,0.0010401
-6.53,-48.23,0.97073,0.030878,0.0024911
69.02,-48.23,0.99513,0.0034791,0.0014687
-25.59,-45.72,0.69582,0.28874,0.0025732
-22.74,-45.72,0.55604,0.42448,0.0022168
-19.94,-45.72,0.39806,0.6124,0.00082984
-17.19,-45.72,0.28862,0.75064,0.00034558
-14.48,-45.72,0.3607,0.66224,0.00022546
-11.81,-45.72,0.6694,0.34298,0.00023628
-9.16,-45.72,1,0,0
-6.53,-45.72,1,0,0
-3.91,-45.72,0.98643,0.014279,0.001288
62.55,-45.72,0.99218,0.0064542,0.0012956
69.02,-45.72,0.99531,0.0037087,0.0014864
-22.74,-43.21,0.69535,0.30123,0.0054477
-19.94,-43.21,0.53027,0.48663,0.0010924
-17.19,-43.21,0.43185,0.59022,0.00030942
-14.48,-43.21,0.5193,0.52066,0.00016906
-11.81,-43.21,0.69018,0.35529,0.00018651
-9.16,-43.21,0.87666,0.13254,0.00072229
-6.53,-43.21,0.96753,0.033614,0.0017837
62.55,-43.21,0.9891,0.012471,0.0020543
69.02,-43.21,0.99476,0.0051356,0.0017233
-22.74,-40.7,1,0,0
-19.94,-40.7,0.67822,0.33917,0.0015276
-17.19,-40.7,0.62445,0.38241,0.00032756
-14.48,-40.7,0.69492,0.31392,0.00016651
-11.81,-40.7,0.73255,0.29092,0.000161
-9.16,-40.7,0.87847,0.13262,0.00031583
-6.53,-40.7,0.9629,0.039081,0.00079098
62.55,-40.7,0.98888,0.016411,0.0065103
69.02,-40.7,0.99283,0.0097603,0.004991
-22.74,-38.19,0.81423,0.14867,0.0094007
-19.94,-38.19,0.80135,0.18233,0.0019252
-17.19,-38.19,0.79841,0.20035,0.00048898
-14.48,-38.19,0.85023,0.1566,0.0002814
-11.81,-38.19,0.84912,0.17759,0.00020247
-9.16,-38.19,0.89542,0.12444,0.00020041
-6.53,-38.19,0.96303,0.044968,0.00029868
62.55,-38.19,0.99222,0.010346,0.0040889
69.02,-38.19,0.98908,0.016307,0.0061816
-11.81,-35.68,0.91529,0.088492,0.00025627
-9.16,-35.68,0.9302,0.085659,0.00020282
69.02,-35.68,0.98368,0.026412,0.0074041
-9.16,-33.17,0.95534,0.04749,0.000246
69.02,-33.17,0.98504,0.025668,0.0095461
69.02,-30.66,0.98889,0.01968,0.01169
69.02,-28.15,0.99198,0.013764,0.0095776
69.02,-25.64,0.99356,0.0082658,0.0021881
69.02,-23.13,0.99352,0.0087778,0.0025186
69.02,-20.62,0.99318,0.0074796,0.0012871
19.94,-18.11,0.9525,0.09306,6.8674e-05
9.16,-15.6,0.97779,0.036944,0.00072439
11.81,-15.6,1,0,0
14.48,-15.6,0.96116,0.057423,0.00041453
17.19,-15.6,0.95441,0.07549,0.00010032
19.94,-15.6,0.91039,0.16256,3.3522e-05
22.74,-15.6,0.93233,0.13174,6.7439e-05
6.53,-13.09,0.97999,0.036485,0.0010159
9.16,-13.09,0.96154,0.070067,0.00072063
11.81,-13.09,0.94604,0.074914,0.0013098
14.48,-13.09,0.94378,0.083043,0.00024506
17.19,-13.09,0.91351,0.14671,5.1439e-05
19.94,-13.09,0.84001,0.26572,3.5385e-05
22.74,-13.09,0.84347,0.27042,3.3248e-05
25.59,-13.09,0.89868,0.19161,0.00017634
3.91,-10.58,0.98319,0.027604,0.00066662
6.53,-10.58,0.9592,0.075757,0.0015771
9.16,-10.58,0.92289,0.12622,0.00079452
11.81,-10.58,0.91476,0.12672,0.00056812
14.48,-10.58,0.89149,0.15607,0.00017375
17.19,-10.58,0.8173,0.27627,7.5952e-05
19.94,-10.58,0.71312,0.41836,8.1272e-05
22.74,-10.58,0.77979,0.35365,3.7082e-05
25.59,-10.58,0.85527,0.27578,0.00014915
28.52,-10.58,0.8702,0.28847,0.0016165
37.87,-10.58,0.73651,0.43519,0.00068575
41.25,-10.58,0.80124,0.34461,0.00050387
52.75,-10.58,0.97892,0.041619,0.00091516
3.91,-8.07,0.98394,0.024631,0.0007928
6.53,-8.07,1,0,0
9.16,-8.07,0.88612,0.17563,0.00088381
11.81,-8.07,0.84101,0.22534,0.00048551
14.48,-8.07,0.80323,0.27839,0.00019107
17.19,-8.07,0.69647,0.41552,0.0001654
19.94,-8.07,0.58449,0.55064,0.00017054
22.74,-8.07,0.66912,0.47692,6.2162e-05
25.59,-8.07,0.70396,0.47083,9.7954e-05
28.52,-8.07,0,1,0
31.53,-8.07,1,0,0
37.87,-8.07,1,0,0
41.25,-8.07,0.78256,0.42127,0.0027079
57.32,-8.07,1,0,0
3.91,-5.56,0.98498,0.021611,0.00079861
6.53,-5.56,0.94986,0.076336,0.0014138
9.16,-5.56,0.88602,0.16934,0.00066322
11.81,-5.56,0.72551,0.36658,0.00072484
14.48,-5.56,0.6625,0.43744,0.00041757
17.19,-5.56,0.54113,0.57381,0.00039187
19.94,-5.56,0.46633,0.65866,0.00031017
22.74,-5.56,0.5062,0.63511,0.0001428
25.59,-5.56,0.50515,0.66661,0.00013921
28.52,-5.56,1,1,0
31.53,-5.56,1,0,0
34.64,-5.56,0,1,0
37.87,-5.56,0,1,0
41.25,-5.56,0.66411,0.46937,0.00053487
52.75,-5.56,0.98448,0.03823,0.0011987
3.91,-3.05,0.98525,0.019959,0.00072619
6.53,-3.05,0.95852,0.057203,0.00076265
9.16,-3.05,0.89805,0.14701,0.00039483
11.81,-3.05,0.74685,0.34051,0.00037059
14.48,-3.05,0.52849,0.57729,0.00068652
17.19,-3.05,0.39133,0.71913,0.00064089
19.94,-3.05,0.34025,0.76639,0.00054908
22.74,-3.05,0.34191,0.77254,0.00034146
25.59,-3.05,0.38457,0.75312,0.0002041
28.52,-3.05,1,0,0
31.53,-3.05,0.81277,0.33718,0.00079307
34.64,-3.05,1,1,0
37.87,-3.05,1,1,0
41.25,-3.05,1,0,0
44.82,-3.05,0.90801,0.24541,0.00043954
3.91,-0.54,0.98739,0.015576,0.00082055
6.53,-0.54,0.97083,0.040309,0.00047971
9.16,-0.54,0.92069,0.11143,0.00020326
11.81,-0.54,0.77905,0.2901,0.0002023
14.48,-0.54,0.55245,0.55094,0.00038222
17.19,-0.54,0.31557,0.7846,0.00073317
19.94,-0.54,0.24668,0.83909,0.00082883
22.74,-0.54,0.2962,0.79988,0.00043608
25.59,-0.54,0.37349,0.74871,0.00016844
28.52,-0.54,0.45964,0.69326,0.00026359
31.53,-0.54,0.67718,0.51559,0.00034272
34.64,-0.54,1,0,0
37.87,-0.54,1,1,0
41.25,-0.54,0,1,0
44.82,-0.54,0.87943,0.39176,0.00044793
48.63,-0.54,0.97724,0.091276,0.0014275
57.32,-0.54,1,0,0
6.53,1.97,0.97261,0.035768,0.00042419
9.16,1.97,0.91809,0.10881,0.0001379
11.81,1.97,0.7729,0.29323,0.00012205
14.48,1.97,0.53259,0.56302,0.00032409
17.19,1.97,0.29241,0.79533,0.00075098
19.94,1.97,0.26492,0.82779,0.00042474
22.74,1.97,0.35458,0.76671,0.00013932
25.59,1.97,0.44964,0.66411,0.00012003
28.52,1.97,0.54522,0.54739,0.00035588
31.53,1.97,1,0,0
34.64,1.97,0.75864,0.5227,0.00065548
37.87,1.97,0,1,0
41.25,1.97,0,1,0
44.82,1.97,0.91091,0.38282,0.00047833
48.63,1.97,1,0,0
3.91,4.48,0.9824,0.01938,0.0012449
6.53,4.48,0.95461,0.053547,0.00041802
9.16,4.48,0.89808,0.14743,0.00010934
11.81,4.48,0.72295,0.35445,8.7765e-05
14.48,4.48,0.48364,0.61846,0.00020726
17.19,4.48,0.25097,0.82563,0.00076519
19.94,4.48,0.267,0.82988,0.00024185
22.74,4.48,0.38223,0.75638,0.00010161
25.59,4.48,0.47184,0.61612,0.00017485
28.52,4.48,0,1,0
34.64,4.48,0.7724,0.47613,0.00028265
37.87,4.48,0,1,0
41.25,4.48,1,0,0
44.82,4.48,0.95622,0.43739,0.0030953
48.63,4.48,1,0,0
57.32,4.48,0.98029,0.036157,0.0019078
1.3,6.99,1,0,0
3.91,6.99,1,0,0
6.53,6.99,0.92385,0.087328,0.00055096
9.16,6.99,0.84725,0.20494,9.6804e-05
11.81,6.99,0.65856,0.43033,6.9486e-05
14.48,6.99,0.40652,0.68928,0.00021968
17.19,6.99,0.22619,0.85551,0.00037948
19.94,6.99,0.27265,0.81584,0.00021936
22.74,6.99,0.40678,0.72155,0.00012193
25.59,6.99,0.5209,0.5543,0.00030943
28.52,6.99,0.61128,0.43277,0.00065803
44.82,6.99,1,1,0
48.63,6.99,1,0,0
52.75,6.99,1,0,0
62.55,6.99,0.98621,0.02398,0.0012112
-19.94,9.5,0.49451,0.44856,0.0034798
-6.53,9.5,0.88782,0.12817,0.00084387
-3.91,9.5,0.91082,0.12001,0.0016709
-1.3,9.5,1,0,0
1.3,9.5,0.95802,0.055716,0.0025037
3.91,9.5,0.96013,0.05637,0.0015101
6.53,9.5,1,0,0
9.16,9.5,0.79796,0.25828,8.0345e-05
11.81,9.5,0.57497,0.50481,0.0001069
14.48,9.5,0.32952,0.75085,0.00030505
17.19,9.5,0.22399,0.84356,0.00039679
19.94,9.5,0.25729,0.81639,0.00025506
22.74,9.5,0.38508,0.71559,0.00019802
25.59,9.5,0.55914,0.49656,0.00075687
28.52,9.5,0.72117,0.33454,0.0011168
31.53,9.5,1,0,0
37.87,9.5,1,0,0
41.25,9.5,0.93661,0.31343,5.4659e-05
44.82,9.5,1,0,0
48.63,9.5,1,1,0
57.32,9.5,0.98404,0.038163,0.00094632
62.55,9.5,0.98103,0.033997,0.00076553
-22.74,12.01,0.4692,0.49163,0.0037326
-19.94,12.01,0.4024,0.5792,0.0044167
-17.19,12.01,0.48017,0.52648,0.002477
-14.48,12.01,0.64897,0.36852,0.0016527
-11.81,12.01,0.74457,0.26669,0.00086034
-9.16,12.01,0.81901,0.22627,0.00090846
-6.53,12.01,0.84534,0.20451,0.0007911
-3.91,12.01,0.8044,0.25774,0.00087167
-1.3,12.01,0.81033,0.23451,0.00187
1.3,12.01,0.88404,0.15285,0.00085888
3.91,12.01,0.90735,0.13552,0.00080193
6.53,12.01,0.82639,0.20705,0.00034507
9.16,12.01,0.70147,0.35768,9.0827e-05
11.81,12.01,0.48359,0.58863,0.00016036
14.48,12.01,0.26255,0.79901,0.00048272
17.19,12.01,0.24334,0.81866,0.0002713
19.94,12.01,0.29507,0.77656,0.00017894
22.74,12.01,0.40123,0.67567,0.00030393
25.59,12.01,1,0,0
28.52,12.01,0,1,0
37.87,12.01,1,0,0
41.25,12.01,1,0,0
44.82,12.01,1,0,0
48.63,12.01,1,0,0
62.55,12.01,0.98204,0.031315,0.00051519
-28.52,14.52,0.53271,0.45381,0.0055343
-25.59,14.52,0.41062,0.58561,0.0030138
-22.74,14.52,0.34057,0.65136,0.0032346
-19.94,14.52,0.25387,0.73668,0.0050517
-17.19,14.52,0.30664,0.7157,0.0018195
-14.48,14.52,0.49716,0.55793,0.0010014
-11.81,14.52,0.63875,0.42803,0.00065921
-9.16,14.52,0.6575,0.43102,0.00037016
-6.53,14.52,0.69073,0.40913,0.00042875
-3.91,14.52,0.67793,0.41494,0.00090459
-1.3,14.52,0.64184,0.43766,0.0019844
1.3,14.52,0.73091,0.34288,0.00094213
3.91,14.52,0.77607,0.3032,0.00055131
6.53,14.52,0.70325,0.35991,0.00027149
9.16,14.52,0.56006,0.50782,0.00019208
11.81,14.52,0.36807,0.69677,0.00032793
14.48,14.52,0.21401,0.83378,0.00063188
17.19,14.52,0.25558,0.8079,0.00013973
19.94,14.52,0.33856,0.75314,7.6654e-05
22.74,14.52,0.44346,0.62379,0.00035445
25.59,14.52,0.63455,0.41989,0.002301
28.52,14.52,0.75163,0.3129,0.0012856
31.53,14.52,1,0,0
34.64,14.52,1,0,0
37.87,14.52,1,0,0
41.25,14.52,1,0,0
44.82,14.52,1,1,0
48.63,14.52,1,0,0
52.75,14.52,0.99022,0.071349,0.0003926
62.55,14.52,0.98741,0.022441,0.00048312
-34.64,17.03,0.86773,0.088329,0.011135
-31.53,17.03,1,0,0
-28.52,17.03,0,1,0
-25.59,17.03,0.23287,0.77551,0.0020314
-22.74,17.03,0.19872,0.80633,0.0023876
-19.94,17.03,0,1,0
-17.19,17.03,0.18708,0.84058,0.0022832
-14.48,17.03,0.33291,0.73027,0.0008152
-11.81,17.03,0.45013,0.6438,0.00048401
-9.16,17.03,0.46241,0.65943,0.00057586
-6.53,17.03,0.48486,0.64643,0.00089418
-3.91,17.03,0.4971,0.63033,0.0016083
-1.3,17.03,0.47047,0.6421,0.0027041
1.3,17.03,0.51722,0.58777,0.0019946
3.91,17.03,0.56044,0.53484,0.0010449
6.53,17.03,0.516,0.56081,0.00069522
9.16,17.03,0.40644,0.66738,0.00061495
11.81,17.03,0.25306,0.80088,0.00087682
14.48,17.03,0.20922,0.83658,0.00038653
17.19,17.03,0.25179,0.80294,0.0001171
19.94,17.03,0.34594,0.74814,6.9118e-05
22.74,17.03,0.43321,0.62592,0.00037679
25.59,17.03,1,0,0
34.64,17.03,1,0,0
37.87,17.03,1,0,0
41.25,17.03,1,1,0
44.82,17.03,1,1,0
48.63,17.03,1,1,0
52.75,17.03,0.9907,0.077103,0.00028036
69.02,17.03,0.9898,0.015047,0.00054173
-37.87,19.54,1,0,0
-34.64,19.54,1,0,0
-31.53,19.54,0.55043,0.41948,0.0051806
-28.52,19.54,0.245,0.7591,0.00389
-25.59,19.54,0.11762,0.89484,0.0023579
-22.74,19.54,0.10073,0.9096,0.002704
-19.94,19.54,0.090693,0.91792,0.0058446
-17.19,19.54,0.10346,0.92167,0.0037255
-14.48,19.54,0.19616,0.86017,0.0017405
-11.81,19.54,0.2798,0.81181,0.0012383
-9.16,19.54,0.30082,0.81269,0.0015912
-6.53,19.54,0.29751,0.82418,0.0023152
-3.91,19.54,0.31232,0.81403,0.0029268
-1.3,19.54,0.30181,0.81104,0.0037639
1.3,19.54,0.30929,0.79303,0.0035597
3.91,19.54,0.3539,0.74866,0.0024833
6.53,19.54,0.33872,0.74907,0.0019629
9.16,19.54,0.25741,0.80247,0.001936
11.81,19.54,0.17339,0.88276,0.0017346
14.48,19.54,0.19361,0.855,0.00026531
17.19,19.54,0.23514,0.82465,7.5043e-05
19.94,19.54,0.27824,0.77767,0.00011564
22.74,19.54,0.36272,0.68415,0.0003758
25.59,19.54,0.5555,0.50751,0.0016669
37.87,19.54,1,0,0
41.25,19.54,1,0,0
44.82,19.54,1,0,0
48.63,19.54,0.97358,0.45479,0.00052921
52.75,19.54,0.9876,0.10128,0.00022088
62.55,19.54,0.98497,0.028572,0.00029188
69.02,19.54,0.98575,0.02025,0.00034527
-34.64,22.05,0.83257,0.12328,0.01011
-31.53,22.05,0.46699,0.50098,0.0042921
-28.52,22.05,0.1525,0.8568,0.0039727
-25.59,22.05,0.063918,0.94705,0.0034223
-22.74,22.05,0.0494,0.96044,0.0040689
-19.94,22.05,0.050535,0.96074,0.0058274
-17.19,22.05,0.060019,0.9605,0.0054335
-14.48,22.05,0.11236,0.93191,0.0036698
-11.81,22.05,0.16428,0.90692,0.0031823
-9.16,22.05,0.18299,0.90593,0.0035688
-6.53,22.05,0.17197,0.92008,0.0043742
-3.91,22.05,0.17219,0.92185,0.0047679
-1.3,22.05,0.16767,0.91853,0.0053022
1.3,22.05,0.16111,0.91293,0.005577
3.91,22.05,0.18905,0.88585,0.004543
6.53,22.05,0.19304,0.87709,0.0040364
9.16,22.05,0.16881,0.87932,0.0034098
11.81,22.05,0.19403,0.87279,0.0013091
14.48,22.05,0.17555,0.87502,0.00027243
17.19,22.05,0.20381,0.84899,8.765e-05
19.94,22.05,0.23311,0.81952,0.00011659
22.74,22.05,0.28055,0.76756,0.00031039
25.59,22.05,0.42852,0.6588,0.00081001
28.52,22.05,0.51109,0.69444,0.00041067
34.64,22.05,1,0,0
37.87,22.05,1,0,0
41.25,22.05,1,1,0
44.82,22.05,1,1,0
48.63,22.05,0.98238,0.33008,0.00064732
52.75,22.05,0.97921,0.15049,0.00019665
57.32,22.05,0.98631,0.045206,0.0001636
62.55,22.05,0.97484,0.045695,0.00017335
69.02,22.05,0.98591,0.019235,0.00031077
-34.64,24.56,0.81094,0.13344,0.0085632
-31.53,24.56,0.5013,0.4609,0.0037296
-28.52,24.56,0.1987,0.80728,0.0027579
-25.59,24.56,0.10605,0.90476,0.0021375
-22.74,24.56,0.07531,0.93729,0.0025563
-19.94,24.56,0.08482,0.93093,0.0032581
-17.19,24.56,0.099306,0.93068,0.0032384
-14.48,24.56,0.11107,0.93503,0.0037876
-11.81,24.56,0.10675,0.94634,0.0056456
-9.16,24.56,0.12135,0.94509,0.0060198
-6.53,24.56,0.11941,0.95389,0.0059495
-3.91,24.56,0.10971,0.96158,0.0060644
-1.3,24.56,0.10343,0.96138,0.0063725
1.3,24.56,0.10552,0.95307,0.0063834
3.91,24.56,0.11028,0.94288,0.0062205
6.53,24.56,0.14754,0.90611,0.0045876
9.16,24.56,0.2006,0.85,0.0025101
11.81,24.56,0.24345,0.81653,0.00067916
14.48,24.56,0.2237,0.83238,0.00015867
17.19,24.56,0.16699,0.87536,0.00012709
19.94,24.56,0.17308,0.86386,0.00015376
22.74,24.56,0.18838,0.85346,0.00028065
25.59,24.56,0.268,0.81059,0.00056238
28.52,24.56,0.48947,0.72584,0.00043514
31.53,24.56,1,1,0
34.64,24.56,1,1,0
37.87,24.56,1,1,0
41.25,24.56,1,0,0
44.82,24.56,1,1,0
48.63,24.56,1,0,0
52.75,24.56,0.9592,0.23336,0.00019597
57.32,24.56,0.98843,0.038999,0.00015409
62.55,24.56,0.97329,0.048433,0.00014437
69.02,24.56,0.9851,0.020486,0.00030211
-34.64,27.07,0.8115,0.10266,0.0067109
-31.53,27.07,0.62299,0.34786,0.0051544
-28.52,27.07,0.30263,0.69219,0.0024013
-25.59,27.07,0.17444,0.83505,0.0018798
-22.74,27.07,0.13091,0.88591,0.0016864
-19.94,27.07,0.15428,0.86877,0.0016583
-17.19,27.07,0.16757,0.87311,0.0016598
-14.48,27.07,0.16963,0.89241,0.0023055
-11.81,27.07,0.16665,0.90968,0.003715
-9.16,27.07,0.20482,0.90227,0.0033483
-6.53,27.07,0.17835,0.9313,0.0034364
-3.91,27.07,0.15527,0.95454,0.0033101
-1.3,27.07,0.1262,0.95855,0.003915
1.3,27.07,0.12324,0.95021,0.004251
3.91,27.07,0.12447,0.93525,0.0046281
6.53,27.07,0.15334,0.89973,0.0040034
9.16,27.07,0.24376,0.81077,0.0018886
11.81,27.07,0.32586,0.73189,0.00036522
14.48,27.07,0.31355,0.73347,0.00013296
17.19,27.07,0.21554,0.81495,0.00014828
19.94,27.07,0.12716,0.89437,0.00021764
22.74,27.07,0.11652,0.90504,0.00035366
25.59,27.07,0.14816,0.90454,0.00063411
28.52,27.07,0.38039,0.80292,0.0003891
34.64,27.07,1,0,0
37.87,27.07,1,1,0
48.63,27.07,0.97219,0.29659,0.00073742
52.75,27.07,0.9367,0.30056,0.00019913
62.55,27.07,0.97753,0.042818,0.00015822
-31.53,29.58,0.66066,0.2373,0.0031243
-28.52,29.58,0.43249,0.53725,0.003094
-25.59,29.58,0.26742,0.72333,0.0025855
-22.74,29.58,0.22255,0.7859,0.0018295
-19.94,29.58,0.26763,0.76371,0.0014484
-17.19,29.58,0.25876,0.78563,0.00099331
-14.48,29.58,0.23256,0.83771,0.0015676
-11.81,29.58,0.28328,0.82497,0.0019043
-9.16,29.58,0.33229,0.81457,0.0017613
-6.53,29.58,0.27634,0.88747,0.0016302
-3.91,29.58,0.20605,0.93888,0.0016635
-1.3,29.58,0.16593,0.94997,0.0019182
1.3,29.58,0.15618,0.94022,0.0024635
3.91,29.58,0.15033,0.92314,0.0032935
6.53,29.58,0.15859,0.89736,0.003676
9.16,29.58,0.28856,0.76428,0.0016163
11.81,29.58,0.42342,0.61719,0.00030381
14.48,29.58,0.44603,0.59384,0.00017308
17.19,29.58,0.33649,0.6991,0.00019581
19.94,29.58,0.16748,0.85421,0.00022258
22.74,29.58,0.12115,0.89694,0.00056463
25.59,29.58,0,1,0
34.64,29.58,1,1,0
37.87,29.58,1,1,0
44.82,29.58,0.98428,0.27196,0.00066811
48.63,29.58,0.97533,0.24356,0.00047061
52.75,29.58,0.93009,0.30581,0.00017713
57.32,29.58,0.98392,0.051912,0.00013239
62.55,29.58,0.9817,0.034349,0.0001896
-25.59,32.09,0.31164,0.65366,0.0039284
-22.74,32.09,0.33429,0.64202,0.002716
-19.94,32.09,0.39726,0.61285,0.0018843
-17.19,32.09,0.35561,0.69375,0.00084864
-14.48,32.09,0.31105,0.76469,0.0010737
-11.81,32.09,0.43713,0.68459,0.0011122
-9.16,32.09,0.50982,0.66544,0.0011685
-6.53,32.09,0.42299,0.80088,0.00088595
-3.91,32.09,0.28251,0.9151,0.0010518
-1.3,32.09,0.22276,0.93321,0.00090486
1.3,32.09,0.21392,0.91869,0.0010652
3.91,32.09,0.1881,0.90347,0.0021445
6.53,32.09,0.18197,0.88178,0.0031266
9.16,32.09,0.32486,0.72744,0.0017267
11.81,32.09,0.52622,0.50145,0.00040139
14.48,32.09,0.58387,0.44259,0.00028685
17.19,32.09,0.49001,0.5437,0.0004451
19.94,32.09,0.25784,0.76596,0.00028264
22.74,32.09,0,1,0
25.59,32.09,0,1,0
28.52,32.09,0.19871,0.89788,0.00036179
31.53,32.09,0,1,0
34.64,32.09,1,0,0
37.87,32.09,1,0,0
41.25,32.09,0.98939,0.20877,6.5005e-05
44.82,32.09,1,0,0
48.63,32.09,0.97383,0.21738,0.00031301
52.75,32.09,0.91006,0.33822,0.00017982
57.32,32.09,0.9671,0.091249,9.3618e-05
62.55,32.09,0.9777,0.040799,0.00017095
-69.02,34.6,0.2971,0.037876,0.4843
-17.19,34.6,0.4313,0.61396,0.00088718
-14.48,34.6,0.47208,0.60412,0.00075237
-11.81,34.6,0.59674,0.51342,0.001186
-9.16,34.6,0.68137,0.46895,0.0017763
-6.53,34.6,0.60048,0.66016,0.0011823
-3.91,34.6,0,1,0
-1.3,34.6,0.30116,0.90761,0.00080432
1.3,34.6,0.28774,0.87767,0.00047575
3.91,34.6,0.23968,0.87721,0.0012454
6.53,34.6,0.26239,0.83636,0.0020179
9.16,34.6,0.38185,0.68743,0.0020076
11.81,34.6,0.58723,0.43612,0.00069209
14.48,34.6,0.66481,0.35254,0.00057446
17.19,34.6,0.63234,0.3879,0.0021179
19.94,34.6,0.31987,0.6787,0.00044295
22.74,34.6,0,1,0
25.59,34.6,0.041087,0.97514,0.00027861
28.52,34.6,0.094871,0.95839,0.00026255
31.53,34.6,0.35172,0.8717,0.0014494
37.87,34.6,1,0,0
48.63,34.6,0.96568,0.22163,0.00020873
52.75,34.6,0.9182,0.28902,0.0001552
57.32,34.6,0.93541,0.15349,9.4323e-05
62.55,34.6,0.97626,0.040172,0.00017291
-25.59,37.11,0,1,0
-17.19,37.11,0.4965,0.53813,0.00094912
-14.48,37.11,0.65452,0.40137,0.0012515
-11.81,37.11,0.72694,0.34921,0.0019632
-9.16,37.11,0.78453,0.30441,0.0040366
-6.53,37.11,0.72401,0.48928,0.0018036
-3.91,37.11,0.5309,0.76225,0.0019593
-1.3,37.11,0,1,0
1.3,37.11,0.39318,0.81543,0.0003556
3.91,37.11,0.2976,0.84612,0.0007425
6.53,37.11,0.33328,0.77584,0.0014228
9.16,37.11,1,0,0
11.81,37.11,1,0,0
14.48,37.11,0.54873,0.45231,0.00059609
17.19,37.11,1,0,0
19.94,37.11,0.27082,0.76056,0.00036232
22.74,37.11,0.14044,0.8724,0.00069465
25.59,37.11,0.029574,0.98097,0.00015175
28.52,37.11,0.038335,0.982,0.00028603
31.53,37.11,0.15444,0.93375,0.00091354
34.64,37.11,0.67591,0.58137,0.00015173
37.87,37.11,1,0,0
41.25,37.11,1,0,0
44.82,37.11,0.96737,0.19007,0.00028076
48.63,37.11,0.97722,0.13471,0.00017637
52.75,37.11,0.94411,0.18806,0.00015217
57.32,37.11,0.90745,0.19563,0.00010705
62.55,37.11,0.974,0.0424,0.00020244
-9.16,39.62,1,0,0
-3.91,39.62,1,1,0
1.3,39.62,0.46826,0.75139,0.00047337
3.91,39.62,0.28834,0.84056,0.00075438
6.53,39.62,0.37291,0.72431,0.001242
9.16,39.62,0.54719,0.47118,0.0016536
11.81,39.62,0,1,0
14.48,39.62,0.34167,0.71633,0.00045818
17.19,39.62,0.29107,0.75983,0.00072202
19.94,39.62,0.11985,0.90162,0.00026288
22.74,39.62,0.054918,0.95379,0.00027831
25.59,39.62,0.016085,0.98939,0.00011226
28.52,39.62,0.018198,0.98974,0.00044448
31.53,39.62,0,1,0
34.64,39.62,0.55952,0.60403,0.00028675
37.87,39.62,1,0,0
41.25,39.62,0.95544,0.15399,0.002463
44.82,39.62,0.95378,0.19878,0.00017106
48.63,39.62,0.9755,0.11283,0.00017059
52.75,39.62,0.96144,0.12015,0.00024938
57.32,39.62,0.88944,0.21324,0.00012245
62.55,39.62,0.96571,0.054113,0.0001963
-69.02,42.13,0.29729,0.032914,0.52687
1.3,42.13,0.45797,0.74072,0.00041022
3.91,42.13,0.2844,0.83417,0.00076616
6.53,42.13,0.3528,0.73339,0.0013991
11.81,42.13,0.49308,0.53272,0.001279
14.48,42.13,0.21447,0.82112,0.00035788
17.19,42.13,0.095951,0.92967,0.00034989
19.94,42.13,0.042967,0.96805,0.00026927
22.74,42.13,0.022038,0.98331,0.00024504
25.59,42.13,0.012675,0.99119,0.00010267
28.52,42.13,0,1,0
31.53,42.13,0,1,0
37.87,42.13,0.81272,0.2538,0.00041213
41.25,42.13,1,0,0
52.75,42.13,0.96631,0.091061,0.00053705
57.32,42.13,0.86306,0.23794,0.00014472
62.55,42.13,0.93832,0.093699,0.00013028
-69.02,44.64,0.29157,0.041377,0.53012
-25.59,44.64,0.41305,0.57967,0.0047172
-22.74,44.64,0.39699,0.62455,0.0024439
-19.94,44.64,0.4907,0.56756,0.0015855
1.3,44.64,0.53855,0.643,0.00054039
3.91,44.64,0.36153,0.75131,0.00063047
6.53,44.64,0.24723,0.81699,0.0020459
9.16,44.64,0.35847,0.63474,0.0020476
11.81,44.64,0.37628,0.65234,0.001151
14.48,44.64,0.16778,0.85905,0.0003337
17.19,44.64,0.056452,0.95899,0.0002935
19.94,44.64,0.018298,0.9876,0.00037199
22.74,44.64,0.02077,0.98384,0.00043037
25.59,44.64,0.020587,0.98285,0.00011886
28.52,44.64,0.055747,0.95157,0.00029063
31.53,44.64,0.15144,0.85247,0.00097041
34.64,44.64,0.41321,0.7074,0.0017077
37.87,44.64,0.6605,0.41734,0.00027418
41.25,44.64,0.89193,0.16494,0.00099041
57.32,44.64,0.8499,0.23981,0.0001746
62.55,44.64,0.89468,0.15091,0.00010024
-69.02,47.15,0.272,0.048448,0.53343
-19.94,47.15,0.61553,0.43413,0.0021893
-17.19,47.15,0.63557,0.42209,0.00092704
-14.48,47.15,0.71164,0.318,0.0008177
6.53,47.15,0.32672,0.73002,0.0023088
9.16,47.15,0,1,0
11.81,47.15,0.27656,0.71381,0.0012021
14.48,47.15,0.14312,0.87918,0.0004374
17.19,47.15,0.062278,0.95008,0.00040041
19.94,47.15,0.022434,0.98293,0.00063922
22.74,47.15,0,1,0
25.59,47.15,0.040394,0.96261,0.00019173
28.52,47.15,0.089075,0.91425,0.00026455
34.64,47.15,0,1,0
37.87,47.15,0.58363,0.4199,0.00030724
52.75,47.15,0.94234,0.091399,0.001585
57.32,47.15,0.81962,0.26605,0.00020857
62.55,47.15,0.87727,0.16847,0.00011369
-69.02,49.66,0.23825,0.049275,0.54196
6.53,49.66,0,1,0
14.48,49.66,0.16801,0.84767,0.00097369
17.19,49.66,0.062989,0.949,0.00079352
19.94,49.66,0.032196,0.97479,0.0010401
22.74,49.66,0.055611,0.94748,0.00090901
25.59,49.66,0.07962,0.92159,0.00043031
31.53,49.66,0.18369,0.83817,0.00099216
34.64,49.66,0,1,0
52.75,49.66,1,0,0
57.32,49.66,0.75856,0.32842,0.0002297
62.55,49.66,0.86739,0.1759,0.00014478
-69.02,52.17,0.2322,0.054822,0.55368
11.81,52.17,0,1,0
14.48,52.17,0.13429,0.87764,0.0015025
17.19,52.17,0,1,0
19.94,52.17,0,1,0
22.74,52.17,0.075556,0.92816,0.0011393
31.53,52.17,0.14032,0.87088,0.00051356
34.64,52.17,0,1,0
37.87,52.17,0.4793,0.48111,0.00039666
41.25,52.17,0.65998,0.35334,0.0003919
44.82,52.17,0.73573,0.33023,0.00022595
48.63,52.17,0.81211,0.26467,0.00048295
52.75,52.17,1,0,0
57.32,52.17,0.67969,0.41143,0.00024036
62.55,52.17,0.88799,0.14264,0.00027902
69.02,52.17,0.94929,0.054783,0.00050086
-69.02,54.68,0.21851,0.060925,0.56473
14.48,54.68,0,1,0
17.19,54.68,0.1198,0.89493,0.0016626
19.94,54.68,0.064275,0.94629,0.001405
22.74,54.68,0.10273,0.90145,0.0015882
28.52,54.68,0.18621,0.83413,0.0013042
31.53,54.68,0.11403,0.8889,0.00025817
34.64,54.68,0.15178,0.85428,0.00079719
37.87,54.68,0.38583,0.65221,0.00074708
41.25,54.68,0.5595,0.41929,0.00044571
44.82,54.68,0.68409,0.35232,0.00037914
48.63,54.68,0.68155,0.39045,0.0008514
52.75,54.68,0.74796,0.30084,0.0009466
57.32,54.68,0.70126,0.3791,0.00029149
62.55,54.68,0.90898,0.12325,0.00085409
-69.02,57.19,0.21859,0.058261,0.58887
19.94,57.19,0.10861,0.90336,0.0013978
25.59,57.19,0,1,0
28.52,57.19,0.16444,0.84971,0.0010145
31.53,57.19,0.11447,0.88234,0.00017175
34.64,57.19,0.11443,0.88849,0.00024994
37.87,57.19,0.21379,0.74391,0.00018446
41.25,57.19,0.39333,0.57584,0.00043192
48.63,57.19,1,0,0
52.75,57.19,0.60713,0.4464,0.00060272
57.32,57.19,0.70918,0.34752,0.00037167
62.55,57.19,0.88478,0.13374,0.00074652
69.02,57.19,0.92731,0.076912,0.00058375
-69.02,59.7,0.21242,0.051329,0.62055
-17.19,59.7,0.78332,0.19949,0.0003412
28.52,59.7,0.15295,0.86018,0.00085963
31.53,59.7,0.12529,0.84696,0.00015652
34.64,59.7,0.097111,0.91776,0.00018533
37.87,59.7,0.1304,0.83679,0.00022128
41.25,59.7,0.25865,0.70948,0.00054476
44.82,59.7,0.42241,0.56696,0.00045653
48.63,59.7,0,1,0
52.75,59.7,0.52398,0.51736,0.00056558
57.32,59.7,0.72143,0.31401,0.00053645
62.55,59.7,0.85375,0.16523,0.00081773
69.02,59.7,0.91613,0.085244,0.00065851
-69.02,62.21,0.19671,0.047462,0.65287
22.74,62.21,0.10519,0.90303,0.0015439
25.59,62.21,0.12894,0.87244,0.0019279
28.52,62.21,0.14042,0.83475,0.0003741
31.53,62.21,1,0,0
34.64,62.21,0.12141,0.92687,0.00093256
37.87,62.21,0.080594,0.89359,0.00036191
41.25,62.21,0.17161,0.80385,0.00080027
44.82,62.21,0.25263,0.73444,0.00041623
48.63,62.21,0.42188,0.58716,0.001297
52.75,62.21,0.41185,0.62361,0.00056404
57.32,62.21,0.72255,0.29705,0.00082471
-69.02,64.72,0.18403,0.042191,0.69556
22.74,64.72,0,1,0
25.59,64.72,0.11509,0.89304,0.0016746
28.52,64.72,0.11824,0.86273,0.00029639
31.53,64.72,0.1424,0.7899,0.0002792
34.64,64.72,0.17091,0.90029,0.0033229
37.87,64.72,0.061628,0.91958,0.00052128
41.25,64.72,0.10167,0.87995,0.0011955
44.82,64.72,0.14453,0.85311,0.0004385
48.63,64.72,0.27261,0.74039,0.00067468
52.75,64.72,0.29478,0.73947,0.00060896
57.32,64.72,0.68166,0.3341,0.0010457
62.55,64.72,0.78238,0.23536,0.001146
69.02,64.72,0.89925,0.097711,0.0010312
-69.02,67.23,0.16329,0.030851,0.75537
17.19,67.23,0.35391,0.65898,0.00045161
22.74,67.23,0.15251,0.86297,0.0010969
25.59,67.23,0,1,0
28.52,67.23,0.12471,0.85732,0.00034486
31.53,67.23,0.11826,0.81946,0.00033304
34.64,67.23,0,1,0
37.87,67.23,0.096799,0.94706,0.0021939
41.25,67.23,0,1,0
44.82,67.23,0.079628,0.91774,0.00050166
48.63,67.23,0.16096,0.84952,0.00047843
52.75,67.23,0.24902,0.77257,0.00082709
57.32,67.23,0.64556,0.36352,0.001402
62.55,67.23,0.74285,0.27289,0.0014541
11.81,69.74,0.75493,0.25442,0.0015499
14.48,69.74,0.61132,0.40652,0.00079454
19.94,69.74,0.31336,0.74743,0.00071289
22.74,69.74,0.16107,0.85679,0.0005252
25.59,69.74,0,1,0
28.52,69.74,0,1,0
31.53,69.74,0.115,0.82179,0.00065074
34.64,69.74,0.20419,0.91286,0.022724
37.87,69.74,0.13985,0.949,0.023231
41.25,69.74,0.037065,0.96526,0.001486
44.82,69.74,0.050309,0.9484,0.00059022
48.63,69.74,0.099348,0.91469,0.00047408
52.75,69.74,0.21209,0.79603,0.0012719
57.32,69.74,0.60025,0.40107,0.0017123
3.91,72.25,0.90421,0.084572,0.00043817
6.53,72.25,1,0,0
9.16,72.25,0.83821,0.16384,0.00055925
11.81,72.25,1,0,0
14.48,72.25,0.51544,0.51113,0.00048168
17.19,72.25,0.40502,0.62413,0.00033853
19.94,72.25,0.23927,0.79182,0.00021623
22.74,72.25,0.15221,0.86592,0.00025117
25.59,72.25,0.10076,0.91137,0.00041314
28.52,72.25,0.12249,0.85918,0.00066857
31.53,72.25,0,1,0
34.64,72.25,0.14933,0.94433,0.017387
37.87,72.25,0.091399,0.9709,0.017215
41.25,72.25,0.019289,0.98286,0.0012754
44.82,72.25,0.038064,0.96528,0.00078583
48.63,72.25,0.056035,0.95029,0.00040612
52.75,72.25,0.17031,0.82409,0.0021104
57.32,72.25,0.48446,0.5158,0.0012863
62.55,72.25,0.6568,0.35466,0.0026882
-69.02,74.76,0.132,0.033646,0.84321
6.53,74.76,1,0,0
9.16,74.76,0.91692,0.07127,0.00097403
11.81,74.76,0.83799,0.14988,0.0014395
14.48,74.76,0.57198,0.43937,0.0004418
17.19,74.76,0.34043,0.71772,0.00038083
19.94,74.76,0.23519,0.7962,0.0001848
22.74,74.76,0.21216,0.80538,0.00024854
25.59,74.76,0.17807,0.83054,0.00038034
28.52,74.76,0,1,0
31.53,74.76,0.41279,0.78419,0.035036
34.64,74.76,0.19485,0.91999,0.018239
37.87,74.76,0.017335,0.99167,0.0010327
41.25,74.76,0.011608,0.99132,0.0012449
44.82,74.76,0,1,0
48.63,74.76,0.035519,0.96966,0.00043188
52.75,74.76,0,1,0
57.32,74.76,0.4228,0.57354,0.0012005
62.55,74.76,0.63485,0.36933,0.0046667
-69.02,77.27,0,0,1
6.53,77.27,1,0,0
9.16,77.27,1,0,0
11.81,77.27,0.88529,0.097709,0.0011437
14.48,77.27,0.72639,0.29564,0.00077962
17.19,77.27,0.46561,0.5667,0.00039296
19.94,77.27,0.48818,0.52633,0.00028603
22.74,77.27,0.49391,0.50972,0.00086157
25.59,77.27,1,0,0
28.52,77.27,0.33378,0.60516,0.00066663
31.53,77.27,0.54287,0.66331,0.039635
34.64,77.27,0.27486,0.86864,0.021449
37.87,77.27,0.0158,0.98501,0.00089249
41.25,77.27,0.0067332,0.99432,0.0013745
44.82,77.27,0,1,0
48.63,77.27,0.031416,0.97221,0.00042364
52.75,77.27,0.12998,0.86161,0.0020187
57.32,77.27,0.44793,0.53816,0.0015432
62.55,77.27,0.51836,0.48582,0.0048591
-69.02,79.78,0,0,1
14.48,79.78,0.8312,0.16883,0.0008952
17.19,79.78,0.66843,0.34431,0.00062231
19.94,79.78,0.72847,0.2614,0.00060719
22.74,79.78,0,1,0
25.59,79.78,1,0,0
28.52,79.78,0.58446,0.34218,0.00045613
31.53,79.78,0.66264,0.52601,0.045804
34.64,79.78,0.3543,0.80734,0.025149
37.87,79.78,0.023112,0.9763,0.00076177
41.25,79.78,0.0064115,0.99432,0.0014702
44.82,79.78,0.018899,0.9889,0.0017777
48.63,79.78,0.035787,0.9695,0.00044672
52.75,79.78,0.1455,0.84779,0.0012568
57.32,79.78,0.45461,0.51837,0.0015087
62.55,79.78,0.41482,0.59015,0.0068548
69.02,79.78,0.84779,0.13277,0.002516
-69.02,82.29,0.14473,0.056139,0.80529
19.94,82.29,0.83216,0.15256,0.0008839
22.74,82.29,0.82101,0.16062,0.0017242
25.59,82.29,0.83082,0.13225,0.0010138
28.52,82.29,0.87951,0.23344,0.082933
31.53,82.29,0.75357,0.40542,0.052263
34.64,82.29,0.41997,0.74924,0.02821
37.87,82.29,0.034777,0.96556,0.00065292
41.25,82.29,0,1,0
44.82,82.29,0.015472,0.98908,0.0010093
48.63,82.29,0.036327,0.96512,0.00033396
52.75,82.29,0.16013,0.83643,0.00088013
57.32,82.29,0.44329,0.53044,0.0012265
62.55,82.29,0,1,0
69.02,82.29,0.86406,0.11534,0.0031921
-69.02,84.8,0.14835,0.065058,0.73575
25.59,84.8,0.93374,0.045908,0.0010496
28.52,84.8,0.93201,0.10579,0.032227
31.53,84.8,0.81706,0.31334,0.057464
34.64,84.8,0.48075,0.69093,0.031085
37.87,84.8,0.081913,0.95186,0.0028653
41.25,84.8,0.011428,0.98715,0.0011148
44.82,84.8,0,1,0
48.63,84.8,0.040808,0.96277,0.00034471
52.75,84.8,0.22102,0.82389,0.00239
57.32,84.8,0.41765,0.54983,0.00077532
62.55,84.8,0.55317,0.43502,0.012491
69.02,84.8,0.85006,0.13393,0.0026016
-69.02,87.31,0.1559,0.0707,0.67749
17.19,87.31,0.86364,0.12177,0.0027346
22.74,87.31,0.93355,0.051608,0.0024037
28.52,87.31,1,0,0
31.53,87.31,0.85636,0.25339,0.058414
34.64,87.31,0.51489,0.65774,0.031139
37.87,87.31,0,1,0
41.25,87.31,0,1,0
44.82,87.31,0.013038,0.98982,0.0010293
48.63,87.31,0.094332,0.9524,0.005786
52.75,87.31,0.23163,0.81686,0.0022831
57.32,87.31,0.4621,0.49591,0.00067743
62.55,87.31,0.62628,0.34544,0.0075183
69.02,87.31,0.83718,0.15026,0.0022543
-69.02,89.82,0.16545,0.07507,0.6263
17.19,89.82,1,0,0
19.94,89.82,0.93373,0.067141,0.0014428
22.74,89.82,1,0,0
25.59,89.82,0.97342,0.015081,0.00077907
28.52,89.82,0.92138,0.040363,0.0017079
31.53,89.82,0.8751,0.21897,0.0453
34.64,89.82,0.53197,0.6432,0.029446
37.87,89.82,0.1082,0.94556,0.0065142
41.25,89.82,0.010424,0.99004,0.00085394
44.82,89.82,0.010765,0.9923,0.0012563
48.63,89.82,0.059741,0.95936,0.0012092
52.75,89.82,0.22654,0.80233,0.0011441
57.32,89.82,0.52328,0.4343,0.00068527
62.55,89.82,0.65681,0.30684,0.003891
69.02,89.82,0.83901,0.16505,0.0031843
-69.02,92.33,0.18279,0.077891,0.58265
19.94,92.33,0.95838,0.032995,0.0014543
22.74,92.33,1,0,0
25.59,92.33,0.97924,0.015534,0.00039115
28.52,92.33,0.93765,0.030951,0.0019082
31.53,92.33,0.8892,0.15726,0.0089819
34.64,92.33,0.53863,0.6338,0.024115
37.87,92.33,0.056038,0.96096,0.00062797
41.25,92.33,0.0091113,0.99311,0.0011851
44.82,92.33,0.011653,0.99168,0.0013515
48.63,92.33,0.060091,0.95683,0.001184
52.75,92.33,0.22536,0.76377,0.00036277
57.32,92.33,0.556,0.38287,0.00047938
62.55,92.33,0.69329,0.27435,0.0025974
69.02,92.33,0.82642,0.1564,0.0017399
-69.02,94.84,0.20179,0.076618,0.54642
6.53,94.84,0.97415,0.028713,0.00039844
17.19,94.84,0.94003,0.058134,0.0025348
19.94,94.84,0.97825,0.022922,0.0029706
22.74,94.84,0.9748,0.025982,0.00097261
25.59,94.84,0.95584,0.029071,0.00092966
28.52,94.84,1,0,0
31.53,94.84,0.89757,0.17071,0.025716
34.64,94.84,0.53217,0.6363,0.019333
37.87,94.84,0.035502,0.96372,0.00053054
41.25,94.84,0,1,0
44.82,94.84,0.020668,0.98152,0.00085758
48.63,94.84,0.083282,0.94598,0.0026059
52.75,94.84,0.30978,0.72345,0.0015064
57.32,94.84,0.59305,0.34005,0.00041809
62.55,94.84,0.70793,0.24905,0.0015753
69.02,94.84,0.84601,0.12647,0.0015167
-69.02,97.35,0.21246,0.074259,0.50953
3.91,97.35,0.98243,0.026279,0.00059265
11.81,97.35,0,1,0
14.48,97.35,0.8932,0.11031,0.0026628
17.19,97.35,0.95458,0.039468,0.0020887
19.94,97.35,1,0,0
22.74,97.35,0.97671,0.028575,0.00067183
25.59,97.35,1,0,0
28.52,97.35,1,0,0
31.53,97.35,0.77723,0.17391,0.00017962
34.64,97.35,0.27549,0.65618,0.00024096
37.87,97.35,0.03926,0.95597,0.0010137
41.25,97.35,0.029025,0.97579,0.0014532
44.82,97.35,0.045196,0.95641,0.00064967
48.63,97.35,0.11386,0.92692,0.0040493
52.75,97.35,0.34793,0.68626,0.0018325
57.32,97.35,0.63344,0.30335,0.00045385
62.55,97.35,0.71073,0.23065,0.0010344
69.02,97.35,0.8525,0.10092,0.0012046
-69.02,99.86,0.22576,0.072847,0.47424
1.3,99.86,0.98063,0.021772,0.00030535
6.53,99.86,1,0,0
9.16,99.86,1,0,0
11.81,99.86,1,0,0
14.48,99.86,1,0,0
17.19,99.86,0.96185,0.032913,0.001793
19.94,99.86,0.97515,0.021868,0.0014082
22.74,99.86,1,0,0
25.59,99.86,0.99059,0.015105,0.0011876
28.52,99.86,1,0,0
31.53,99.86,1,0,0
34.64,99.86,0.41898,0.5158,0.00012998
37.87,99.86,0,1,0
41.25,99.86,0,1,0
44.82,99.86,0.1155,0.89656,0.00079048
48.63,99.86,0.15623,0.8568,0.0011427
52.75,99.86,0.35366,0.65266,0.0011228
57.32,99.86,0.66314,0.27149,0.00053941
62.55,99.86,0.71434,0.21979,0.00089263
69.02,99.86,0.8721,0.086049,0.001233
-69.02,102.37,0.23242,0.076628,0.4368
3.91,102.37,1,0,0
6.53,102.37,1,0,0
9.16,102.37,1,0,0
17.19,102.37,0.95839,0.033278,0.0015136
19.94,102.37,0.98977,0.0086856,0.00179
22.74,102.37,1,0,0
25.59,102.37,1,0,0
28.52,102.37,1,0,0
31.53,102.37,0.84985,0.08536,0.00029441
34.64,102.37,0.65067,0.30852,0.00012502
37.87,102.37,0,1,0
41.25,102.37,0,1,0
44.82,102.37,0.23399,0.77547,0.00081525
48.63,102.37,0.2587,0.72955,0.00071642
52.75,102.37,0.33816,0.62139,0.00064728
57.32,102.37,0.70824,0.24374,0.00096002
62.55,102.37,0.70357,0.21616,0.00089218
69.02,102.37,0.87768,0.077777,0.0011924
-69.02,104.88,0.25646,0.070699,0.41038
-1.3,104.88,1,0,0
1.3,104.88,1,0,0
6.53,104.88,1,0,0
9.16,104.88,1,0,0
14.48,104.88,0.95434,0.039135,0.0025611
17.19,104.88,0.98455,0.015726,0.0021184
22.74,104.88,1,0,0
25.59,104.88,1,0,0
28.52,104.88,0.98831,0.011308,0.00043006
31.53,104.88,0.93671,0.034326,0.00050146
34.64,104.88,0.77416,0.15434,0.00010107
37.87,104.88,0.43739,0.55598,0.00066195
41.25,104.88,0.36321,0.64062,0.0015091
44.82,104.88,0.36816,0.59058,0.00041845
48.63,104.88,0.41301,0.56134,0.0007246
52.75,104.88,0.34683,0.56971,0.00064037
57.32,104.88,0.72315,0.2188,0.0020346
62.55,104.88,0.71615,0.19788,0.0010631
69.02,104.88,0.89786,0.061142,0.0013024
-69.02,107.39,0.27261,0.069063,0.38128
6.53,107.39,1,0,0
14.48,107.39,1,0,0
19.94,107.39,1,0,0
22.74,107.39,1,0,0
25.59,107.39,1,0,0
28.52,107.39,1,0,0
31.53,107.39,1,0,0
34.64,107.39,0.90122,0.066791,0.00018997
37.87,107.39,0.67437,0.28475,0.0004824
41.25,107.39,0.59673,0.38771,0.001519
44.82,107.39,0.57043,0.38684,0.00056369
48.63,107.39,0.55334,0.3903,0.00048501
52.75,107.39,0.49581,0.43738,0.00084752
57.32,107.39,1,0,0
62.55,107.39,0.82188,0.11197,0.0012158
69.02,107.39,0.91509,0.047163,0.0014611
-69.02,109.9,0.30335,0.064614,0.36189
-34.64,109.9,0.91725,0.044516,0.015148
-31.53,109.9,0.94645,0.032514,0.0052537
-6.53,109.9,0.98429,0.010792,0.0006741
-3.91,109.9,1,0,0
11.81,109.9,1,0,0
22.74,109.9,1,0,0
25.59,109.9,1,0,0
28.52,109.9,0.9943,0.0039015,0.00091364
34.64,109.9,0.94381,0.028959,0.00019143
37.87,109.9,0.85932,0.11538,0.0008554
41.25,109.9,0.80231,0.1918,0.0032165
44.82,109.9,0.74505,0.21727,0.00082981
48.63,109.9,0.68572,0.25717,0.00051749
52.75,109.9,0.60482,0.32449,0.00097737
57.32,109.9,1,0,0
62.55,109.9,0.88697,0.06133,0.0014538
69.02,109.9,0.93009,0.035742,0.0017091
-69.02,112.41,0.32301,0.057102,0.334
-41.25,112.41,0.85524,0.03678,0.0059479
-37.87,112.41,0.86465,0.060983,0.0056134
-34.64,112.41,1,0,0
-31.53,112.41,0.91273,0.06483,0.0033612
-28.52,112.41,0.96907,0.018395,0.0016926
-6.53,112.41,0.98948,0.0098341,0.0024938
-3.91,112.41,1,0,0
1.3,112.41,0.99195,0.0060302,0.00074994
3.91,112.41,1,0,0
6.53,112.41,1,0,0
25.59,112.41,0.99637,0.0028979,0.0012743
28.52,112.41,0.99351,0.0039843,0.00086312
37.87,112.41,0.92444,0.043127,0.00065278
41.25,112.41,0.9084,0.085779,0.0056493
44.82,112.41,0.85836,0.11781,0.0015162
48.63,112.41,0.77152,0.17308,0.00051467
52.75,112.41,0.69181,0.21655,0.00082047
57.32,112.41,0.89638,0.092682,0.0075395
62.55,112.41,0.9219,0.034328,0.0018858
69.02,112.41,0.9523,0.02068,0.0023673
-69.02,114.92,0.34427,0.056515,0.31301
-37.87,114.92,0.79949,0.11962,0.0033958
-34.64,114.92,0.8088,0.15643,0.0056146
-31.53,114.92,0.90154,0.083861,0.0029808
-28.52,114.92,0.96763,0.021294,0.001468
-1.3,114.92,1,0,0
1.3,114.92,0.99283,0.0039385,0.00073259
3.91,114.92,1,0,0
6.53,114.92,1,0,0
25.59,114.92,0.9966,0.0024559,0.0010333
28.52,114.92,1,0,0
31.53,114.92,0.9923,0.0032148,0.00026893
37.87,114.92,0.95442,0.025787,0.0006634
44.82,114.92,0.91251,0.075671,0.0028845
48.63,114.92,0.84222,0.10328,0.00041622
52.75,114.92,0.79492,0.13472,0.0010511
57.32,114.92,0.90749,0.070682,0.0058692
62.55,114.92,0.95133,0.018689,0.0023292
69.02,114.92,0.96942,0.012157,0.0038067
-69.02,117.43,0.36557,0.056834,0.29461
-37.87,117.43,0.80508,0.11321,0.0025235
-34.64,117.43,0.71931,0.24443,0.0027839
-31.53,117.43,0.88414,0.10401,0.0024274
-28.52,117.43,0.96328,0.026837,0.0011107
-1.3,117.43,1,0,0
1.3,117.43,1,0,0
3.91,117.43,1,0,0
6.53,117.43,1,0,0
28.52,117.43,1,0,0
31.53,117.43,0.99316,0.0033586,0.00038827
34.64,117.43,1,0,0
41.25,117.43,1,0,0
44.82,117.43,0.93743,0.040296,0.0011598
48.63,117.43,0.9104,0.058962,0.00094361
52.75,117.43,0.86664,0.070105,0.0010335
57.32,117.43,0.90776,0.053672,0.004079
62.55,117.43,0.96715,0.010626,0.0031069
69.02,117.43,0.97978,0.0074903,0.0068232
-69.02,119.94,0.38823,0.057675,0.27945
-37.87,119.94,0.82586,0.097529,0.0020284
-34.64,119.94,0.74576,0.22503,0.0015491
-31.53,119.94,1,0,0
-28.52,119.94,0.93692,0.049355,0.0004991
-25.59,119.94,0.97693,0.015453,0.00046233
6.53,119.94,1,0,0
17.19,119.94,1,0,0
25.59,119.94,0.99783,0.0019856,0.0026143
28.52,119.94,1,0,0
34.64,119.94,1,0,0
41.25,119.94,0.96505,0.020104,0.0026205
44.82,119.94,0.96415,0.018859,0.0015607
48.63,119.94,0.925,0.040855,0.00069255
52.75,119.94,0.92925,0.034327,0.0019029
57.32,119.94,0.93003,0.033613,0.0053498
62.55,119.94,0.97736,0.0066392,0.0042112
69.02,119.94,0.98454,0.0047779,0.01214
-69.02,122.45,0.4106,0.061073,0.26852
-37.87,122.45,0.85251,0.081944,0.0018909
-34.64,122.45,0.76107,0.21017,0.00090801
-31.53,122.45,0.77228,0.21895,0.00064588
-28.52,122.45,0.90106,0.087276,0.00024197
-25.59,122.45,0.95495,0.035092,0.00019776
-22.74,122.45,0.97794,0.017049,0.00033878
-1.3,122.45,1,0,0
9.16,122.45,1,0,0
14.48,122.45,0.99521,0.0046898,0.0015154
19.94,122.45,0.99656,0.0032161,0.0024321
28.52,122.45,1,0,0
37.87,122.45,1,0,0
44.82,122.45,0.96827,0.016745,0.0017644
48.63,122.45,0.93364,0.029905,0.00087012
52.75,122.45,0.95068,0.017507,0.0023885
57.32,122.45,0.9496,0.02252,0.010294
62.55,122.45,0.98263,0.0046566,0.0060015
69.02,122.45,0.98222,0.0060056,0.013924
-69.02,124.96,0.43209,0.05965,0.25352
-37.87,124.96,0.86416,0.077135,0.0019062
-34.64,124.96,0.78023,0.20238,0.0007042
-31.53,124.96,0.71128,0.28962,0.00028983
-28.52,124.96,0.85415,0.13717,0.00014914
-25.59,124.96,0.95341,0.039266,0.00020212
-6.53,124.96,0.99275,0.0057608,0.00054713
-3.91,124.96,0.99343,0.0053107,0.00079253
41.25,124.96,0.98686,0.0080243,0.0020923
44.82,124.96,0.96679,0.01969,0.0032647
48.63,124.96,0.96643,0.013422,0.0019354
52.75,124.96,0.9601,0.0099204,0.0045983
57.32,124.96,1,0,0
62.55,124.96,0.98532,0.0033629,0.0084293
69.02,124.96,0.98198,0.011432,0.027249
-69.02,127.47,0.4451,0.05938,0.2352
-37.87,127.47,0.86524,0.080934,0.0020846
-34.64,127.47,0.75897,0.23279,0.00061584
-31.53,127.47,0.70611,0.31927,0.0001622
-28.52,127.47,0.84279,0.1538,0.00013287
-25.59,127.47,0.94184,0.047812,0.00019169
-22.74,127.47,0.96644,0.026493,0.0004445
-11.81,127.47,0.97752,0.021694,0.0039227
-9.16,127.47,0.9888,0.0097455,0.0013111
37.87,127.47,1,0,0
41.25,127.47,1,0,0
44.82,127.47,1,0,0
48.63,127.47,0.98176,0.0069058,0.0052117
52.75,127.47,0.9645,0.0068785,0.010592
57.32,127.47,1,0,0
62.55,127.47,0.98472,0.0030293,0.011292
69.02,127.47,0.97038,0.016474,0.022373
-69.02,129.98,0.45274,0.064529,0.22074
-37.87,129.98,0.80034,0.14604,0.0015029
-34.64,129.98,0.63638,0.35203,0.00049886
-31.53,129.98,0.69389,0.32206,0.00012093
-28.52,129.98,0.85661,0.137,0.00021503
-25.59,129.98,0.94111,0.049823,0.00022779
-22.74,129.98,0.96721,0.025547,0.00065688
-19.94,129.98,0.97044,0.02369,0.0019561
-11.81,129.98,1,0,0
-9.16,129.98,0.99235,0.011709,0.0038573
-1.3,129.98,1,0,0
3.91,129.98,1,0,0
6.53,129.98,1,0,0
9.16,129.98,1,0,0
34.64,129.98,1,0,0
37.87,129.98,1,0,0
44.82,129.98,1,0,0
48.63,129.98,1,0,0
52.75,129.98,1,0,0
57.32,129.98,0.98976,0.0026559,0.080184
62.55,129.98,0.98118,0.003469,0.01458
69.02,129.98,1,0,0
-69.02,132.49,0.43332,0.07336,0.19349
-41.25,132.49,0.90427,0.044489,0.0041651
-37.87,132.49,0.72463,0.23145,0.0014394
-34.64,132.49,0.65501,0.32848,0.00090724
-31.53,132.49,0.73806,0.25482,0.00017195
-28.52,132.49,0.88219,0.10787,0.0006208
-25.59,132.49,0.95716,0.034885,0.00046951
-11.81,132.49,0.98477,0.02181,0.0069909
3.91,132.49,1,0,0
6.53,132.49,1,0,0
37.87,132.49,1,0,0
44.82,132.49,0.99153,0.0033947,0.0052005
48.63,132.49,1,0,0
52.75,132.49,0.98681,0.0026398,0.07734
57.32,132.49,0.99465,0.00091919,0.11936
62.55,132.49,0.97436,0.0045929,0.018879
69.02,132.49,0.94235,0.026037,0.021536
-69.02,135,0.46052,0.069602,0.1856
-41.25,135,0.91906,0.04186,0.0048719
-37.87,135,0.76557,0.21609,0.0027007
-34.64,135,0,1,0
-31.53,135,0.76764,0.21907,0.00025315
-28.52,135,1,0,0
-25.59,135,0.96555,0.025888,0.00093186
-19.94,135,1,0,0
-11.81,135,0.98991,0.023571,0.021401
37.87,135,1,0,0
48.63,135,0.99258,0.0043068,0.033577
52.75,135,0.98807,0.0016605,0.14668
62.55,135,0.98261,0.0026748,0.026043
69.02,135,1,0,0
-69.02,137.51,0.51106,0.052986,0.17869
-37.87,137.51,1,0,0
-34.64,137.51,0.78451,0.20415,0.0015732
-31.53,137.51,0.7517,0.23899,0.00026424
-28.52,137.51,0.89252,0.10124,0.0017234
-11.81,137.51,0.9867,0.017707,0.0029489
6.53,137.51,1,0,0
37.87,137.51,0.99309,0.0033215,0.0032029
41.25,137.51,1,0,0
48.63,137.51,1,0,0
52.75,137.51,1,0,0
62.55,137.51,0.99029,0.0017867,0.049468
69.02,137.51,0.97434,0.01103,0.030183
-69.02,140.02,0.54368,0.03942,0.163
-44.82,140.02,0.94263,0.019851,0.0077729
-41.25,140.02,0.94174,0.039728,0.0066379
-37.87,140.02,0.80123,0.19698,0.0015788
-34.64,140.02,0.74605,0.2478,0.00059006
-31.53,140.02,0.70331,0.30167,0.00022342
-28.52,140.02,1,0,0
-25.59,140.02,0.93496,0.059249,0.00060793
-22.74,140.02,0.95484,0.037828,0.00054557
-14.48,140.02,0.98274,0.01638,0.0020015
-11.81,140.02,0.98789,0.015337,0.0032191
41.25,140.02,1,0,0
44.82,140.02,1,0,0
48.63,140.02,1,0,0
62.55,140.02,0.99133,0.0013197,0.068199
69.02,140.02,0.97555,0.0054702,0.02472
-69.02,142.53,0.56606,0.032694,0.15083
-41.25,142.53,1,0,0
-37.87,142.53,0.77529,0.22373,0.00059282
-34.64,142.53,0.65222,0.36008,0.00031164
-31.53,142.53,0.61944,0.39969,0.00023218
-28.52,142.53,0.80532,0.2021,0.001032
-25.59,142.53,0.94017,0.061189,0.0010254
44.82,142.53,1,0,0
48.63,142.53,1,0,1
52.75,142.53,1,0,1
57.32,142.53,1,0,1
62.55,142.53,0.98967,0.0012549,0.080903
69.02,142.53,0.9827,0.0061463,0.042208
-69.02,145.04,0.56747,0.032571,0.1374
-48.63,145.04,0.93586,0.01261,0.010187
-44.82,145.04,0.96597,0.014336,0.0084438
-41.25,145.04,1,0,0
-37.87,145.04,0.74299,0.24966,0.00063078
-34.64,145.04,0.60309,0.41191,0.00046254
-31.53,145.04,0.72088,0.30258,0.00030393
-28.52,145.04,0.78181,0.22586,0.0014227
-11.81,145.04,1,0,0
9.16,145.04,1,0,0
48.63,145.04,1,0,0
62.55,145.04,0.98347,0.001632,0.088072
69.02,145.04,0.97055,0.0044054,0.027236
-69.02,147.55,0.56979,0.031983,0.12624
-41.25,147.55,0.96795,0.03059,0.0065145
-37.87,147.55,0.88047,0.1166,0.00059717
-34.64,147.55,0.75553,0.24634,0.00058885
-31.53,147.55,0.79069,0.21389,0.0006768
-28.52,147.55,1,0,0
-14.48,147.55,1,0,0
62.55,147.55,0.98076,0.0020731,0.11624
69.02,147.55,0.9619,0.0054298,0.031155
-69.02,150.06,0.59746,0.029364,0.12332
-41.25,150.06,1,0,0
-37.87,150.06,0.94954,0.052271,0.0018022
-34.64,150.06,0.85567,0.14395,0.0016619
62.55,150.06,0.97006,0.0040932,0.14048
69.02,150.06,0.96117,0.0051992,0.048516
-69.02,152.57,0.62619,0.028151,0.12245
-34.64,152.57,1,0,0
-28.52,152.57,0,1,0
62.55,152.57,1,0,0
69.02,152.57,0.94409,0.0084807,0.064468
-69.02,155.08,0.66974,0.024454,0.1276
57.32,155.08,0.95192,0.0049512,0.87233
62.55,155.08,1,0,0
69.02,155.08,1,0,0
-1.3,157.59,1,0,0
57.32,157.59,1,0,1
69.02,157.59,0.91398,0.011762,0.083256
57.32,160.1,0.92153,0.0053026,0.88546
69.02,160.1,0.89342,0.010542,0.082894
-1.3,162.61,1,0,0
62.55,162.61,0.72748,0.0059125,0.52651
69.02,162.61,0.89702,0.0092146,0.087052
62.55,165.12,0,0,1
69.02,165.12,0.8903,0.0094631,0.093524
69.02,167.63,0.85915,0.010839,0.090372
-9.16,170.14,1,0,0
62.55,170.14,0.73274,0.0066047,0.52664
69.02,170.14,0.88306,0.0099,0.10982
69.02,172.65,0.87868,0.0076717,0.10752
-44.82,175.16,1,0,0
-41.25,175.16,0.95863,0.024449,0.0038534
-37.87,175.16,1,0,0
69.02,175.16,0.87924,0.0070555,0.11089
-48.63,177.67,0.93499,0.024121,0.01489
-44.82,177.67,1,0,0
-41.25,177.67,1,0,0
69.02,177.67,0.91018,0.0058103,0.12134
