-67.4,-70.5,NaN,0.35135,0.0022778,0.9521
-67.4,-67.5,NaN,0.35194,0.0016761,0.96059
-67.4,-64.5,NaN,0.6275,0.072892,0.99792
-67.4,-61.5,1,0.673,0.12826,0.99834
-67.4,46.5,NaN,0.52497,0.00036214,1
-67.4,49.5,NaN,0.63021,0.0093585,1
-67.4,52.5,NaN,0.78459,0.10342,1
-67.4,76.5,1,0.92139,0.55235,1
-67.4,79.5,1,0.94479,0.66139,1
-67.4,94.5,NaN,0.55642,0.0044398,1
-67.4,97.5,NaN,0.63386,0.017514,1
-67.4,100.5,NaN,0.57693,0.0069476,1
-67.4,103.5,NaN,0.53158,0.0029127,1
-67.4,106.5,NaN,0.47547,0.00085712,1
-67.4,109.5,NaN,0.43641,0.00031749,1
-67.4,112.5,NaN,0.40028,0.00010169,0.99999
-67.4,115.5,NaN,0.36692,3.1098e-05,0.99997
-67.4,118.5,NaN,0.30766,3.9181e-06,0.99976
-67.4,121.5,NaN,0.30804,3.113e-06,0.99963
-67.4,124.5,NaN,0.28244,9.4663e-07,0.99891
-67.4,127.5,NaN,0.26933,4.2297e-07,0.99792
-67.4,130.5,NaN,0.24802,1.2526e-07,0.9953
-67.4,133.5,NaN,0.22896,3.7185e-08,0.99115
-67.4,136.5,NaN,0.21196,1.0917e-08,0.98402
-67.4,139.5,NaN,0.19677,3.1865e-09,0.97378
-67.4,142.5,NaN,0.1832,9.3394e-10,0.96031
-67.4,145.5,NaN,0.16387,1.5702e-10,0.93417
-67.4,148.5,NaN,0.24647,4.2988e-09,0.98834
-54.75,-70.5,0,0.38663,0.043068,0.81263
-54.75,-67.5,0,0.52683,0.10318,0.91295
-49.8,-70.5,1,0.17721,0.0059802,0.54814
-49.8,-67.5,NaN,0.442,0.02161,0.94217
-49.8,148.5,NaN,0.025445,2.9159e-22,0.1704
-49.8,178.5,NaN,0.076248,3.5435e-27,0.57463
-45.32,-178.5,0,0.057318,3.6106e-35,0.40908
-45.32,-70.5,0,0.060442,7.2103e-05,0.26306
-45.32,145.5,NaN,0.01219,7.9389e-32,0.064755
-45.32,148.5,NaN,0.010654,6.4272e-32,0.05437
-45.32,175.5,0,0.012516,7.6183e-44,0.067759
-45.32,178.5,0,0.021349,1.765e-42,0.14574
-41.17,-67.5,NaN,0.018269,1.4696e-08,0.10095
-41.17,-64.5,NaN,0.053326,1.1281e-07,0.29005
-41.17,-55.5,0,0.05868,2.7231e-08,0.30445
-41.17,-52.5,0,0.087314,6.2439e-08,0.44231
-41.17,112.5,NaN,0.004295,1.7393e-27,0.0095701
-41.17,115.5,NaN,0.0087023,1.2538e-28,0.018926
-41.17,118.5,NaN,0.013288,1.1862e-27,0.047321
-41.17,121.5,NaN,0.032024,5.5299e-24,0.21067
-41.17,133.5,NaN,0.0040698,4.0367e-38,0.010106
-41.17,136.5,NaN,0.011847,1.6961e-37,0.051347
-41.17,139.5,NaN,0.024596,8.3228e-37,0.17172
-41.17,142.5,0,0.0049882,1.2295e-45,0.013803
-41.17,145.5,0,0.0021324,4.7675e-49,0.0034292
-41.17,148.5,0,0.0071646,7.5381e-44,0.030022
-41.17,151.5,0,0.020285,2.2749e-37,0.14131
-41.17,178.5,0,0.0049293,2.2427e-43,0.02167
-37.27,-70.5,NaN,0.0049296,2.4597e-13,0.021684
-37.27,-67.5,NaN,0.0018508,3.1125e-16,0.0067023
-37.27,-64.5,NaN,0.016827,1.1139e-11,0.10185
-37.27,-58.5,NaN,0.01455,3.0117e-11,0.085163
-37.27,19.5,0,0.029385,2.9277e-61,0.21044
-37.27,112.5,NaN,0.0011121,3.0773e-34,0.0010595
-37.27,115.5,NaN,0.00021714,3.428e-41,7.8583e-05
-37.27,118.5,NaN,0.0055232,1.1726e-33,0.0082066
-37.27,121.5,NaN,0.009378,2.1192e-32,0.026215
-37.27,124.5,NaN,0.0077034,1.3868e-34,0.021607
-37.27,127.5,NaN,0.0043675,9.3839e-38,0.0094835
-37.27,130.5,NaN,0.0026564,2.0056e-41,0.0038196
-37.27,133.5,NaN,0.00046651,8.116e-48,0.00023421
-37.27,136.5,NaN,0.00010437,1.2609e-55,1.2776e-05
-37.27,139.5,NaN,0.0010458,2.2829e-49,0.00057454
-37.27,142.5,NaN,0.00035466,5.1654e-52,0.00016157
-37.27,145.5,NaN,8.3577e-05,3.3901e-56,1.2125e-05
-37.27,148.5,NaN,0.0018024,6.8944e-45,0.0025031
-37.27,151.5,NaN,0.0057963,1.0186e-38,0.024883
-33.57,-67.5,NaN,0.002475,5.7014e-21,0.0075874
-33.57,-64.5,NaN,0.0038942,8.7722e-21,0.017616
-33.57,-61.5,NaN,0.0022009,4.7196e-22,0.0073462
-33.57,-58.5,NaN,0.010054,6.4614e-16,0.056366
-33.57,-52.5,NaN,0.0084844,8.362e-16,0.047569
-33.57,16.5,NaN,0.0060466,5.0509e-70,0.016946
-33.57,19.5,0,0.0048096,5.1273e-77,0.0095418
-33.57,22.5,NaN,0.018111,2.9511e-64,0.093094
-33.57,25.5,NaN,0.039725,7.7984e-55,0.29955
-33.57,112.5,NaN,0.00040394,1.0472e-35,0.00028614
-33.57,115.5,NaN,8.2618e-05,2.067e-42,2.4787e-05
-33.57,118.5,NaN,0.00012363,2.4742e-43,2.9374e-05
-33.57,121.5,NaN,0.00051366,4.1281e-46,0.00013024
-33.57,124.5,NaN,0.00032559,8.2412e-49,7.1547e-05
-33.57,127.5,NaN,0.00034225,1.8753e-50,7.2893e-05
-33.57,130.5,NaN,0.00010825,1.5826e-56,1.1446e-05
-33.57,133.5,NaN,7.9698e-05,3.1115e-61,4.6774e-06
-33.57,136.5,0,3.4317e-05,1.1791e-69,4.7226e-07
-33.57,139.5,NaN,0.00017511,1.0577e-60,5.1685e-06
-33.57,142.5,NaN,0.00042409,6.1206e-53,4.9919e-05
-33.57,145.5,NaN,0.00058213,1.7321e-47,0.00015612
-33.57,148.5,NaN,0.0021605,3.6095e-41,0.0026665
-33.57,151.5,NaN,0.0044461,3.3007e-37,0.014432
-30.02,-67.5,NaN,0.0071084,2.9469e-27,0.027465
-30.02,-64.5,0,0.0012225,3.8181e-38,0.0013919
-30.02,-61.5,0,0.0097649,2.244e-25,0.051827
-30.02,-52.5,NaN,0.00049903,2.4713e-32,0.00052224
-30.02,-49.5,NaN,0.0027438,9.6175e-23,0.011442
-30.02,13.5,NaN,0.0014039,1.358e-59,0.0027766
-30.02,16.5,NaN,0.00053711,1.3832e-71,0.00019012
-30.02,19.5,NaN,0.00050159,4.5129e-85,1.1023e-05
-30.02,22.5,NaN,0.0010619,2.1434e-72,0.00047012
-30.02,25.5,NaN,0.004967,1.5093e-61,0.011147
-30.02,28.5,NaN,0.0090729,7.106e-56,0.036834
-30.02,115.5,NaN,0.0023868,1.7631e-33,0.00282
-30.02,118.5,NaN,0.00018745,2.7359e-40,7.6431e-05
-30.02,121.5,NaN,3.5737e-05,2.4415e-47,5.7039e-06
-30.02,124.5,NaN,1.7051e-05,2.4771e-54,6.983e-07
-30.02,127.5,NaN,2.5718e-05,6.8966e-57,6.2379e-07
-30.02,130.5,NaN,1.2988e-05,6.0912e-63,9.1379e-08
-30.02,133.5,NaN,0.00010214,1.5612e-54,4.7075e-06
-30.02,136.5,NaN,0.00023179,9.4159e-53,1.4657e-05
-30.02,139.5,0,0.00010192,2.6102e-55,5.9635e-06
-30.02,142.5,NaN,0.00082249,3.2428e-48,0.00014829
-30.02,145.5,NaN,0.0014375,3.7692e-43,0.0007838
-26.59,-67.5,0,0.010706,3.452e-33,0.046345
-26.59,-64.5,0,0.00225,4.2753e-43,0.0038059
-26.59,-61.5,0,0.0087144,2.9237e-34,0.0391
-26.59,-52.5,NaN,0.00033833,1.1631e-40,0.00025318
-26.59,-49.5,NaN,0.0013308,2.0101e-31,0.0027144
-26.59,13.5,NaN,0.00061188,1.1575e-56,0.00037402
-26.59,16.5,NaN,0.00020084,3.4739e-74,1.9205e-06
-26.59,19.5,NaN,0.00024145,3.2678e-89,5.427e-08
-26.59,22.5,NaN,0.00035376,1.5462e-75,1.3472e-05
-26.59,25.5,NaN,0.00065838,1.0524e-65,0.00017456
-26.59,28.5,NaN,0.0036623,9.2765e-55,0.0061988
-26.59,37.5,0,0.001264,7.6989e-70,0.00052396
-26.59,43.5,NaN,0.00066747,2.1072e-62,0.00024848
-26.59,121.5,NaN,0.00023447,1.8797e-41,7.9528e-05
-26.59,124.5,NaN,1.3969e-05,9.6142e-51,1.5873e-06
-26.59,127.5,NaN,6.7656e-05,6.0035e-48,6.6635e-06
-26.59,130.5,NaN,8.287e-06,2.3729e-55,4.2713e-07
-26.59,133.5,NaN,0.00071878,2.8185e-45,0.00011919
-26.59,136.5,NaN,0.00039056,4.6588e-46,9.0884e-05
-26.59,139.5,NaN,0.00032446,1.0693e-45,0.00012985
-26.59,142.5,NaN,0.0027697,8.7494e-42,0.0019774
-23.26,-64.5,NaN,0.0010258,1.0421e-46,0.0016328
-23.26,-61.5,NaN,0.0025662,5.0902e-47,0.0022161
-23.26,-58.5,NaN,0.0019553,1.3945e-44,0.002143
-23.26,-55.5,NaN,0.00059363,3.157e-47,0.00037786
-23.26,-52.5,NaN,0.00018341,3.0663e-55,2.6619e-05
-23.26,-49.5,NaN,0.00081599,3.6186e-40,0.00066525
-23.26,-46.5,NaN,0.0022779,2.0373e-30,0.0057987
-23.26,13.5,NaN,0.00045183,2.9843e-51,0.00014726
-23.26,16.5,NaN,4.7106e-05,2.4193e-70,4.2752e-07
-23.26,19.5,NaN,9.2212e-05,9.9644e-90,5.6353e-09
-23.26,22.5,NaN,0.00010813,2.1823e-76,1.0563e-06
-23.26,25.5,NaN,0.00016743,9.9098e-66,1.312e-05
-23.26,28.5,NaN,0.00035718,2.1088e-59,7.1194e-05
-23.26,31.5,NaN,0.0019073,2.0128e-50,0.0014533
-23.26,43.5,NaN,0.00055725,1.552e-54,0.00018957
-23.26,46.5,NaN,0.0031356,1.7737e-43,0.0036486
-23.26,130.5,NaN,0.00044595,1.9906e-45,0.00010881
-23.26,133.5,NaN,9.4334e-05,8.4681e-49,2.3858e-05
-23.26,178.5,NaN,0.0041187,2.47e-37,0.013252
-20.01,-67.5,0,0.0038447,1.2302e-50,0.0083973
-20.01,-64.5,0,0.0024179,1.9743e-54,0.0033117
-20.01,-61.5,0,0.00051346,1.025e-75,2.2466e-05
-20.01,-58.5,NaN,0.00094943,3.5516e-65,0.00012335
-20.01,-55.5,NaN,0.00039314,1.5854e-65,3.0029e-05
-20.01,-52.5,NaN,6.0599e-05,5.5288e-67,3.809e-06
-20.01,-49.5,NaN,0.0003418,5.1244e-54,5.6572e-05
-20.01,-46.5,NaN,0.00036347,2.0915e-45,0.00015418
-20.01,-43.5,NaN,0.00025194,3.0597e-39,0.00021245
-20.01,-40.5,NaN,0.0015463,2.8912e-32,0.0033097
-20.01,13.5,NaN,4.1351e-05,2.8862e-63,4.3822e-07
-20.01,16.5,NaN,3.1732e-05,2.0749e-78,1.1899e-08
-20.01,19.5,NaN,4.4546e-05,1.7288e-94,3.5327e-10
-20.01,22.5,NaN,4.8606e-05,1.0212e-86,2.8072e-08
-20.01,25.5,NaN,5.8152e-05,2.4348e-71,5.3635e-07
-20.01,28.5,NaN,0.00016099,9.4461e-59,1.4841e-05
-20.01,31.5,NaN,0.00041508,1.2643e-51,7.3867e-05
-20.01,34.5,NaN,0.00084564,9.4138e-48,0.00035772
-20.01,46.5,NaN,0.002299,9.0093e-40,0.0018558
-16.83,-67.5,NaN,0.0054182,1.2516e-43,0.010357
-16.83,-64.5,NaN,0.00072904,2.2266e-53,0.00039562
-16.83,-61.5,NaN,0.00015163,2.9245e-74,2.8706e-06
-16.83,-58.5,NaN,0.00011315,3.3162e-90,1.1939e-07
-16.83,-55.5,NaN,0.00021823,1.0156e-82,9.2115e-07
-16.83,-52.5,NaN,0.00010968,7.4887e-75,2.7405e-06
-16.83,-49.5,NaN,9.2562e-05,3.3666e-65,5.3535e-06
-16.83,-46.5,NaN,9.2536e-05,2.8808e-62,3.9144e-06
-16.83,-43.5,NaN,0.00012575,3.3715e-47,5.9898e-05
-16.83,-40.5,NaN,0.00074792,6.1081e-38,0.0009618
-16.83,10.5,NaN,5.2553e-05,4.7822e-53,4.6278e-06
-16.83,13.5,NaN,2.7337e-05,2.2056e-60,5.2577e-07
-16.83,16.5,NaN,1.7318e-05,1.6134e-80,3.0632e-09
-16.83,19.5,NaN,2.4659e-05,6.205e-97,8.2001e-11
-16.83,22.5,NaN,4.5527e-05,2.921e-95,3.8837e-09
-16.83,25.5,NaN,3.9832e-05,4.6533e-81,4.4866e-08
-16.83,28.5,NaN,5.8359e-05,1.5276e-69,3.9242e-07
-16.83,31.5,NaN,0.00019627,7.5604e-57,5.244e-06
-16.83,34.5,NaN,0.0002882,3.248e-53,1.6584e-05
-16.83,37.5,NaN,0.00055681,1.0251e-46,0.00015973
-16.83,145.5,NaN,0.012993,3.2011e-45,0.052352
-13.71,-178.5,0,0.015429,4.3883e-41,0.073516
-13.71,-70.5,NaN,0.0039503,1.9274e-49,0.0053695
-13.71,-67.5,NaN,0.0009597,6.3265e-56,0.00052838
-13.71,-64.5,NaN,0.00021126,7.7752e-70,8.5301e-06
-13.71,-61.5,NaN,0.00013289,9.2617e-81,5.7568e-07
-13.71,-58.5,NaN,9.7595e-05,3.9048e-96,2.621e-08
-13.71,-55.5,NaN,4.8615e-05,5.0116e-95,3.7481e-08
-13.71,-52.5,NaN,1.5616e-05,3.7286e-90,1.3069e-08
-13.71,-49.5,NaN,5.3567e-05,1.4121e-81,1.1381e-07
-13.71,-46.5,NaN,6.5401e-05,2.3391e-72,4.5877e-07
-13.71,-43.5,NaN,8.7661e-05,6.2313e-52,3.5066e-05
-13.71,-40.5,NaN,0.00045595,2.2445e-42,0.00044281
-13.71,-37.5,NaN,0.00015468,1.3966e-41,0.00020664
-13.71,13.5,NaN,3.337e-05,7.276e-58,6.701e-07
-13.71,16.5,NaN,1.5234e-05,1.5799e-75,8.4245e-09
-13.71,19.5,NaN,1.6726e-05,5.6239e-93,1.9913e-10
-13.71,22.5,NaN,2.651e-05,6.5888e-111,7.7795e-12
-13.71,25.5,NaN,5.5636e-05,2.0421e-94,3.0485e-09
-13.71,28.5,NaN,6.1203e-05,1.2121e-84,1.4308e-08
-13.71,31.5,NaN,0.00013704,1.4337e-65,7.7272e-07
-13.71,34.5,NaN,0.00043514,1.3269e-53,2.1265e-05
-13.71,37.5,NaN,0.0012295,6.0317e-46,0.00029376
-13.71,130.5,0,0.00026502,2.8577e-60,0.00018792
-13.71,139.5,NaN,0.0078419,1.0204e-51,0.026547
-13.71,148.5,0,0.0095065,3.7216e-55,0.039154
-10.62,-73.5,NaN,0.0035488,2.1222e-60,0.0050567
-10.62,-70.5,NaN,0.00096313,9.4296e-72,0.00023673
-10.62,-67.5,NaN,0.00064871,6.9317e-78,4.3058e-05
-10.62,-64.5,NaN,0.00028171,6.4995e-89,2.3758e-06
-10.62,-61.5,NaN,0.00018121,2.2941e-100,1.1522e-07
-10.62,-58.5,NaN,3.2548e-05,1.6175e-105,7.5165e-09
-10.62,-55.5,NaN,4.3864e-05,3.1246e-86,2.4858e-07
-10.62,-52.5,NaN,4.8419e-05,2.5751e-84,1.1498e-07
-10.62,-49.5,NaN,2.0571e-05,8.9958e-83,2.9411e-08
-10.62,-46.5,NaN,1.6321e-05,5.0875e-72,1.6004e-07
-10.62,-43.5,NaN,1.0599e-05,1.7734e-63,5.4141e-07
-10.62,-40.5,NaN,0.00015249,2.9234e-49,9.0297e-05
-10.62,-37.5,NaN,0.00030345,2.5285e-43,0.00041511
-10.62,13.5,NaN,4.8886e-05,4.2519e-62,4.1628e-07
-10.62,16.5,NaN,2.3183e-05,3.3315e-76,1.2846e-08
-10.62,19.5,NaN,2.1423e-05,2.0437e-92,3.7425e-10
-10.62,22.5,NaN,2.9482e-05,3.2121e-112,1.9065e-11
-10.62,25.5,NaN,3.5744e-05,1.7451e-89,5.1062e-09
-10.62,28.5,NaN,0.0001021,1.4825e-73,1.375e-07
-10.62,31.5,NaN,0.00022433,6.7613e-65,1.7856e-06
-10.62,34.5,NaN,0.00053634,4.6702e-56,3.2929e-05
-10.62,37.5,0,0.0024179,2.0869e-50,0.00062744
-10.62,142.5,0,0.0035826,4.2646e-59,0.0097435
-10.62,145.5,0,0.0041484,8.8342e-60,0.011724
-7.56,-73.5,0,0.0031219,8.8871e-81,0.0020394
-7.56,-70.5,NaN,0.0011759,3.6633e-93,0.00010283
-7.56,-67.5,NaN,0.00052373,6.938e-108,3.4961e-06
-7.56,-64.5,0,0.00063985,4.6282e-115,1.4588e-06
-7.56,-61.5,NaN,0.00026126,1.491e-124,3.4587e-08
-7.56,-58.5,NaN,0.00034018,1.1175e-99,1.402e-06
-7.56,-55.5,NaN,0.00018388,2.987e-84,3.6025e-06
-7.56,-52.5,NaN,0.00011289,7.0575e-75,5.2988e-06
-7.56,-49.5,NaN,4.4548e-05,7.8236e-72,1.1894e-06
-7.56,-46.5,NaN,7.598e-05,3.8308e-62,6.5116e-06
-7.56,-43.5,NaN,3.7629e-05,7.7609e-60,1.9962e-06
-7.56,-40.5,NaN,4.7983e-06,2.6178e-67,3.6347e-08
-7.56,-37.5,NaN,8.5276e-05,1.1213e-50,1.5428e-05
-7.56,-34.5,NaN,0.00030652,3.6038e-43,0.00036175
-7.56,13.5,NaN,2.6363e-05,1.1295e-68,2.1206e-07
-7.56,16.5,NaN,1.7037e-05,1.5619e-81,6.1898e-09
-7.56,19.5,NaN,2.0408e-05,1.0576e-99,2.5201e-10
-7.56,22.5,NaN,4.1141e-05,2.6884e-117,3.3922e-11
-7.56,25.5,NaN,7.4644e-05,2.7139e-83,4.2447e-08
-7.56,28.5,NaN,0.00026127,5.3526e-66,1.9641e-06
-7.56,31.5,NaN,0.00072897,2.4256e-56,5.9372e-05
-7.56,34.5,NaN,0.0012279,1.2759e-51,0.0003081
-7.56,37.5,NaN,0.0027706,8.0112e-49,0.0013579
-7.56,112.5,NaN,0.00019714,3.578e-53,3.1945e-05
-7.56,169.5,0,0.0052987,1.7467e-55,0.015409
-4.53,-76.5,NaN,0.006472,1.0403e-69,0.011243
-4.53,-73.5,0,0.0018847,1.3661e-87,0.00049342
-4.53,-70.5,NaN,0.00055059,5.8854e-103,2.0233e-05
-4.53,-67.5,0,0.00081219,1.5912e-106,1.9332e-05
-4.53,-64.5,0,0.0003392,5.3957e-112,2.2842e-06
-4.53,-61.5,NaN,0.00012628,7.612e-118,6.2555e-08
-4.53,-58.5,NaN,0.00037893,4.2365e-92,8.2548e-06
-4.53,-55.5,NaN,0.00040521,5.6677e-75,4.0618e-05
-4.53,-52.5,NaN,0.00054331,2.8333e-62,0.00015971
-4.53,-49.5,NaN,0.00030066,4.6972e-58,5.8128e-05
-4.53,-46.5,NaN,8.4972e-05,6.4648e-59,6.7653e-06
-4.53,-43.5,NaN,0.00080348,6.8658e-46,0.00077709
-4.53,-40.5,NaN,0.00014832,2.6825e-50,2.6584e-05
-4.53,-37.5,NaN,0.00044261,3.9497e-43,0.00055945
-4.53,10.5,NaN,0.0001336,1.0545e-62,1.2541e-05
-4.53,13.5,NaN,2.5961e-05,1.2677e-75,1.0261e-07
-4.53,16.5,NaN,2.0475e-05,5.3367e-87,6.5336e-09
-4.53,19.5,NaN,2.4046e-05,5.8385e-103,3.5993e-10
-4.53,22.5,NaN,4.6523e-05,6.4099e-122,2.1199e-11
-4.53,25.5,NaN,0.00010057,6.2176e-80,1.7895e-07
-4.53,28.5,NaN,0.00031643,3.8739e-64,7.431e-06
-4.53,31.5,NaN,0.0018192,1.7185e-52,0.00061226
-4.53,34.5,NaN,0.0036918,3.8254e-49,0.0038005
-4.53,40.5,0,0.0040722,2.6045e-49,0.0026964
-4.53,109.5,0,0.001414,3.4706e-53,0.00046806
-4.53,112.5,0,0.0047226,4.4172e-49,0.0092646
-4.53,121.5,NaN,0.00013346,3.5393e-58,1.8795e-05
-1.51,-76.5,NaN,0.0033243,4.5675e-59,0.003873
-1.51,-73.5,NaN,0.00039295,6.9109e-73,4.1288e-05
-1.51,-70.5,NaN,0.00082571,2.257e-73,9.6917e-05
-1.51,-67.5,NaN,0.00046726,9.8345e-76,3.8236e-05
-1.51,-64.5,NaN,0.00016376,1.3459e-82,2.0829e-06
-1.51,-61.5,NaN,7.7859e-05,2.617e-92,5.1975e-08
-1.51,-58.5,NaN,0.00012646,8.5408e-85,4.2679e-07
-1.51,-55.5,NaN,0.00060022,1.3659e-65,7.354e-05
-1.51,-52.5,NaN,0.001389,8.4743e-54,0.0011957
-1.51,10.5,0,0.00043449,1.6342e-72,7.2802e-06
-1.51,13.5,NaN,6.3391e-05,1.6496e-83,6.7254e-08
-1.51,16.5,NaN,1.7149e-05,6.9411e-96,1.5229e-09
-1.51,19.5,NaN,2.3148e-05,4.5628e-112,1.2258e-10
-1.51,22.5,NaN,7.9818e-05,6.6612e-107,3.5204e-09
-1.51,25.5,NaN,4.6483e-05,1.9898e-85,3.7831e-08
-1.51,28.5,NaN,0.00012526,1.8796e-68,2.0041e-06
-1.51,31.5,NaN,0.00054491,4.1219e-56,9.2579e-05
-1.51,34.5,NaN,0.0014255,1.4777e-50,0.00074044
-1.51,37.5,0,0.0040712,1.4799e-48,0.0038113
-1.51,103.5,0,0.00053281,4.2851e-49,0.00013541
-1.51,106.5,0,0.0010125,1.2371e-53,0.00027326
-1.51,109.5,NaN,0.00031133,1.8762e-57,2.4715e-05
-1.51,112.5,NaN,0.00021606,4.9651e-58,2.3617e-05
-1.51,115.5,0,0.0013919,5.1146e-53,0.00093778
-1.51,124.5,0,0.0018539,9.0441e-53,0.0013764
-1.51,127.5,0,0.00019912,5.3411e-60,7.451e-05
-1.51,157.5,0,0.0078753,2.8124e-51,0.043605
-1.51,163.5,0,0.012916,1.3544e-49,0.075548
1.51,-73.5,NaN,0.00070041,5.1388e-56,0.00045045
1.51,-70.5,0,0.0027358,4.8912e-54,0.0041804
1.51,-67.5,NaN,0.00090928,4.9711e-57,0.00070243
1.51,-64.5,NaN,0.00027281,1.5992e-62,7.1667e-05
1.51,-61.5,NaN,9.2482e-05,1.0453e-69,5.0909e-06
1.51,-58.5,NaN,0.00058165,9.8164e-62,8.0807e-05
1.51,-55.5,0,0.00075507,1.42e-60,0.00011545
1.51,-52.5,NaN,0.0017175,1.2955e-54,0.00080821
1.51,-49.5,NaN,0.0037746,4.1282e-47,0.0085186
1.51,4.5,0,0.002179,1.2e-60,0.00057693
1.51,10.5,NaN,0.00041844,8.9357e-66,4.6635e-06
1.51,13.5,NaN,6.9094e-05,1.7573e-80,1.6654e-08
1.51,16.5,NaN,1.4474e-05,3.4679e-93,6.0636e-10
1.51,19.5,NaN,8.7586e-06,2.0529e-108,3.1277e-11
1.51,22.5,NaN,2.2801e-05,1.8122e-125,1.134e-12
1.51,25.5,NaN,5.8958e-05,2.7463e-93,3.7383e-09
1.51,28.5,NaN,5.1262e-05,3.6673e-73,9.0073e-08
1.51,31.5,NaN,9.6999e-05,2.7697e-61,1.2289e-06
1.51,34.5,NaN,0.00017814,8.4721e-55,9.123e-06
1.51,37.5,NaN,0.00042973,4.5454e-50,3.1011e-05
1.51,40.5,NaN,0.00076237,2.165e-46,8.2753e-05
1.51,43.5,NaN,0.0010254,1.752e-43,0.00012195
1.51,100.5,NaN,0.00010366,1.9018e-46,2.0746e-06
1.51,103.5,NaN,0.0012109,2.318e-46,5.862e-05
1.51,106.5,0,0.0004951,2.0275e-51,1.4161e-05
1.51,115.5,NaN,0.0047759,6.2497e-50,0.0030411
1.51,118.5,0,0.0051579,2.071e-49,0.0088873
1.51,130.5,NaN,2.1532e-05,1.1956e-64,6.7571e-06
1.51,133.5,NaN,0.0027002,9.872e-56,0.0029927
4.53,-73.5,NaN,0.00031969,8.1206e-57,0.00018553
4.53,-70.5,NaN,0.00056816,2.5553e-57,0.00044042
4.53,-67.5,0,0.0027046,4.5709e-55,0.0056361
4.53,-64.5,NaN,0.0015263,1.3222e-59,0.0018995
4.53,-61.5,NaN,0.0010866,5.8418e-61,0.0006884
4.53,-58.5,NaN,0.0023733,2.0355e-54,0.002468
4.53,-55.5,NaN,0.001062,1.3402e-54,0.0010485
4.53,-52.5,NaN,0.0036112,3.6378e-49,0.0073114
4.53,-49.5,NaN,0.0029698,4.2339e-46,0.0058248
4.53,-10.5,NaN,0.00015495,2.9779e-53,1.7421e-06
4.53,-7.5,NaN,0.00070555,1.1171e-46,0.00022265
4.53,-4.5,NaN,0.00065926,1.175e-48,0.00014297
4.53,-1.5,NaN,0.00080832,1.3889e-49,0.00017042
4.53,4.5,NaN,0.0010764,3.0487e-51,0.00022152
4.53,7.5,NaN,0.00032947,1.0377e-60,7.9303e-07
4.53,10.5,NaN,0.00041764,1.6641e-59,2.2114e-06
4.53,13.5,NaN,6.8829e-05,1.6597e-71,7.668e-09
4.53,16.5,NaN,7.9208e-06,1.0541e-85,1.36e-10
4.53,19.5,NaN,3.9453e-06,4.7857e-104,8.177e-12
4.53,22.5,NaN,9.053e-06,8.8763e-121,2.3734e-13
4.53,25.5,NaN,4.8902e-05,1.2647e-99,2.4914e-10
4.53,28.5,NaN,5.3643e-05,1.0776e-86,1.1788e-09
4.53,31.5,NaN,4.4576e-05,1.6604e-72,8.6768e-09
4.53,34.5,NaN,5.9633e-05,5.8069e-61,1.9126e-07
4.53,37.5,NaN,5.3113e-05,1.1241e-57,4.155e-07
4.53,40.5,NaN,2.5086e-05,4.3951e-60,8.2818e-08
4.53,43.5,NaN,0.00033691,3.181e-48,7.9233e-06
4.53,73.5,0,7.0239e-05,1.0591e-54,1.5924e-06
4.53,100.5,0,7.3124e-05,3.4693e-53,1.7204e-06
4.53,103.5,0,0.0010315,3.788e-48,0.00042931
4.53,112.5,0,0.00043147,1.5102e-58,5.623e-05
4.53,115.5,0,0.00032435,6.2729e-61,8.8205e-05
4.53,118.5,0,0.00011319,3.6623e-62,2.7202e-05
4.53,130.5,0,0.00049859,3.5367e-71,0.00025866
4.53,133.5,0,0.00068489,2.8828e-73,0.00032485
4.53,136.5,0,0.0044373,9.532e-64,0.0086753
7.56,-64.5,0,0.0024538,9.3231e-58,0.0059122
7.56,-61.5,0,0.0066321,6.5308e-56,0.021903
7.56,-58.5,NaN,0.0057751,5.158e-52,0.019594
7.56,-55.5,0,0.01115,5.4229e-48,0.048889
7.56,-10.5,NaN,0.00020592,6.6839e-56,1.801e-07
7.56,-7.5,NaN,0.00026475,4.1771e-52,1.7127e-06
7.56,-4.5,NaN,9.7424e-05,1.5714e-55,1.1422e-07
7.56,-1.5,NaN,0.00014481,3.4602e-54,4.0278e-07
7.56,1.5,NaN,0.00010973,3.0277e-57,7.9819e-08
7.56,4.5,NaN,7.116e-05,2.156e-60,2.5959e-08
7.56,7.5,NaN,4.863e-05,1.2964e-60,1.1451e-08
7.56,10.5,NaN,1.1779e-05,4.4899e-74,1.7291e-10
7.56,13.5,NaN,6.9215e-06,3.966e-77,8.1685e-11
7.56,16.5,NaN,2.1826e-06,5.4705e-90,5.8323e-12
7.56,19.5,NaN,1.2087e-06,1.4059e-104,6.782e-13
7.56,22.5,NaN,3.6459e-06,3.3398e-122,6.0145e-14
7.56,25.5,NaN,2.6671e-05,2.2311e-97,2.1658e-11
7.56,28.5,NaN,3.8163e-05,7.0908e-82,4.2736e-10
7.56,31.5,NaN,0.00010524,6.2158e-68,1.8408e-08
7.56,34.5,NaN,0.00066805,4.4137e-56,8.36e-06
7.56,37.5,0,0.0025132,3.3985e-51,0.00042586
7.56,49.5,0,0.0014471,3.6179e-46,0.00018878
7.56,73.5,0,8.8021e-05,2.9187e-56,1.3798e-06
7.56,76.5,0,0.0015522,1.3103e-46,0.00035997
7.56,100.5,0,0.00085332,3.66e-50,0.00046659
7.56,103.5,0,0.0026403,1.6706e-48,0.0033959
7.56,106.5,0,0.0028713,3.4186e-52,0.0031636
7.56,115.5,0,0.00046735,6.7323e-59,9.1374e-05
7.56,118.5,0,0.00045026,9.0329e-62,0.00021034
7.56,127.5,0,0.00027346,2.3475e-67,0.00014331
7.56,130.5,0,0.0008399,1.8689e-67,0.00065741
7.56,133.5,0,0.0010094,5.6843e-69,0.00057469
7.56,145.5,0,0.0046367,1.7318e-53,0.011376
10.62,-82.5,0,0.00065429,2.2532e-61,0.00045941
10.62,-13.5,0,0.00063514,7.7997e-50,5.7438e-06
10.62,-10.5,NaN,3.6422e-05,2.806e-61,2.0009e-09
10.62,-7.5,NaN,4.8231e-06,5.9619e-74,2.1224e-11
10.62,-4.5,NaN,1.1566e-05,6.7725e-67,3.3251e-10
10.62,-1.5,NaN,1.5008e-05,1.4166e-62,1.1737e-09
10.62,1.5,NaN,9.4773e-06,2.5947e-64,3.1022e-10
10.62,4.5,NaN,2.9837e-06,1.3411e-71,2.6376e-11
10.62,7.5,NaN,2.4788e-06,9.3963e-67,1.1981e-10
10.62,10.5,NaN,9.474e-07,1.0099e-77,5.5769e-12
10.62,13.5,NaN,5.0751e-07,1.0066e-85,1.4485e-12
10.62,16.5,NaN,2.2669e-07,3.4868e-97,2.6794e-13
10.62,19.5,NaN,2.692e-07,1.6421e-111,2.9818e-14
10.62,22.5,NaN,7.6281e-06,4.6937e-102,1.2075e-12
10.62,25.5,NaN,1.3003e-05,6.2914e-80,4.6056e-11
10.62,28.5,NaN,3.3053e-05,3.5836e-69,8.7723e-10
10.62,31.5,NaN,3.9704e-05,3.94e-66,9.9074e-09
10.62,34.5,NaN,0.00085467,1.1023e-56,1.6741e-05
10.62,37.5,0,0.0014877,9.1845e-57,0.00019786
10.62,40.5,0,0.00066563,8.0583e-62,3.5404e-05
10.62,43.5,NaN,0.00067966,3.744e-56,2.4876e-05
10.62,46.5,0,0.001157,1.4882e-52,0.00013509
10.62,70.5,NaN,1.3971e-05,2.7281e-50,2.7178e-08
10.62,73.5,NaN,3.8786e-07,4.0586e-56,5.4484e-11
10.62,76.5,NaN,2.1719e-05,1.0827e-42,1.9197e-06
10.62,79.5,NaN,1.9973e-05,2.9877e-41,2.8032e-06
10.62,97.5,0,0.0018066,3.8032e-49,3.0088e-05
10.62,100.5,0,0.00012762,4.359e-62,1.8631e-07
10.62,103.5,0,0.0020999,1.839e-51,0.00038023
10.62,106.5,NaN,0.0027593,1.3097e-48,0.0017589
10.62,109.5,0,0.0036323,2.2443e-47,0.0058902
10.62,121.5,0,0.0017739,7.0274e-49,0.00046488
13.71,-85.5,0,0.0014715,1.6448e-69,0.00064224
13.71,-64.5,0,0.00067898,3.5739e-62,0.00053777
13.71,-16.5,NaN,1.3689e-05,2.2912e-48,7.7348e-08
13.71,-13.5,NaN,3.2541e-06,1.4428e-55,9.946e-10
13.71,-10.5,NaN,1.5441e-06,5.5751e-62,5.7021e-11
13.71,-7.5,NaN,3.4356e-07,2.2658e-74,1.7213e-12
13.71,-4.5,NaN,3.0329e-07,3.6933e-80,9.188e-13
13.71,-1.5,NaN,5.6509e-07,3.0865e-74,5.3301e-12
13.71,1.5,NaN,3.529e-07,9.262e-75,3.1285e-12
13.71,4.5,NaN,1.195e-07,2.4344e-80,4.8302e-13
13.71,7.5,NaN,9.6986e-08,4.2085e-81,5.7777e-13
13.71,10.5,NaN,3.341e-08,2.6243e-88,6.7677e-14
13.71,13.5,NaN,2.9561e-08,2.9717e-99,6.6976e-15
13.71,16.5,NaN,2.1939e-07,8.5645e-95,1.8699e-14
13.71,19.5,NaN,2.3731e-07,1.5042e-94,2.9354e-14
13.71,22.5,NaN,1.8763e-07,2.2976e-98,1.3061e-14
13.71,25.5,NaN,5.759e-07,2.6475e-73,5.0893e-12
13.71,28.5,NaN,1.0717e-06,8.3417e-66,4.4839e-11
13.71,31.5,NaN,1.0292e-05,1.3987e-59,4.0237e-09
13.71,34.5,NaN,9.3911e-05,4.7697e-53,6.381e-07
13.71,40.5,0,1.9387e-05,5.4328e-63,2.0207e-07
13.71,43.5,NaN,0.00023141,2.3054e-54,3.229e-06
13.71,52.5,0,0.0013211,7.9793e-57,8.4647e-07
13.71,70.5,0,6.4672e-05,1.1667e-52,5.4667e-09
13.71,73.5,NaN,2.5949e-07,1.9489e-56,1.4228e-11
13.71,76.5,NaN,1.4133e-07,2.4444e-52,3.5608e-10
13.71,79.5,NaN,1.9378e-06,3.1548e-45,3.1042e-08
13.71,82.5,NaN,3.0102e-05,1.1317e-40,9.1259e-07
13.71,97.5,NaN,0.00093712,1.6446e-56,1.5216e-07
13.71,100.5,0,0.00019481,5.2243e-67,2.7583e-08
13.71,103.5,NaN,0.00058278,1.7983e-51,5.0605e-06
13.71,106.5,0,0.0012438,4.2598e-48,4.0858e-05
16.83,-94.5,0,0.0038565,9.0511e-63,0.0051814
16.83,-91.5,NaN,0.0031397,1.2816e-63,0.0064224
16.83,-88.5,NaN,0.0010312,1.8318e-71,0.00020477
16.83,-85.5,NaN,0.0011801,6.8783e-68,0.001656
16.83,-73.5,0,0.0042486,9.3357e-75,0.0083035
16.83,-70.5,0,0.00077749,1.7839e-83,0.00019445
16.83,-67.5,0,0.00059757,1.8661e-77,0.00022203
16.83,-13.5,NaN,1.2858e-07,1.9747e-56,9.4479e-11
16.83,-10.5,NaN,3.1658e-08,1.1862e-68,1.401e-12
16.83,-7.5,NaN,1.1941e-08,3.0601e-83,4.675e-14
16.83,-4.5,NaN,7.242e-09,8.1727e-97,3.3291e-15
16.83,-1.5,NaN,1.688e-08,2.0466e-91,4.368e-14
16.83,1.5,NaN,1.2651e-08,2.0397e-92,2.9958e-14
16.83,4.5,NaN,8.2858e-09,2.6047e-98,5.7245e-15
16.83,7.5,NaN,2.212e-07,4.6733e-93,3.4273e-14
16.83,10.5,NaN,7.4272e-08,9.5851e-84,1.413e-13
16.83,13.5,NaN,3.045e-08,6.0225e-79,2.6514e-13
16.83,16.5,NaN,1.4769e-08,5.6414e-78,2.0494e-13
16.83,19.5,NaN,1.3701e-08,4.3537e-78,1.2765e-13
16.83,22.5,NaN,9.6185e-09,1.0092e-81,1.7114e-14
16.83,25.5,NaN,3.6896e-08,7.5754e-72,1.2833e-12
16.83,28.5,NaN,2.1529e-07,1.081e-60,4.348e-11
16.83,31.5,NaN,1.939e-06,2.9704e-53,5.3178e-09
16.83,34.5,NaN,2.0639e-06,4.2182e-52,6.6886e-08
16.83,40.5,NaN,1.1944e-07,8.4782e-64,1.6671e-10
16.83,43.5,NaN,2.2967e-06,9.0529e-60,8.6757e-10
16.83,46.5,NaN,8.6587e-05,1.4451e-55,1.9257e-07
16.83,52.5,0,0.001017,1.7628e-61,6.6142e-08
16.83,55.5,0,0.0027338,1.0344e-54,9.5178e-06
16.83,73.5,NaN,2.5893e-07,5.8809e-60,8.9366e-12
16.83,76.5,NaN,5.4687e-08,1.2004e-71,2.6637e-14
16.83,79.5,NaN,9.0642e-06,3.9333e-55,1.0309e-09
16.83,82.5,NaN,2.137e-05,1.3898e-49,1.0983e-07
16.83,85.5,NaN,0.00010576,1.8933e-46,1.9774e-06
16.83,91.5,NaN,0.0010218,1.4824e-60,4.0386e-07
16.83,94.5,NaN,0.0019469,1.2704e-50,4.7954e-05
16.83,97.5,NaN,0.00086338,1.0724e-69,1.2658e-07
16.83,100.5,0,0.00047343,1.6841e-57,4.6336e-06
16.83,103.5,NaN,0.0014281,6.1967e-52,1.8737e-05
16.83,121.5,0,0.00096965,2.0001e-43,0.00019741
20.01,-97.5,NaN,0.004736,1.4985e-48,0.01283
20.01,-94.5,0,0.0046775,1.673e-50,0.018009
20.01,-76.5,0,0.0032994,6.3765e-71,0.0073256
20.01,-73.5,0,0.0028766,2.5393e-71,0.0057846
20.01,-13.5,NaN,1.3046e-07,5.9418e-57,1.2366e-10
20.01,-10.5,NaN,9.7746e-09,2.3624e-67,2.1383e-12
20.01,-7.5,NaN,4.9515e-09,6.7176e-76,3.4306e-13
20.01,-4.5,NaN,4.474e-09,9.5707e-88,1.6292e-14
20.01,-1.5,NaN,1.2951e-08,4.0131e-102,1.2096e-15
20.01,1.5,NaN,2.9849e-07,5.3436e-102,1.3743e-14
20.01,4.5,NaN,8.8087e-08,3.685e-91,8.974e-14
20.01,7.5,NaN,3.1589e-08,1.2589e-83,3.0841e-13
20.01,10.5,NaN,2.9264e-08,2.9228e-72,6.2631e-12
20.01,13.5,NaN,3.1137e-08,2.6628e-65,2.3165e-11
20.01,16.5,NaN,1.8864e-08,5.6719e-65,1.8694e-11
20.01,19.5,NaN,1.1658e-08,2.2478e-65,1.779e-11
20.01,22.5,NaN,5.201e-09,4.7317e-70,1.4416e-12
20.01,25.5,NaN,1.6164e-08,4.2606e-67,9.7656e-12
20.01,28.5,NaN,5.2623e-08,5.1126e-59,7.5626e-10
20.01,31.5,NaN,7.7661e-07,2.4701e-53,2.2146e-08
20.01,37.5,NaN,4.0145e-05,1.6623e-54,3.8874e-07
20.01,40.5,NaN,2.9253e-06,1.5771e-65,1.4456e-09
20.01,43.5,NaN,4.0538e-06,1.0383e-58,1.3027e-08
20.01,52.5,0,1.6269e-05,2.0069e-68,1.4724e-08
20.01,64.5,0,5.6098e-06,1.2449e-62,1.4235e-08
20.01,67.5,NaN,2.9883e-06,5.0091e-64,2.3321e-10
20.01,70.5,NaN,1.3215e-05,7.6167e-57,5.8865e-09
20.01,73.5,NaN,1.2147e-06,3.4975e-68,4.2152e-11
20.01,76.5,NaN,8.7642e-07,2.871e-79,8.3509e-14
20.01,79.5,NaN,2.6928e-05,8.7297e-72,2.1891e-11
20.01,82.5,NaN,2.3144e-05,2.2303e-70,3.2533e-10
20.01,85.5,NaN,0.00019845,2.4991e-60,3.3859e-07
20.01,88.5,NaN,0.0012066,5.9374e-59,5.771e-05
20.01,91.5,0,0.0011279,3.6507e-75,5.1504e-06
20.01,94.5,NaN,0.0011673,3.0265e-69,7.8308e-05
20.01,97.5,0,0.00082698,6.0431e-77,2.6222e-05
20.01,100.5,NaN,0.0011157,1.4774e-59,0.0005818
20.01,103.5,NaN,0.0016855,2.934e-60,0.00017146
20.01,106.5,NaN,0.0010904,8.2994e-59,8.3082e-05
20.01,109.5,NaN,0.00035806,6.9516e-57,2.6002e-05
23.26,-100.5,NaN,0.0084571,1.3419e-32,0.041494
23.26,-97.5,NaN,0.01348,2.6533e-33,0.077946
23.26,-85.5,NaN,0.0014248,2.3544e-49,0.00405
23.26,-13.5,NaN,9.2213e-06,1.225e-56,3.2714e-09
23.26,-10.5,NaN,3.3339e-06,1.3528e-60,1.0171e-09
23.26,-7.5,NaN,2.6021e-07,2.9187e-70,2.6406e-11
23.26,-4.5,NaN,3.7661e-08,2.7038e-80,9.6785e-13
23.26,-1.5,NaN,1.4951e-08,1.0544e-92,4.1319e-14
23.26,1.5,NaN,1.4167e-08,5.9104e-100,1.3846e-14
23.26,4.5,NaN,1.0059e-07,4.4477e-82,3.5245e-12
23.26,7.5,NaN,1.5778e-07,1.3248e-71,4.1721e-11
23.26,10.5,0,2.112e-07,3.3562e-67,2.674e-10
23.26,13.5,NaN,1.023e-06,7.9675e-56,3.191e-08
23.26,16.5,NaN,1.0875e-06,1.0304e-54,3.6389e-08
23.26,19.5,NaN,6.9236e-07,1.3571e-56,1.3661e-08
23.26,22.5,NaN,8.2384e-07,4.246e-61,5.896e-10
23.26,25.5,NaN,8.7628e-07,5.8488e-63,3.2988e-10
23.26,28.5,NaN,1.1038e-05,1.9861e-55,5.4938e-08
23.26,31.5,0,0.00052705,7.0459e-49,3.248e-05
23.26,34.5,0,0.00014843,2.3847e-56,1.9454e-07
23.26,37.5,NaN,0.00014418,4.4404e-60,7.667e-08
23.26,40.5,NaN,0.00074609,3.2644e-49,9.2913e-06
23.26,43.5,NaN,6.7233e-05,4.4123e-54,2.9606e-07
23.26,49.5,0,0.00010119,1.1923e-60,5.6517e-07
23.26,67.5,NaN,1.962e-06,4.9597e-65,5.9327e-10
23.26,70.5,NaN,7.3498e-07,5.6557e-78,8.185e-13
23.26,73.5,NaN,1.265e-06,1.1198e-80,4.7691e-13
23.26,76.5,NaN,8.8687e-07,1.1212e-88,6.1941e-14
23.26,79.5,NaN,4.7333e-05,1.7071e-83,2.2493e-11
23.26,82.5,NaN,0.00024274,1.0692e-74,1.0239e-08
23.26,85.5,NaN,0.00074871,1.1631e-69,1.0123e-06
23.26,88.5,NaN,0.0012081,1.5261e-71,1.0751e-05
23.26,91.5,0,0.001781,4.4447e-83,5.103e-06
23.26,94.5,NaN,0.0010768,2.7294e-97,6.575e-08
23.26,97.5,NaN,0.001401,2.5541e-87,6.135e-06
23.26,100.5,0,0.0016797,3.2285e-81,0.00019503
23.26,103.5,0,0.00072961,7.6333e-83,8.9299e-05
23.26,106.5,0,0.0001608,3.241e-87,3.9731e-06
23.26,109.5,0,0.00025957,1.0427e-78,9.7332e-06
23.26,112.5,NaN,0.0001428,1.0605e-74,1.532e-05
23.26,115.5,NaN,0.0002386,3.171e-65,0.00011919
26.59,-106.5,NaN,0.0087013,1.3609e-20,0.046564
26.59,-103.5,NaN,0.0056569,2.7205e-22,0.027701
26.59,-100.5,NaN,0.01919,3.4634e-21,0.11646
26.59,-97.5,NaN,0.022474,1.8398e-21,0.14204
26.59,-10.5,NaN,0.00045221,1.8878e-59,2.2149e-06
26.59,-7.5,0,0.00021695,2.2028e-67,5.6901e-07
26.59,-4.5,0,2.3841e-05,1.4685e-78,7.4613e-09
26.59,-1.5,NaN,4.7268e-06,4.4205e-80,4.0078e-10
26.59,1.5,NaN,7.024e-07,1.9485e-83,1.7288e-11
26.59,4.5,NaN,7.6265e-07,1.8468e-74,1.9252e-10
26.59,7.5,NaN,5.8981e-06,5.4257e-60,1.4877e-08
26.59,10.5,NaN,2.9103e-05,6.0966e-53,4.973e-07
26.59,13.5,NaN,0.00010434,1.7285e-48,7.9089e-06
26.59,16.5,NaN,0.00079888,1.6262e-45,7.9092e-05
26.59,19.5,0,0.00034897,9.7688e-52,4.817e-06
26.59,22.5,NaN,0.00010479,3.8252e-51,8.8163e-07
26.59,25.5,NaN,0.00018605,1.2727e-47,3.0818e-06
26.59,28.5,NaN,5.6535e-05,7.9036e-50,2.9605e-07
26.59,34.5,NaN,7.2645e-05,2.382e-52,3.4046e-07
26.59,37.5,NaN,0.00048769,4.5241e-49,2.576e-05
26.59,40.5,NaN,3.8252e-05,2.5497e-48,5.6003e-06
26.59,55.5,0,2.1908e-05,2.0798e-62,1.2673e-07
26.59,58.5,NaN,1.2698e-05,4.0826e-61,4.6303e-08
26.59,61.5,NaN,8.6054e-05,2.015e-55,6.2105e-07
26.59,64.5,NaN,6.0975e-05,4.8703e-56,3.1001e-07
26.59,67.5,NaN,4.6794e-06,3.4011e-64,4.3667e-09
26.59,70.5,NaN,2.5873e-07,5.5204e-85,1.9605e-13
26.59,73.5,NaN,3.906e-08,7.1849e-93,7.8192e-14
26.59,76.5,0,1.7064e-07,2.0428e-98,1.0351e-13
26.59,79.5,NaN,4.4674e-06,1.2077e-95,2.3348e-12
26.59,82.5,NaN,1.5479e-05,1.1483e-87,5.1325e-11
26.59,85.5,NaN,3.8219e-05,1.3867e-84,1.3585e-09
26.59,88.5,NaN,4.4879e-05,7.1922e-88,8.3247e-09
26.59,91.5,NaN,4.9576e-05,2.7171e-96,1.2652e-08
26.59,94.5,0,0.00012502,9.3749e-109,9.8452e-09
26.59,97.5,0,0.00023588,3.5278e-104,7.1543e-07
26.59,100.5,0,7.7978e-05,1.2181e-101,1.9953e-06
26.59,103.5,0,1.6461e-05,1.9583e-104,5.4801e-08
26.59,106.5,0,4.4497e-05,3.3983e-103,1.0103e-07
26.59,109.5,0,4.8843e-05,3.8776e-102,1.1485e-07
26.59,112.5,NaN,0.00010534,1.4519e-92,2.0271e-06
26.59,115.5,0,0.00025874,7.5285e-80,7.2458e-05
26.59,118.5,NaN,0.0013547,9.3557e-66,0.0019018
26.59,121.5,0,0.0044793,8.131e-59,0.012785
30.02,-109.5,NaN,0.027515,2.1944e-10,0.15869
30.02,-106.5,NaN,0.012457,7.4687e-12,0.073049
30.02,-103.5,0,0.005217,8.8033e-16,0.028406
30.02,-100.5,NaN,0.038767,2.6354e-12,0.24025
30.02,-97.5,NaN,0.029551,7.5355e-15,0.18159
30.02,-85.5,0,0.006383,9.0355e-33,0.026404
30.02,-7.5,0,0.0012432,1.1301e-61,3.5329e-05
30.02,-4.5,0,0.00070351,7.9949e-66,1.3644e-05
30.02,-1.5,NaN,0.00044994,4.2045e-62,1.1802e-05
30.02,1.5,0,7.975e-05,2.024e-70,5.5827e-08
30.02,4.5,0,0.00018473,2.8663e-60,1.0737e-06
30.02,7.5,NaN,0.00021079,1.107e-54,1.4762e-06
30.02,10.5,NaN,0.00033707,1.7781e-51,6.2233e-06
30.02,13.5,0,0.0037152,1.0766e-42,0.0033758
30.02,22.5,0,0.0010967,5.6521e-46,9.0406e-05
30.02,31.5,0,0.00029715,1.074e-42,3.6894e-05
30.02,37.5,NaN,1.3271e-05,1.5244e-54,5.4668e-08
30.02,40.5,0,0.00051219,7.7907e-49,0.00016976
30.02,43.5,0,6.0511e-05,2.162e-58,5.3378e-07
30.02,46.5,NaN,0.00061687,1.2034e-52,2.46e-05
30.02,49.5,NaN,4.5947e-05,9.0799e-60,2.0981e-07
30.02,52.5,NaN,0.00010486,1.5446e-56,1.2686e-06
30.02,55.5,NaN,1.7876e-05,6.5263e-67,1.8155e-09
30.02,58.5,NaN,1.3068e-05,6.8075e-67,1.3242e-09
30.02,61.5,NaN,1.5369e-05,9.492e-66,1.1389e-09
30.02,64.5,NaN,1.0712e-05,6.0418e-69,2.234e-10
30.02,67.5,NaN,8.3185e-06,1.6816e-73,3.0444e-11
30.02,70.5,NaN,6.3499e-06,3.163e-81,9.9423e-12
30.02,73.5,NaN,1.172e-06,4.5532e-97,2.3465e-14
30.02,76.5,NaN,1.6636e-07,9.7242e-114,1.0485e-16
30.02,79.5,NaN,1.9935e-08,4.1991e-130,1.2031e-18
30.02,82.5,NaN,3.1617e-07,1.3525e-107,1.4412e-14
30.02,85.5,0,8.3089e-07,1.1269e-104,7.66e-13
30.02,88.5,NaN,3.8846e-07,1.3195e-105,1.6698e-12
30.02,91.5,NaN,1.7317e-07,4.3615e-111,7.5815e-13
30.02,94.5,NaN,8.4655e-08,1.3237e-120,1.5151e-13
30.02,97.5,0,3.0819e-06,8.2253e-115,5.7354e-11
30.02,100.5,0,2.5649e-06,2.0618e-116,8.3311e-12
30.02,103.5,0,6.2261e-06,8.0533e-111,2.131e-10
30.02,106.5,0,6.0093e-06,6.3572e-112,7.0565e-11
30.02,109.5,NaN,7.8025e-06,3.4221e-112,4.6555e-10
30.02,112.5,NaN,1.4762e-05,9.028e-102,2.2207e-08
30.02,115.5,0,0.0001069,1.7346e-84,6.088e-06
30.02,118.5,NaN,0.00063749,2.1377e-72,0.00027358
30.02,121.5,0,0.0051025,8.5346e-62,0.012365
30.02,124.5,0,0.0053782,7.5384e-57,0.019009
33.57,-112.5,0,0.31366,0.01146,0.79363
33.57,-109.5,0,0.24576,0.0031925,0.69067
33.57,-106.5,0,0.050754,5.7458e-06,0.23942
33.57,-103.5,0,0.0070948,1.0777e-12,0.032649
33.57,-100.5,NaN,0.034173,3.9868e-10,0.20589
33.57,-97.5,NaN,0.035758,3.0169e-10,0.2101
33.57,-94.5,NaN,0.05041,2.2906e-11,0.29716
33.57,-91.5,NaN,0.067212,3.2293e-13,0.42119
33.57,-88.5,NaN,0.042574,1.3349e-16,0.28142
33.57,-85.5,NaN,0.0045634,4.9487e-25,0.018549
33.57,-82.5,NaN,0.022995,3.8007e-23,0.1513
33.57,-4.5,0,0.0010856,2.3267e-53,1.3052e-05
33.57,-1.5,0,0.0021345,7.5028e-48,0.00035861
33.57,1.5,NaN,0.0014228,2.4332e-47,0.00010204
33.57,4.5,NaN,0.0029635,2.586e-46,0.00043534
33.57,7.5,NaN,0.00070626,4.9129e-54,3.2018e-05
33.57,10.5,0,0.0019874,5.498e-53,0.00071958
33.57,13.5,0,0.0014889,2.6851e-55,0.00063331
33.57,22.5,0,0.00073021,2.462e-56,0.00061856
33.57,25.5,0,0.00021741,2.8039e-57,4.9536e-05
33.57,40.5,0,0.00073037,2.4006e-52,7.6621e-05
33.57,43.5,NaN,0.0025881,8.7455e-50,0.00056348
33.57,46.5,0,0.00088067,2.57e-60,0.00012983
33.57,49.5,0,0.0025589,1.0437e-58,0.00031811
33.57,52.5,0,0.00065819,3.2533e-64,3.7996e-06
33.57,55.5,NaN,0.00010268,1.5515e-73,1.0396e-08
33.57,58.5,NaN,0.00023709,1.637e-68,4.9413e-08
33.57,61.5,NaN,6.5576e-05,2.0724e-80,3.0232e-10
33.57,64.5,NaN,6.5963e-05,9.5889e-86,1.7823e-10
33.57,67.5,0,4.7098e-05,2.7589e-96,2.0503e-11
33.57,70.5,NaN,5.6418e-06,1.164e-101,5.0723e-12
33.57,73.5,NaN,1.3438e-06,1.7158e-116,4.1613e-14
33.57,76.5,NaN,2.9865e-07,9.3842e-133,1.6659e-16
33.57,79.5,NaN,7.983e-08,5.2343e-147,1.1233e-18
33.57,82.5,NaN,5.882e-08,8.6112e-136,2.3662e-16
33.57,85.5,NaN,6.4303e-08,1.73e-132,7.557e-16
33.57,88.5,NaN,6.0381e-08,1.5093e-133,7.6587e-16
33.57,91.5,NaN,5.5608e-08,2.5438e-137,1.9257e-16
33.57,94.5,NaN,3.4122e-08,1.193e-147,2.6098e-18
33.57,97.5,NaN,5.1924e-08,4.6952e-137,2.6434e-17
33.57,100.5,NaN,8.307e-08,3.8282e-133,4.2217e-17
33.57,103.5,NaN,4.9072e-07,8.9337e-114,2.122e-14
33.57,106.5,NaN,5.6423e-06,2.9157e-94,1.8104e-11
33.57,109.5,NaN,1.9888e-05,1.2731e-83,2.7651e-09
33.57,112.5,NaN,1.0521e-05,4.6088e-80,9.7529e-08
33.57,115.5,NaN,0.00010614,1.6169e-71,6.5162e-06
33.57,118.5,0,0.00081915,3.4382e-65,0.00041413
33.57,121.5,0,0.0026756,4.1331e-59,0.0034453
33.57,130.5,NaN,0.001488,5.5735e-43,0.0043063
33.57,133.5,NaN,0.0015424,6.3681e-36,0.0046176
37.27,-112.5,1,0.53436,0.1859,0.86833
37.27,-109.5,1,0.37117,0.080095,0.71866
37.27,-106.5,0,0.16617,0.0036808,0.50583
37.27,-103.5,NaN,0.011682,3.7307e-10,0.065144
37.27,-100.5,0,0.043374,6.9054e-09,0.26164
37.27,-97.5,0,0.029682,5.7511e-10,0.17093
37.27,-94.5,NaN,0.023736,1.7299e-11,0.13329
37.27,-91.5,NaN,0.0097356,7.6262e-15,0.054453
37.27,-88.5,NaN,0.0044504,8.053e-19,0.0226
37.27,-85.5,NaN,0.00087861,1.1069e-26,0.0017854
37.27,-82.5,NaN,0.003614,1.2208e-25,0.014331
37.27,-79.5,NaN,0.0078732,5.093e-27,0.038778
37.27,-76.5,NaN,0.038394,7.9859e-28,0.27132
37.27,-67.5,0,0.0080676,1.1584e-45,0.029605
37.27,-7.5,0,0.00041586,1.0896e-51,2.4412e-05
37.27,-4.5,0,0.0037865,8.2422e-44,0.0060285
37.27,-1.5,0,0.0035796,5.9981e-46,0.0054497
37.27,4.5,0,0.00068519,4.7199e-57,0.00047659
37.27,10.5,0,0.0003673,3.3326e-71,0.00011412
37.27,13.5,0,0.0022272,4.3784e-67,0.0026918
37.27,16.5,0,0.0030516,2.5151e-71,0.003321
37.27,19.5,0,0.00077621,5.1025e-79,0.00019839
37.27,22.5,0,0.00023759,1.4617e-80,1.3902e-05
37.27,25.5,0,0.0012164,9.4456e-71,0.00030383
37.27,28.5,0,0.0011147,1.2068e-64,0.00024402
37.27,31.5,0,0.0013853,5.5762e-62,0.00030369
37.27,34.5,0,0.00099714,6.3948e-62,0.00014662
37.27,37.5,0,0.0027794,6.614e-57,0.00059407
37.27,40.5,0,0.0018533,1.6495e-56,0.00026113
37.27,43.5,NaN,0.0010743,1.4621e-55,0.00019993
37.27,46.5,NaN,0.0022274,8.7038e-53,0.00053481
37.27,55.5,NaN,0.0013536,2.0113e-54,0.00071497
37.27,58.5,NaN,0.00014677,1.5261e-65,3.5058e-06
37.27,61.5,NaN,0.0001268,3.0502e-71,5.4312e-07
37.27,64.5,NaN,5.4995e-05,8.7338e-86,8.8304e-09
37.27,67.5,NaN,3.0005e-05,2.634e-98,2.4204e-10
37.27,70.5,NaN,2.8691e-05,7.5193e-111,9.2901e-12
37.27,73.5,NaN,4.7296e-05,3.5661e-122,1.0599e-12
37.27,76.5,NaN,6.7533e-06,3.9127e-151,6.7729e-15
37.27,79.5,NaN,4.5236e-06,4.4669e-169,1.4611e-16
37.27,82.5,NaN,3.3772e-06,1.4027e-188,7.6335e-19
37.27,85.5,NaN,3.1586e-06,1.949e-177,6.3839e-19
37.27,88.5,0,1.2004e-05,5.2395e-169,4.3445e-17
37.27,91.5,NaN,1.4829e-05,1.1433e-169,4.2241e-17
37.27,94.5,NaN,1.0634e-05,1.3273e-176,8.9774e-18
37.27,97.5,NaN,1.9808e-05,2.3091e-155,1.7471e-16
37.27,100.5,0,2.2018e-05,1.0406e-139,1.0929e-14
37.27,103.5,0,3.5338e-05,8.4899e-122,5.5081e-13
37.27,106.5,NaN,4.3032e-05,2.6345e-103,1.9699e-11
37.27,109.5,NaN,0.00019903,5.7693e-81,7.1879e-09
37.27,112.5,NaN,0.00023483,5.7928e-67,4.049e-07
37.27,115.5,NaN,0.0001198,1.0533e-59,2.7019e-06
37.27,118.5,NaN,0.00019331,2.81e-54,1.0968e-05
37.27,121.5,0,0.00064598,4.1858e-44,0.00071064
37.27,127.5,0,0.0029267,1.426e-34,0.0092635
37.27,130.5,0,0.0058293,2.2545e-28,0.022665
37.27,136.5,0,0.0024941,7.73e-28,0.0058257
41.17,-115.5,0,0.57653,0.16869,0.93212
41.17,-112.5,1,0.27631,0.033249,0.65308
41.17,-109.5,NaN,0.16749,0.0077732,0.47033
41.17,-106.5,0,0.078918,0.00011308,0.33503
41.17,-103.5,NaN,0.0052739,9.1567e-13,0.027691
41.17,-100.5,NaN,0.010038,4.8641e-14,0.056968
41.17,-97.5,0,0.0072045,2.9301e-14,0.040409
41.17,-94.5,NaN,0.0034692,1.9273e-16,0.016898
41.17,-91.5,NaN,0.0012884,3.1608e-20,0.0043637
41.17,-88.5,NaN,0.00058903,1.8444e-24,0.0012022
41.17,-85.5,NaN,0.00017472,3.692e-31,0.00012063
41.17,-82.5,NaN,0.0005912,1.566e-29,0.00081108
41.17,-79.5,NaN,0.002048,3.4848e-29,0.0044968
41.17,-76.5,NaN,0.0047694,3.8226e-30,0.017728
41.17,-73.5,NaN,0.019508,1.4131e-30,0.11559
41.17,-64.5,0,0.0081411,7.5835e-46,0.030356
41.17,-7.5,NaN,0.00015421,9.1355e-53,7.231e-06
41.17,-4.5,NaN,0.00048206,1.8334e-50,8.7776e-05
41.17,-1.5,0,0.00051314,9.6133e-56,7.0438e-05
41.17,1.5,0,0.0015905,1.7049e-54,0.0011119
41.17,4.5,0,0.003042,3.0533e-53,0.0053822
41.17,10.5,0,0.00032174,2.2781e-68,7.4386e-05
41.17,13.5,0,0.0019794,6.9326e-64,0.0020413
41.17,16.5,0,0.00050914,4.7865e-77,7.5907e-05
41.17,19.5,0,0.00014506,3.2366e-83,5.0659e-06
41.17,22.5,0,0.00095923,2.6913e-74,0.00016284
41.17,25.5,0,6.2626e-05,6.1519e-81,1.7146e-06
41.17,37.5,0,0.0016581,9.9849e-71,0.00024292
41.17,43.5,0,0.0021249,2.5117e-70,0.00047221
41.17,64.5,NaN,0.00020409,4.0082e-91,1.6036e-06
41.17,67.5,0,0.00019139,3.2127e-104,1.4881e-07
41.17,70.5,NaN,0.00011961,4.5888e-117,6.1679e-09
41.17,73.5,0,0.00013949,1.1093e-133,8.4112e-10
41.17,76.5,NaN,9.2758e-05,1.4236e-152,1.86e-11
41.17,79.5,NaN,0.00010155,1.2912e-166,9.2392e-13
41.17,82.5,0,0.00010902,2.8058e-187,3.149e-14
41.17,85.5,NaN,7.8267e-05,2.1686e-203,1.1515e-16
41.17,88.5,0,0.00010961,6.4399e-216,5.8577e-18
41.17,91.5,NaN,4.4866e-05,2.0196e-215,1.8135e-19
41.17,94.5,0,9.6204e-05,3.4868e-179,1.478e-15
41.17,97.5,NaN,7.7338e-05,5.0569e-161,4.8901e-14
41.17,100.5,0,0.0001041,6.9815e-144,8.3259e-12
41.17,103.5,0,9.2615e-05,3.8321e-124,1.2991e-10
41.17,106.5,NaN,0.0001463,1.041e-98,4.0083e-09
41.17,109.5,NaN,0.00021053,9.861e-78,5.9382e-08
41.17,112.5,NaN,0.00013597,1.6191e-64,3.251e-07
41.17,115.5,NaN,0.00010651,3.4564e-53,1.979e-06
41.17,118.5,NaN,9.3527e-05,1.0437e-43,1.1149e-05
41.17,121.5,NaN,0.00016586,1.6624e-33,8.1255e-05
41.17,124.5,NaN,0.00062554,3.5257e-24,0.0013515
41.17,127.5,0,0.007729,3.1827e-16,0.041173
41.17,133.5,0,0.016072,1.9263e-12,0.09312
41.17,136.5,0,0.0096399,3.91e-14,0.04993
41.17,139.5,0,0.038936,4.094e-09,0.21681
45.32,-118.5,NaN,0.31824,0.022236,0.75724
45.32,-115.5,NaN,0.10107,0.00095569,0.38131
45.32,-112.5,0,0.068727,0.0001256,0.28787
45.32,-109.5,0,0.039221,5.48e-06,0.19378
45.32,-106.5,0,0.0060189,1.0527e-10,0.030565
45.32,-103.5,NaN,0.0019436,2.9781e-21,0.0045436
45.32,-100.5,0,0.00072425,2.0539e-31,0.00048794
45.32,-97.5,NaN,0.0009733,4.9781e-27,0.0021652
45.32,-94.5,0,0.0004002,1.4368e-28,0.00059763
45.32,-91.5,NaN,0.00015406,1.1081e-31,0.00013075
45.32,-88.5,NaN,6.875e-05,2.152e-35,3.0793e-05
45.32,-85.5,NaN,0.00020167,1.1147e-31,0.000146
45.32,-82.5,NaN,0.00029776,1.2155e-30,0.00026099
45.32,-79.5,NaN,0.0004166,2.8284e-30,0.0003778
45.32,-76.5,NaN,0.00045879,3.2681e-31,0.00041413
45.32,-73.5,NaN,0.00070011,7.9656e-32,0.00073669
45.32,-70.5,NaN,0.0022632,3.3839e-31,0.0048387
45.32,-67.5,NaN,0.0082811,1.9238e-29,0.035848
45.32,-64.5,NaN,0.0026226,3.3009e-34,0.0077429
45.32,-61.5,NaN,0.00096501,6.2068e-38,0.0015011
45.32,-58.5,NaN,0.0043673,5.9597e-34,0.014071
45.32,1.5,0,0.00015147,2.9501e-61,9.2387e-06
45.32,4.5,0,0.00051959,4.1817e-57,0.00013982
45.32,7.5,0,0.001873,2.2189e-57,0.0017922
45.32,10.5,0,0.00026622,1.1263e-65,8.417e-05
45.32,13.5,0,0.0014084,5.692e-66,0.00078189
45.32,16.5,0,0.0023704,7.7326e-70,0.0023442
45.32,19.5,0,0.00028756,3.4497e-83,4.5022e-05
45.32,22.5,0,0.0026385,1.571e-76,0.0028702
45.32,25.5,0,0.00055193,9.067e-86,2.8478e-05
45.32,28.5,NaN,0.00036266,9.6392e-85,1.4105e-05
45.32,31.5,0,0.0018988,1.8291e-74,0.0013911
45.32,55.5,0,0.0017533,8.935e-88,0.0005593
45.32,58.5,NaN,0.00067976,3.6155e-89,0.0001454
45.32,61.5,NaN,8.2282e-05,1.1722e-96,2.8245e-06
45.32,64.5,NaN,3.7112e-05,1.0093e-106,1.1976e-07
45.32,67.5,NaN,7.111e-05,2.7104e-114,3.5161e-08
45.32,70.5,NaN,0.00011609,2.9391e-126,3.8024e-09
45.32,73.5,NaN,0.00019302,1.6006e-139,4.6618e-10
45.32,76.5,0,0.000323,4.7704e-154,6.421e-11
45.32,79.5,NaN,0.00028254,8.1263e-169,1.8389e-12
45.32,82.5,NaN,0.00026904,1.4809e-182,3.4781e-14
45.32,85.5,0,0.00024125,4.2175e-198,4.4421e-16
45.32,88.5,NaN,9.3321e-05,8.753e-204,2.0304e-18
45.32,91.5,NaN,0.00011069,2.2025e-224,2.6844e-21
45.32,94.5,NaN,0.00016328,7.1354e-176,8.6083e-17
45.32,97.5,NaN,8.9124e-05,5.8577e-149,6.7044e-15
45.32,100.5,NaN,0.00013325,4.607e-134,8.2679e-14
45.32,103.5,NaN,0.000102,8.6788e-114,2.6062e-12
45.32,106.5,NaN,8.7384e-05,1.2264e-95,5.5561e-11
45.32,109.5,NaN,8.434e-05,5.7778e-80,1.0608e-09
45.32,112.5,NaN,9.4927e-05,1.4265e-65,1.8612e-08
45.32,115.5,NaN,0.00012842,2.4608e-48,8.696e-07
45.32,118.5,NaN,0.0002176,8.0544e-37,1.233e-05
45.32,121.5,NaN,0.00040799,9.5012e-26,0.00026633
45.32,124.5,NaN,0.00096546,8.2001e-18,0.0027923
45.32,127.5,0,0.0026621,2.6392e-13,0.010857
45.32,130.5,NaN,0.0081113,4.2432e-08,0.044122
45.32,133.5,0,0.060822,3.5305e-05,0.28514
45.32,139.5,0,0.13021,0.0019805,0.45031
45.32,142.5,1,0.28381,0.018687,0.72919
49.8,-118.5,NaN,0.29228,0.0094397,0.77015
49.8,-115.5,0,0.14119,0.0010379,0.49985
49.8,-112.5,NaN,0.039731,2.9574e-05,0.183
49.8,-109.5,NaN,0.0052158,1.4078e-09,0.027477
49.8,-106.5,NaN,0.002738,1.9123e-17,0.008341
49.8,-103.5,NaN,0.0012861,1.9164e-24,0.0016781
49.8,-100.5,NaN,0.00070104,2.4188e-33,0.00023873
49.8,-97.5,NaN,0.00045539,1.5007e-43,2.5359e-05
49.8,-94.5,NaN,0.00033945,1.0484e-55,2.7716e-06
49.8,-91.5,NaN,0.00035009,8.0457e-55,5.3258e-06
49.8,-88.5,NaN,0.00029785,1.8218e-44,2.2606e-05
49.8,-85.5,NaN,0.00012127,2.1385e-40,1.7041e-05
49.8,-82.5,NaN,5.372e-05,7.3026e-38,1.338e-05
49.8,-79.5,NaN,5.1818e-05,6.5676e-35,2.2733e-05
49.8,-76.5,NaN,5.7821e-05,2.4835e-33,2.7968e-05
49.8,-73.5,NaN,6.4042e-05,5.0388e-33,2.5238e-05
49.8,-70.5,NaN,0.00011021,1.2263e-32,4.5734e-05
49.8,-67.5,NaN,8.7035e-05,5.4995e-34,2.8828e-05
49.8,-64.5,NaN,4.5456e-05,1.234e-36,8.9609e-06
49.8,-61.5,NaN,0.0001886,9.7378e-35,5.5172e-05
49.8,-58.5,NaN,0.00019533,4.9295e-35,6.0183e-05
49.8,-55.5,NaN,0.00038097,4.0523e-34,0.00019854
49.8,-52.5,NaN,0.00020677,2.5303e-36,8.2177e-05
49.8,-49.5,NaN,0.0016767,1.6888e-32,0.0016947
49.8,-4.5,NaN,0.00059959,1.7736e-53,0.00033185
49.8,-1.5,NaN,0.00012312,5.4689e-61,1.0126e-05
49.8,1.5,NaN,0.00084467,1.3349e-61,0.0001536
49.8,4.5,0,0.0020991,4.6043e-60,0.0021968
49.8,7.5,0,0.00035288,2.8424e-71,1.66e-05
49.8,10.5,0,0.00017705,5.3827e-76,3.8462e-06
49.8,13.5,0,0.00036785,1.1963e-72,5.9539e-05
49.8,16.5,0,0.0005544,2.1449e-73,0.00017893
49.8,19.5,NaN,0.00016588,4.0614e-77,1.3778e-05
49.8,22.5,NaN,0.00052765,1.0523e-74,7.4911e-05
49.8,25.5,0,0.00040882,4.3216e-80,1.255e-05
49.8,28.5,NaN,0.00021375,3.3355e-82,3.0622e-06
49.8,31.5,NaN,0.00012579,2.4915e-89,2.0841e-07
49.8,34.5,NaN,0.00012655,5.2375e-87,1.4183e-06
49.8,37.5,NaN,6.7337e-05,1.5693e-95,1.2056e-07
49.8,40.5,NaN,0.00017714,6.8703e-91,1.1646e-05
49.8,43.5,NaN,0.00028963,2.5684e-95,1.999e-05
49.8,46.5,NaN,0.0005999,1.3706e-97,4.9802e-05
49.8,49.5,NaN,0.0011293,6.044e-100,0.00014624
49.8,52.5,NaN,0.00083193,3.9431e-106,7.2621e-05
49.8,55.5,NaN,0.00035142,1.3186e-113,1.5495e-05
49.8,58.5,0,0.0011951,1.4525e-112,0.00014593
49.8,61.5,NaN,0.00014203,1.1854e-116,5.6372e-06
49.8,64.5,NaN,4.4667e-05,8.1408e-121,1.4741e-07
49.8,67.5,NaN,3.9649e-05,1.3772e-129,6.1038e-09
49.8,70.5,NaN,6.0476e-05,7.5893e-140,2.1786e-10
49.8,73.5,NaN,9.8341e-05,6.21e-149,8.6583e-12
49.8,76.5,0,0.00015879,1.7642e-159,6.0975e-13
49.8,79.5,NaN,0.00016256,1.6706e-166,9.4076e-15
49.8,82.5,NaN,0.00016913,2.1007e-176,1.5189e-16
49.8,85.5,NaN,0.00016244,5.6182e-187,6.238e-18
49.8,88.5,NaN,9.8475e-05,9.2134e-187,9.5638e-19
49.8,91.5,NaN,0.00016445,6.8311e-189,3.2599e-19
49.8,94.5,NaN,0.00018762,9.2078e-186,3.4341e-19
49.8,97.5,NaN,0.00015331,6.7007e-148,1.1796e-15
49.8,100.5,NaN,0.00015225,5.4581e-131,2.7413e-14
49.8,103.5,NaN,0.00028106,2.2515e-118,4.4904e-13
49.8,106.5,NaN,0.00032511,6.2099e-103,7.7546e-12
49.8,109.5,NaN,0.00028792,1.9413e-81,4.1829e-10
49.8,112.5,NaN,0.00041018,3.3479e-66,1.7105e-08
49.8,115.5,NaN,0.00060915,1.2957e-52,6.3925e-07
49.8,118.5,NaN,0.0005168,3.9993e-37,2.5084e-05
49.8,121.5,NaN,0.0014226,8.3243e-32,0.00019816
49.8,124.5,NaN,0.0025794,2.6838e-25,0.0016473
49.8,127.5,0,0.0065045,1.3162e-14,0.022919
49.8,130.5,0,0.028117,1.2734e-07,0.14218
49.8,133.5,NaN,0.10094,0.0002986,0.37616
49.8,136.5,0,0.40911,0.045274,0.84892
49.8,142.5,0,0.27038,0.0034424,0.77417
54.75,-124.5,NaN,0.34534,0.012246,0.83848
54.75,-121.5,0,0.24135,0.0029125,0.71927
54.75,-118.5,NaN,0.1719,0.00088159,0.5896
54.75,-115.5,NaN,0.045996,1.6334e-05,0.21728
54.75,-112.5,0,0.013638,1.1466e-10,0.080058
54.75,-109.5,NaN,0.0072091,3.6885e-16,0.029658
54.75,-106.5,NaN,0.0035103,4.129e-21,0.0076511
54.75,-103.5,NaN,0.0020164,2.1911e-27,0.0015955
54.75,-100.5,NaN,0.0013166,5.7431e-35,0.00029884
54.75,-97.5,NaN,0.00095026,3.1293e-44,4.5844e-05
54.75,-94.5,NaN,0.00074745,7.1392e-55,6.208e-06
54.75,-91.5,NaN,0.00063385,3.9224e-67,5.3492e-07
54.75,-88.5,NaN,0.0013417,9.3345e-59,4.5524e-06
54.75,-85.5,NaN,0.00070754,5.8594e-53,4.0807e-06
54.75,-82.5,NaN,0.00033175,1.4174e-47,4.2211e-06
54.75,-79.5,NaN,0.00014459,5.9405e-43,4.3012e-06
54.75,-76.5,NaN,6.6256e-05,2.5806e-39,6.4105e-06
54.75,-73.5,NaN,5.08e-05,6.3458e-36,1.5686e-05
54.75,-70.5,NaN,6.5799e-05,1.113e-32,2.7567e-05
54.75,-67.5,NaN,0.00014302,9.4667e-31,6.187e-05
54.75,-64.5,NaN,0.00033569,7.8699e-30,0.00013345
54.75,-61.5,NaN,0.00085336,1.4178e-28,0.00051081
54.75,-58.5,NaN,0.0019947,2.2014e-27,0.0024211
54.75,-55.5,NaN,0.0036951,9.3606e-27,0.0076281
54.75,-52.5,NaN,0.0076484,3.444e-26,0.028262
54.75,-7.5,0,0.0003621,9.5683e-69,6.3955e-05
54.75,-4.5,NaN,0.0020012,4.7635e-61,0.0013165
54.75,7.5,0,0.00045919,7.3595e-72,0.0002229
54.75,13.5,NaN,4.6438e-05,6.7814e-76,6.0426e-06
54.75,16.5,NaN,5.0604e-06,6.4176e-83,1.8773e-07
54.75,19.5,NaN,2.0984e-06,4.6261e-89,7.4581e-09
54.75,22.5,NaN,1.4182e-05,1.6534e-86,4.7444e-08
54.75,25.5,NaN,8.6844e-06,2.293e-88,2.6158e-08
54.75,28.5,NaN,4.76e-06,2.5348e-94,4.346e-09
54.75,31.5,NaN,7.4094e-06,6.6281e-99,2.6576e-09
54.75,34.5,NaN,6.531e-06,1.4897e-106,7.7112e-10
54.75,37.5,NaN,1.6169e-05,3.2604e-109,4.2361e-09
54.75,40.5,NaN,6.3436e-05,1.1168e-109,8.0343e-08
54.75,43.5,NaN,0.00013358,2.2568e-115,1.798e-07
54.75,46.5,NaN,0.00045575,9.9107e-121,1.192e-06
54.75,49.5,0,0.0017819,2.3655e-126,1.1063e-05
54.75,52.5,0,0.0024386,1.507e-124,2.2976e-05
54.75,55.5,NaN,0.00054044,3.285e-126,2.7847e-06
54.75,58.5,NaN,0.00010629,1.0448e-129,1.9683e-07
54.75,61.5,NaN,7.7811e-05,1.1501e-127,6.4737e-08
54.75,64.5,NaN,7.4114e-05,2.2358e-133,3.6763e-09
54.75,67.5,NaN,6.2794e-05,4.249e-137,3.9862e-10
54.75,70.5,NaN,6.5694e-05,3.0825e-143,1.7672e-11
54.75,73.5,NaN,7.471e-05,1.9871e-148,9.8816e-13
54.75,76.5,NaN,3.5566e-05,1.3571e-139,2.6257e-12
54.75,79.5,NaN,3.5841e-05,1.2974e-137,1.2903e-12
54.75,82.5,NaN,3.878e-05,5.6263e-137,3.0603e-13
54.75,85.5,NaN,4.3244e-05,5.6613e-137,1.1107e-13
54.75,88.5,NaN,4.9676e-05,3.4972e-137,4.3669e-14
54.75,91.5,NaN,3.2103e-05,9.6988e-133,1.8883e-14
54.75,94.5,NaN,7.1581e-05,8.8555e-137,8.8443e-15
54.75,97.5,NaN,9.41e-05,4.1389e-137,7.7868e-15
54.75,100.5,NaN,0.00012336,4.3023e-126,1.2342e-13
54.75,103.5,NaN,0.00015636,4.7901e-120,3.39e-13
54.75,106.5,0,0.00028201,9.3743e-103,6.2185e-11
54.75,109.5,NaN,0.00019807,3.943e-82,2.3966e-09
54.75,112.5,NaN,0.00033322,4.9009e-68,6.0978e-08
54.75,115.5,NaN,0.00043184,3.9299e-53,1.9703e-06
54.75,118.5,NaN,0.0009045,1.615e-41,4.0063e-05
54.75,121.5,NaN,0.0014724,1.6718e-30,0.00061809
54.75,124.5,NaN,0.0029431,2.7818e-21,0.0069972
54.75,127.5,0,0.010125,6.8304e-13,0.059469
54.75,130.5,NaN,0.063516,1.0944e-06,0.3342
54.75,133.5,NaN,0.12268,0.00029091,0.485
54.75,136.5,NaN,0.33201,0.021038,0.78943
54.75,142.5,1,0.72639,0.28237,0.98367
54.75,157.5,1,0.80536,0.42613,0.99501
60.42,-154.5,NaN,0.11159,2.7754e-06,0.48237
60.42,-151.5,0,0.23778,0.00011949,0.7821
60.42,-130.5,1,0.30722,0.026448,0.7266
60.42,-127.5,NaN,0.24118,0.010303,0.63476
60.42,-124.5,0,0.10774,0.00045705,0.401
60.42,-121.5,NaN,0.03688,2.6518e-08,0.22163
60.42,-118.5,NaN,0.028801,4.6874e-13,0.17274
60.42,-115.5,NaN,0.016298,5.6391e-17,0.074397
60.42,-112.5,NaN,0.0099884,8.4841e-22,0.026735
60.42,-109.5,NaN,0.0082025,1.5447e-24,0.017346
60.42,-106.5,NaN,0.0053983,1.3524e-29,0.0050826
60.42,-103.5,NaN,0.0038031,8.3971e-36,0.001245
60.42,-100.5,NaN,0.0028291,3.6602e-43,0.00023786
60.42,-97.5,NaN,0.0022154,7.8107e-52,4.0338e-05
60.42,-94.5,NaN,0.0018192,3.638e-61,6.7955e-06
60.42,-91.5,NaN,0.0029875,4.5663e-50,5.9358e-05
60.42,-88.5,NaN,0.0020199,1.9037e-44,5.4204e-05
60.42,-85.5,NaN,0.0012658,1.1927e-39,6.0944e-05
60.42,-82.5,NaN,0.00074198,3.9559e-35,9.5269e-05
60.42,-79.5,NaN,0.00045468,3.3411e-31,0.00015951
60.42,-76.5,NaN,0.00031453,5.5372e-28,0.00026722
60.42,-73.5,NaN,0.00037701,3.0868e-25,0.0005475
60.42,-70.5,NaN,0.00069213,1.4992e-23,0.0010797
60.42,-67.5,NaN,0.0015473,1.0105e-22,0.0025565
60.42,-64.5,NaN,0.0034681,4.6411e-22,0.0081623
60.42,-61.5,NaN,0.0072845,2.7191e-21,0.025595
60.42,-58.5,NaN,0.01192,2.7072e-21,0.054558
60.42,-37.5,NaN,0.0061909,2.7355e-32,0.022344
60.42,-1.5,0,0.0093355,1.3662e-60,0.015587
60.42,7.5,NaN,0.00022787,8.1208e-69,8.6408e-05
60.42,10.5,NaN,0.00016703,6.5913e-70,2.0472e-05
60.42,13.5,NaN,5.5317e-05,7.2521e-74,4.7201e-06
60.42,16.5,NaN,1.3218e-05,3.2963e-79,4.097e-07
60.42,19.5,NaN,9.0509e-06,1.2107e-82,8.5859e-08
60.42,22.5,NaN,8.6499e-06,2.4148e-86,1.7343e-08
60.42,25.5,NaN,0.00020296,1.2302e-72,1.1037e-05
60.42,28.5,NaN,0.00045454,5.6782e-71,5.1443e-05
60.42,31.5,NaN,0.00090624,2.7115e-70,0.00013149
60.42,34.5,NaN,0.00099901,1.4744e-72,0.00011289
60.42,37.5,NaN,0.0014404,2.0448e-73,0.00015825
60.42,40.5,NaN,0.0013653,1.7162e-76,8.1208e-05
60.42,43.5,NaN,0.00088696,1.0992e-82,2.188e-05
60.42,46.5,NaN,0.0008229,2.0453e-85,1.1628e-05
60.42,49.5,NaN,0.00078231,1.7219e-87,1.1026e-05
60.42,52.5,NaN,0.00052176,5.0821e-92,3.5016e-06
60.42,55.5,NaN,0.00086318,5.6899e-87,2.8638e-05
60.42,58.5,NaN,0.00082589,7.6614e-86,2.2078e-05
60.42,61.5,NaN,0.0004479,4.2478e-89,5.2099e-06
60.42,64.5,NaN,0.00018772,9.6331e-95,7.1352e-07
60.42,67.5,NaN,8.2743e-05,1.9494e-98,1.6102e-07
60.42,70.5,NaN,3.4577e-05,1.7781e-102,3.2085e-08
60.42,73.5,NaN,6.1648e-05,4.9092e-94,1.5614e-07
60.42,76.5,NaN,4.6656e-05,1.3298e-94,7.1272e-08
60.42,79.5,NaN,3.7155e-05,1.6489e-96,3.2922e-08
60.42,82.5,0,3.561e-05,4.088e-99,1.7108e-08
60.42,85.5,NaN,2.3225e-05,1.1176e-96,7.3651e-09
60.42,88.5,NaN,2.262e-05,1.6143e-96,3.5467e-09
60.42,91.5,NaN,2.602e-05,5.319e-97,1.7873e-09
60.42,94.5,NaN,3.1797e-05,2.4957e-97,9.0259e-10
60.42,97.5,NaN,4.1548e-05,1.1098e-86,6.2332e-09
60.42,100.5,NaN,5.1809e-05,5.5546e-83,1.4413e-08
60.42,103.5,NaN,6.7118e-05,5.3429e-80,3.5802e-08
60.42,106.5,0,9.1017e-05,6.3343e-77,8.8665e-08
60.42,109.5,0,0.00012238,5.8033e-72,3.0205e-07
60.42,112.5,NaN,0.00017888,1.1754e-66,9.0616e-07
60.42,115.5,NaN,0.0003735,9.6261e-48,4.5076e-05
60.42,118.5,NaN,0.00062407,8.1441e-37,0.00042859
60.42,121.5,NaN,0.0013296,1.267e-27,0.0030623
60.42,124.5,NaN,0.0038202,6.2073e-20,0.017521
60.42,127.5,0,0.012939,7.8492e-14,0.076147
60.42,130.5,NaN,0.036499,6.6643e-09,0.21214
60.42,133.5,NaN,0.11771,4.6797e-05,0.5386
60.42,136.5,NaN,0.28502,0.0038936,0.83735
60.42,139.5,NaN,0.35127,0.014802,0.87518
60.42,142.5,1,0.42789,0.061058,0.87469
60.42,145.5,NaN,0.5211,0.11307,0.92029
60.42,148.5,NaN,0.6141,0.19563,0.95085
60.42,151.5,NaN,0.78775,0.35074,0.99555
60.42,157.5,0,0.56765,0.13614,0.93735
60.42,166.5,1,0.58809,0.14713,0.96152
67.4,-178.5,NaN,0.012162,1.297e-32,0.06621
67.4,-175.5,0,0.012471,2.0024e-37,0.066007
67.4,-172.5,0,0.018188,2.5329e-32,0.1075
67.4,-169.5,NaN,0.019619,3.9828e-26,0.12572
67.4,-166.5,NaN,0.020593,8.4751e-22,0.12644
67.4,-163.5,NaN,0.035511,3.5655e-16,0.21969
67.4,-160.5,NaN,0.03122,2.1792e-14,0.18567
67.4,-157.5,NaN,0.023171,1.0378e-13,0.13127
67.4,-154.5,NaN,0.019931,2.5618e-12,0.10921
67.4,-151.5,NaN,0.02076,2.1251e-10,0.11675
67.4,-148.5,NaN,0.059692,1.6505e-05,0.26352
67.4,-145.5,0,0.12448,0.0013976,0.42001
67.4,-142.5,1,0.23696,0.020339,0.58968
67.4,-139.5,0,0.49765,0.12426,0.85688
67.4,-136.5,0,0.52082,0.14557,0.87273
67.4,-133.5,0,0.44406,0.073429,0.86075
67.4,-130.5,1,0.30129,0.028464,0.73318
67.4,-127.5,NaN,0.1949,0.01132,0.57146
67.4,-124.5,NaN,0.10738,0.0026282,0.38721
67.4,-121.5,NaN,0.04313,1.8134e-05,0.21794
67.4,-118.5,NaN,0.024092,2.9452e-08,0.13263
67.4,-115.5,NaN,0.013812,1.0797e-10,0.06922
67.4,-112.5,NaN,0.0081491,2.3225e-13,0.031826
67.4,-109.5,NaN,0.0051895,2.3264e-16,0.012769
67.4,-106.5,NaN,0.0036995,4.638e-19,0.0058627
67.4,-103.5,NaN,0.0026394,1.5821e-22,0.0021013
67.4,-100.5,NaN,0.0019631,1.2895e-26,0.00073237
67.4,-97.5,NaN,0.0015193,5.3846e-31,0.00022391
67.4,-94.5,NaN,0.0023383,3.6041e-28,0.00073687
67.4,-91.5,NaN,0.001674,6.8596e-27,0.00061828
67.4,-88.5,NaN,0.0011801,3.2526e-26,0.00050653
67.4,-85.5,NaN,0.0008123,9.5065e-26,0.0004109
67.4,-82.5,NaN,0.00063396,8.882e-25,0.00053927
67.4,-79.5,NaN,0.00063335,6.8242e-23,0.00094392
67.4,-76.5,NaN,0.00058684,2.0427e-22,0.00097133
67.4,-73.5,NaN,0.00091654,2.7002e-21,0.0019185
67.4,-70.5,NaN,0.001328,6.0088e-21,0.0026039
67.4,-67.5,NaN,0.0019615,1.048e-20,0.003925
67.4,-64.5,NaN,0.0026188,6.9737e-21,0.0049038
67.4,-61.5,NaN,0.0047742,9.7923e-21,0.012107
67.4,-58.5,NaN,0.0057776,1.3368e-21,0.016042
67.4,-55.5,NaN,0.0121,3.4827e-21,0.05419
67.4,-43.5,NaN,0.00054344,9.8377e-33,0.00086705
67.4,-40.5,NaN,0.0001902,1.2747e-36,0.00011539
67.4,-37.5,NaN,5.2399e-05,3.5925e-41,1.7298e-05
67.4,-34.5,NaN,0.0010573,8.6592e-35,0.0019088
67.4,-31.5,NaN,0.00097912,3.5454e-36,0.0017626
67.4,-28.5,NaN,0.0027535,1.4056e-35,0.0065996
67.4,-25.5,NaN,0.0059778,1.0738e-35,0.017014
67.4,16.5,NaN,0.0019702,2.6763e-52,0.0011887
67.4,19.5,NaN,0.00051857,1.8398e-56,0.00019777
67.4,22.5,NaN,0.00030646,7.8047e-58,6.897e-05
67.4,25.5,NaN,9.1298e-05,5.2887e-62,1.2442e-05
67.4,28.5,NaN,0.0011946,1.0908e-54,0.0011644
67.4,31.5,NaN,0.00095261,1.3968e-56,0.00068643
67.4,34.5,NaN,0.00088242,2.8768e-57,0.00055785
67.4,37.5,NaN,0.0057921,1.5401e-52,0.0066188
67.4,40.5,NaN,0.0083734,2.2141e-51,0.014376
67.4,58.5,NaN,0.0035144,4.5273e-58,0.0030924
67.4,61.5,NaN,0.0013947,1.113e-61,0.00048365
67.4,64.5,NaN,0.0064848,6.5534e-51,0.0072474
67.4,67.5,NaN,0.0057251,5.7384e-51,0.0066755
67.4,70.5,NaN,0.006076,8.9564e-50,0.0072235
67.4,73.5,NaN,0.0029407,6.9784e-54,0.0021854
67.4,76.5,NaN,0.0014705,1.8385e-56,0.00050401
67.4,79.5,NaN,0.0014253,4.6754e-54,0.00047405
67.4,82.5,NaN,0.00082302,2.5179e-55,0.00015794
67.4,85.5,NaN,0.00046226,1.0018e-56,4.0961e-05
67.4,88.5,NaN,0.00029247,1.6206e-56,1.7523e-05
67.4,91.5,NaN,0.0001643,1.2922e-57,6.0891e-06
67.4,94.5,NaN,0.00036389,1.0119e-46,8.2251e-05
67.4,97.5,NaN,0.00049905,1.8763e-43,0.00016512
67.4,100.5,NaN,0.0006188,1.1144e-40,0.00025528
67.4,103.5,NaN,0.00069602,1.5483e-38,0.00035823
67.4,106.5,NaN,0.0007783,3.6237e-36,0.00051989
67.4,109.5,NaN,0.00090322,1.2176e-33,0.0008531
67.4,112.5,NaN,0.00097689,1.2149e-31,0.0010628
67.4,115.5,NaN,0.00095459,2.8024e-30,0.0011908
67.4,118.5,NaN,0.00089681,2.2226e-29,0.0010973
67.4,121.5,NaN,0.0011124,8.3046e-25,0.002336
67.4,124.5,NaN,0.0013609,2.2456e-23,0.0035149
67.4,127.5,NaN,0.001597,3.0875e-23,0.0040237
67.4,130.5,0,0.0040619,7.6167e-18,0.018296
67.4,133.5,NaN,0.0073843,9.8092e-15,0.039268
67.4,136.5,0,0.013094,2.5834e-12,0.075208
67.4,139.5,NaN,0.017924,2.4223e-10,0.10223
67.4,142.5,NaN,0.022927,4.5526e-09,0.12428
67.4,145.5,NaN,0.028163,3.1838e-08,0.14418
67.4,148.5,NaN,0.078299,5.8354e-06,0.3404
67.4,151.5,0,0.1366,7.4363e-05,0.50683
67.4,154.5,0,0.15504,0.00016537,0.55815
67.4,157.5,NaN,0.12197,0.00013661,0.45913
67.4,160.5,NaN,0.10269,0.00011232,0.40556
67.4,163.5,NaN,0.23714,0.001338,0.76514
67.4,166.5,NaN,0.33212,0.0050796,0.88527
67.4,169.5,NaN,0.18847,0.0014532,0.63654
67.4,172.5,NaN,0.21985,0.0018541,0.71815
67.4,175.5,NaN,0.34124,0.0039839,0.90259
67.4,178.5,NaN,0.22066,0.0011641,0.7349
