41.17,19.5,1.0679,1.0139,1.1211
-4.53,40.5,1.0163,0.95676,1.0736
37.27,-112.5,1.0638,1.0037,1.125
67.4,-145.5,1.1003,1.0274,1.1814
67.4,-136.5,1.1144,1.0353,1.1979
45.32,-100.5,1.0611,0.99962,1.1229
1.51,-55.5,0.87907,0.82215,0.93949
41.17,4.5,0.85068,0.78901,0.90981
49.8,7.5,1.0096,0.94362,1.0695
23.26,10.5,0.99626,0.94422,1.0472
33.57,13.5,0.85102,0.794,0.9062
37.27,13.5,1.026,0.96943,1.0827
41.17,16.5,1.011,0.95003,1.0675
37.27,19.5,0.85052,0.79122,0.90799
45.32,31.5,0.97013,0.91309,1.0257
-10.62,37.5,1.0022,0.94066,1.0584
37.27,40.5,0.8383,0.77687,0.89935
54.75,49.5,0.99621,0.93556,1.0521
26.59,76.5,0.98741,0.92177,1.0498
23.26,91.5,1.0408,0.97434,1.1029
7.56,100.5,0.94723,0.89121,1.0021
30.02,103.5,1.0447,0.97875,1.1052
10.62,109.5,1.0097,0.95298,1.0669
23.26,109.5,1.045,0.99126,1.1007
7.56,115.5,1.0437,0.98648,1.1006
26.59,115.5,1.0316,0.97913,1.0897
1.51,118.5,1.0459,0.98551,1.1098
4.53,118.5,1.0449,0.98521,1.1048
7.56,118.5,1.0426,0.98363,1.1026
33.57,118.5,1.0478,0.99115,1.1085
10.62,121.5,1.016,0.96239,1.0701
30.02,121.5,1.0661,1.0083,1.1294
37.27,121.5,1.0991,1.0387,1.1626
7.56,127.5,0.99368,0.9362,1.0521
4.53,130.5,1.0591,0.99954,1.1224
67.4,136.5,1.0239,0.90555,1.1435
41.17,139.5,1.092,1.0253,1.16
-10.62,142.5,1.0559,0.99431,1.1217
49.8,142.5,1.0423,0.94714,1.1368
-45.32,178.5,1.0373,0.96447,1.1112
45.32,-94.5,0.86418,0.79995,0.92863
-26.59,37.5,0.81235,0.74585,0.87846
13.71,52.5,1.0357,0.97952,1.0941
33.57,52.5,1.0637,1.0069,1.1224
20.01,64.5,0.85554,0.79519,0.92084
60.42,82.5,1.0576,1.0023,1.1133
41.17,100.5,1.0831,1.0234,1.1419
41.17,103.5,0.86012,0.79252,0.92908
54.75,157.5,1.1055,1.04,1.1724
45.32,-115.5,0.86382,0.79649,0.93952
54.75,-115.5,0.92983,0.85868,1.0044
49.8,-112.5,1.0767,1.0036,1.1552
67.4,-112.5,1.0573,0.99074,1.1246
54.75,-109.5,0.88726,0.82472,0.95394
26.59,-106.5,0.96226,0.89404,1.0269
37.27,-103.5,1.026,0.96489,1.0847
54.75,-103.5,0.97876,0.92257,1.0361
33.57,-100.5,0.95002,0.88418,1.0129
30.02,-97.5,1.0011,0.93268,1.0658
54.75,-97.5,1.04,0.98134,1.0991
67.4,-97.5,1.0166,0.95191,1.0801
49.8,-94.5,1.03,0.96369,1.0949
54.75,-88.5,0.99094,0.91749,1.0619
54.75,-85.5,0.93957,0.86921,1.0065
33.57,-82.5,1.0147,0.9528,1.0722
37.27,-82.5,0.99363,0.9309,1.0523
45.32,-79.5,0.97276,0.862,1.0849
49.8,-79.5,1.0118,0.94813,1.0727
67.4,-79.5,0.99046,0.91957,1.0574
37.27,-76.5,0.94501,0.88019,1.0079
49.8,-76.5,0.89778,0.83391,0.95994
67.4,-76.5,0.76836,0.68565,0.84345
41.17,-73.5,1.0064,0.94073,1.068
49.8,-73.5,0.95556,0.89519,1.0124
67.4,-73.5,0.92865,0.85649,0.99414
60.42,-70.5,0.90257,0.83192,0.96553
-33.57,-67.5,1.0325,0.95607,1.1064
49.8,-67.5,0.98562,0.92254,1.0452
54.75,-67.5,0.93752,0.86976,0.99947
-16.83,-64.5,1.0915,1.0186,1.1679
1.51,-64.5,1.0546,0.99356,1.1199
45.32,-64.5,0.98515,0.9214,1.0451
60.42,-64.5,0.96646,0.89481,1.0327
1.51,-61.5,0.96386,0.8994,1.0312
45.32,-61.5,0.95411,0.8921,1.0145
49.8,-61.5,0.95005,0.88334,1.0122
60.42,-61.5,0.75993,0.681,0.8329
-23.26,-58.5,1.0044,0.89062,1.1213
-10.62,-58.5,1.0523,0.99043,1.1161
1.51,-58.5,0.95749,0.90015,1.017
-7.56,-55.5,0.92178,0.86142,0.9835
-1.51,-55.5,0.91445,0.85632,0.97657
4.53,-55.5,1.036,0.976,1.098
67.4,-55.5,1.0065,0.92902,1.0814
-23.26,-52.5,1.0597,0.99856,1.1238
-20.01,-52.5,1.0716,1.0093,1.1358
1.51,-52.5,0.98314,0.92747,1.0434
4.53,-52.5,0.98878,0.92729,1.0527
-30.02,-49.5,0.95727,0.89428,1.0231
-20.01,-46.5,1.0367,0.97634,1.1001
-16.83,-46.5,1.0426,0.98073,1.1062
-4.53,-46.5,0.92939,0.87121,0.99108
67.4,-40.5,0.8814,0.8034,0.95199
-13.71,-37.5,0.89215,0.83143,0.95179
-10.62,-37.5,0.88996,0.82442,0.95461
60.42,-37.5,1.0121,0.94266,1.0769
67.4,-28.5,1.0171,0.94088,1.0859
13.71,-16.5,1.0693,1.0121,1.1286
26.59,-10.5,0.97347,0.91704,1.033
13.71,-7.5,0.92117,0.866,0.97668
7.56,-4.5,1.0102,0.90479,1.1203
16.83,-4.5,1.0688,1.0067,1.1321
23.26,-4.5,1.0577,1.0019,1.114
54.75,-4.5,0.90825,0.84725,0.96373
4.53,-1.5,0.9263,0.87241,0.98256
16.83,-1.5,1.0167,0.95574,1.0794
26.59,-1.5,0.98095,0.92382,1.0402
13.71,1.5,0.89545,0.83995,0.95019
23.26,1.5,0.83795,0.7751,0.9004
26.59,1.5,0.83724,0.77864,0.89491
23.26,4.5,0.98584,0.93017,1.0421
16.83,7.5,0.92537,0.86529,0.98442
33.57,7.5,0.84693,0.78696,0.90591
13.71,10.5,1.0599,1.0037,1.1172
-30.02,13.5,0.97876,0.90818,1.0503
-23.26,13.5,0.97063,0.89702,1.0413
-4.53,13.5,0.80148,0.73671,0.86346
1.51,13.5,1.0543,0.99809,1.1094
60.42,13.5,0.8018,0.73116,0.87107
-4.53,16.5,1.0374,0.97321,1.0965
54.75,16.5,0.83039,0.76641,0.89545
4.53,19.5,0.86711,0.80687,0.92644
13.71,19.5,0.80807,0.74479,0.87246
-1.51,22.5,0.9818,0.9131,1.047
13.71,22.5,0.81277,0.74862,0.87871
-26.59,25.5,0.92067,0.85634,0.98259
-16.83,25.5,0.75237,0.67809,0.82316
-10.62,25.5,0.75483,0.67611,0.82805
7.56,25.5,0.99884,0.93666,1.0636
13.71,25.5,0.81109,0.74951,0.87326
-26.59,28.5,0.79038,0.72284,0.8559
-20.01,28.5,0.78557,0.71975,0.84727
-4.53,28.5,1.0026,0.93247,1.0695
4.53,28.5,0.8272,0.76486,0.89164
10.62,28.5,0.83406,0.76955,0.89981
45.32,28.5,1.0215,0.96485,1.0753
67.4,28.5,0.85288,0.78292,0.92104
-1.51,31.5,1.0158,0.94968,1.0823
10.62,31.5,0.89395,0.83885,0.95214
20.01,31.5,0.83588,0.78116,0.88921
67.4,31.5,0.84255,0.77187,0.91059
-20.01,34.5,0.83202,0.77032,0.89018
-16.83,34.5,0.90449,0.84346,0.96151
-7.56,34.5,1.0128,0.9487,1.0743
1.51,34.5,0.96332,0.91037,1.0208
1.51,37.5,1.0494,0.99313,1.1099
20.01,37.5,1.042,0.98136,1.1022
23.26,37.5,1.0183,0.95114,1.0821
49.8,40.5,0.93236,0.80102,1.0655
-26.59,43.5,0.9888,0.93268,1.0443
16.83,43.5,0.83111,0.77506,0.88854
54.75,43.5,1.0308,0.96739,1.0881
60.42,43.5,1.0261,0.9629,1.0845
-20.01,46.5,0.99736,0.93983,1.0533
60.42,46.5,0.833,0.76937,0.8953
-67.4,49.5,0.82344,0.74754,0.90111
-67.4,52.5,0.98837,0.9175,1.0604
60.42,52.5,1.0602,0.99742,1.1174
26.59,58.5,0.93504,0.88295,0.98855
60.42,58.5,0.93324,0.87231,0.9909
67.4,61.5,1.0899,1.0218,1.1571
45.32,64.5,0.87655,0.81357,0.93956
20.01,67.5,0.96583,0.8815,1.0498
26.59,67.5,1.0998,1.0442,1.1557
30.02,67.5,1.0965,1.0452,1.1473
49.8,67.5,0.9835,0.92974,1.0383
67.4,67.5,0.83772,0.76715,0.90699
10.62,70.5,0.89032,0.82736,0.95648
26.59,70.5,1.0618,1.0078,1.1166
67.4,70.5,0.96475,0.89962,1.0292
16.83,73.5,0.86991,0.80988,0.93164
49.8,73.5,1.1075,1.0527,1.1633
54.75,73.5,1.097,1.0368,1.1588
60.42,73.5,1.0678,1.0101,1.1252
10.62,76.5,1.0472,0.99223,1.1011
13.71,76.5,1.0613,1.0059,1.1167
33.57,76.5,0.87994,0.80635,0.95104
60.42,76.5,1.0344,0.97896,1.0899
23.26,79.5,1.0788,1.0109,1.1421
26.59,79.5,1.0748,1.0047,1.1405
33.57,79.5,1.1159,1.048,1.1812
49.8,79.5,1.1099,1.0516,1.17
20.01,82.5,1.0023,0.94908,1.0533
54.75,82.5,1.0821,1.0232,1.1427
67.4,82.5,1.0849,1.0176,1.1527
60.42,85.5,1.0808,1.0257,1.1377
20.01,88.5,0.96701,0.89581,1.0381
26.59,88.5,1.0978,1.0333,1.1572
16.83,91.5,0.98578,0.92463,1.0437
33.57,91.5,1.0912,1.0254,1.1531
37.27,91.5,1.1196,1.0492,1.1878
45.32,91.5,1.0198,0.93269,1.1034
60.42,91.5,1.0489,0.9925,1.1077
67.4,94.5,1.0476,0.9841,1.1106
37.27,97.5,1.0374,0.97306,1.0993
45.32,97.5,1.0944,1.0283,1.1584
60.42,97.5,1.0746,1.0169,1.1317
33.57,100.5,1.0758,1.0172,1.1313
49.8,100.5,1.0612,0.99237,1.1294
54.75,100.5,1.0577,0.99329,1.1239
33.57,103.5,1.0546,0.99821,1.1092
49.8,103.5,1.098,1.0332,1.1635
67.4,103.5,1.0726,1.0112,1.1343
37.27,106.5,1.0775,1.0264,1.1304
49.8,106.5,1.0909,1.028,1.1551
67.4,106.5,0.99171,0.92004,1.0647
33.57,109.5,1.0766,1.0209,1.1302
67.4,109.5,1.0763,1.0148,1.138
-37.27,112.5,1.053,0.99649,1.1093
37.27,112.5,1.0659,1.0106,1.1226
67.4,112.5,1.0686,1.0067,1.1304
-41.17,115.5,1.0364,0.98022,1.0927
-37.27,115.5,1.0574,0.9989,1.1151
60.42,115.5,1.0701,1.0092,1.13
-37.27,118.5,0.97297,0.90626,1.0378
-33.57,118.5,0.99693,0.93775,1.0566
37.27,118.5,1.1129,1.0544,1.1773
-30.02,121.5,1.0667,1.0043,1.1258
-26.59,121.5,0.99197,0.92859,1.0556
49.8,124.5,1.104,1.0434,1.1688
54.75,124.5,1.0723,1.0153,1.1301
-67.4,130.5,1.0417,0.96529,1.1189
-37.27,130.5,1.0638,1.0041,1.1239
45.32,130.5,1.0133,0.94902,1.0774
-33.57,133.5,1.0604,0.99227,1.1298
54.75,133.5,1.082,1.0223,1.1414
-30.02,136.5,1.035,0.97657,1.0942
-33.57,139.5,1.0335,0.97226,1.0956
67.4,139.5,1.0585,0.99262,1.1213
67.4,142.5,1.0588,0.99145,1.1231
-67.4,145.5,1.0421,0.96732,1.1157
-30.02,145.5,1.0438,0.98704,1.1023
60.42,145.5,1.0755,0.97929,1.1687
-45.32,148.5,0.94765,0.81593,1.084
60.42,148.5,1.0802,1.0117,1.1472
67.4,148.5,1.0698,0.99917,1.1364
-37.27,151.5,1.0239,0.96195,1.0867
67.4,157.5,1.0848,1.0042,1.1602
-49.8,178.5,1.0534,0.9854,1.1203
67.4,178.5,1.0886,1.0034,1.1697
