1,1,0,0,0,0,0.17531,0
1,1,0,0,0,0,0.20117,0
1,1,0,0,0,0,0.3951,0
1,0.95495,0.033816,0.0078836,0.071654,0.071369,1,0
1,1,0,0,0.086971,0.062802,1,0.0070423
1,0.95458,0.017268,0.016346,0.0010089,0.022334,0.95313,0.014085
1,1,0,0,0.059611,0.06078,1,0.014085
1,0.94681,0.019045,0.020528,0.0045604,0.061652,0.95313,0.021127
1,0.95449,0.024918,0.012426,0.024674,0.060763,1,0.021127
1,0.9417,0.01924,0.0254,0.0060449,0.083314,0.95313,0.028169
1,0.95586,0.020124,0.013639,0.014727,0.060746,1,0.028169
1,0.92769,0.02261,0.03561,0.010813,0.13612,0.95313,0.035211
1,0.9573,0.016524,0.015089,0.01216,0.06073,1,0.035211
1,0.92081,0.022873,0.044519,0.016646,0.15786,0.95313,0.042254
1,0.95868,0.01379,0.016874,0.014716,0.060719,1,0.042254
1,0.91981,0.020854,0.051804,0.020756,0.15784,0.95313,0.049296
1,0.95928,0.011751,0.019797,0.014519,0.060702,1,0.049296
1,0.94466,0.012204,0.048709,0.021742,0.015951,0.91524,0.056338
1,0.91792,0.01912,0.061463,0.022787,0.15783,0.95313,0.056338
1,0.95781,0.010839,0.023992,0.021144,0.072419,1,0.056338
1,0.92455,0.017154,0.059233,0.076765,0.15783,0.95313,0.06338
1,0.95242,0.011745,0.029188,0.05161,0.11176,1,0.06338
1,1,0,0,0,0,0.91524,0.070423
1,0.9214,0.015428,0.074924,0.061496,0.14947,0.95313,0.070423
1,0.94167,0.013799,0.0414,0.071382,0.16003,1,0.070423
1,0.93752,0.010446,0.074324,0.071172,0.089792,0.95313,0.077465
1,0.93407,0.014698,0.058173,0.086871,0.18416,1,0.077465
1,0.964,0.0073824,0.065234,0.24116,0.032234,0.95313,0.084507
1,0.92894,0.014287,0.085629,0.084063,0.1843,1,0.084507
1,0.93635,0.0070634,0.14271,0.0077906,0.02544,0.95313,0.091549
1,0.92342,0.013164,0.14262,0.054995,0.16641,1,0.091549
1,0.95726,0.0066955,0.1184,0.21764,0.017556,0.95313,0.098592
1,1,0,0,0.16433,0.15377,1,0.098592
1,1,0,0,0.17669,0.012012,0.95313,0.10563
1,1,0,1,0.16612,0.15327,1,0.10563
1,0.93932,0.0084312,0.17194,0.20829,0.053135,0.95313,0.11268
1,0.9128,0.013611,0.33042,0.098209,0.15326,1,0.11268
1,0.93919,0.0099046,0.18035,0.2863,0.070397,0.95313,0.11972
1,1,0,0,0.070488,0.14373,1,0.11972
1,0.93662,0.010687,0.19604,0.31502,0.070508,0.95313,0.12676
1,1,0,0,0.050642,0.11248,1,0.12676
1,0,0,1,0.13439,0.11915,0.95313,0.1338
1,0.93776,0.0089004,0.23882,0.10754,0.067608,1,0.1338
1,0.91829,0.0099613,0.1224,0.012118,0.018962,0.91524,0.14085
1,0.87846,0.017392,0.19292,0.18844,0.16259,0.95313,0.14085
1,0.94552,0.0064591,0.20386,0.032116,0.012117,1,0.14085
1,0.93446,0.011108,0.069129,0.16128,0.037746,0.91524,0.14789
1,0.85804,0.021972,0.16689,0.18535,0.20596,0.95313,0.14789
1,0.94673,0.0065585,0.14065,0.032889,0.02139,1,0.14789
1,0.94473,0.013344,0.067657,0.020294,0.015556,0.88214,0.15493
1,1,0,0,0.20082,0.095442,0.91524,0.15493
1,1,0,0,0.14669,0.2601,0.95313,0.15493
1,0.93939,0.0080753,0.087228,0.033427,0.064147,1,0.15493
1,1,0,0,0.28436,0.059446,0.88214,0.16197
1,0.91583,0.021226,0.034089,0.25032,0.1578,0.91524,0.16197
1,0.83374,0.030725,0.097837,0.17723,0.27743,0.95313,0.16197
1,0.93532,0.0092359,0.05425,0.032403,0.091475,1,0.16197
1,0.88903,0.16118,0.39388,0.021271,0.046552,0.79883,0.16901
1,0.96737,0.051021,0.15615,0.11591,0.075869,0.82469,0.16901
1,0.97177,0.017439,0.080251,0.020834,0.022129,0.85229,0.16901
1,0.95186,0.020746,0.017873,0.19851,0.10816,0.88214,0.16901
1,0.89138,0.029889,0.025064,0.22157,0.23492,0.91524,0.16901
1,0.85865,0.032054,0.049778,0.2457,0.29398,0.95313,0.16901
1,0.9392,0.0091288,0.034792,0.032066,0.091475,1,0.16901
1,0.73935,0.41119,0.30092,0.20101,0.049607,0.77434,0.17606
1,1,0,0,0.25819,0.12179,0.79883,0.17606
1,0.97153,0.068525,0.10903,0.21821,0.14925,0.82469,0.17606
1,0.97663,0.021472,0.038663,0.12082,0.082353,0.85229,0.17606
1,0.94267,0.02826,0.01118,0.20655,0.17194,0.88214,0.17606
1,0.83493,0.044296,0.037951,0.1106,0.31612,0.91524,0.17606
1,0.78627,0.038838,0.090415,0.017411,0.32332,0.95313,0.17606
1,0.9468,0.0089604,0.018996,0.058615,0.091475,1,0.17606
1,0.47595,0.59133,0.083686,0.14217,0.063891,0.75094,0.1831
1,1,0,0,0.27326,0.17144,0.77434,0.1831
1,0.86635,0.34255,0.26252,0.26504,0.22538,0.79883,0.1831
1,1,0,0,0.17644,0.24994,0.82469,0.1831
1,1,0,0,0.13786,0.18473,0.85229,0.1831
1,1,0,0,0.26649,0.25354,0.88214,0.1831
1,0.79541,0.063904,0.039764,0.10411,0.39883,0.91524,0.1831
1,0.80613,0.044184,0.041897,0.10254,0.36231,0.95313,0.1831
1,0.95811,0.0076172,0.012957,0.073408,0.064219,1,0.1831
1,0,1,0,0.030488,0.087236,0.75094,0.19014
1,1,1,1,0.27876,0.25102,0.77434,0.19014
1,0,0,1,0.28219,0.33808,0.79883,0.19014
1,1,1,0,0.40197,0.3554,0.82469,0.19014
1,0.96037,0.055501,0.010223,0.1886,0.28659,0.85229,0.19014
1,1,0,0,0.24885,0.33604,0.88214,0.19014
1,0.74772,0.090902,0.044928,0.094494,0.48219,0.91524,0.19014
1,0.78616,0.047611,0.047564,0.020619,0.37027,0.95313,0.19014
1,0.96281,0.0065549,0.01162,0.039829,0.036562,1,0.19014
1,0.39183,0.60156,0.0068223,0.086372,0.054535,0.72841,0.19718
1,0,1,0,0.18456,0.18576,0.75094,0.19718
1,1,1,0,0.26481,0.31287,0.77434,0.19718
1,0.66965,0.64082,0.16454,0.21803,0.44865,0.79883,0.19718
1,1,1,0,0.31815,0.46229,0.82469,0.19718
1,1,0,0,0.25912,0.38831,0.85229,0.19718
1,0.86064,0.085912,0.010471,0.13297,0.42026,0.88214,0.19718
1,0.70081,0.12237,0.049106,0.085795,0.5569,0.91524,0.19718
1,0.82482,0.039093,0.02623,0.014506,0.32983,0.95313,0.19718
1,0.96379,0.0063794,0.0093962,0.011848,0.029707,1,0.19718
1,0.57678,0.49642,0.0017646,0.28871,0.065247,0.70661,0.20423
1,0.28943,0.74148,0.002341,0.19134,0.1867,0.72841,0.20423
1,0,1,0,0.39556,0.26694,0.75094,0.20423
1,0,1,0,0.25218,0.40525,0.77434,0.20423
1,1,0,0,0.32624,0.55039,0.79883,0.20423
1,1,0,0,0.3949,0.55815,0.82469,0.20423
1,0.89094,0.14926,0.010872,0.13322,0.48997,0.85229,0.20423
1,0.81274,0.12389,0.0142,0.1079,0.50757,0.88214,0.20423
1,0.72255,0.11201,0.035292,0.048541,0.52747,0.91524,0.20423
1,0.85737,0.033176,0.012715,0.022622,0.29849,0.95313,0.20423
1,0.69455,0.38094,0.0010022,0.29624,0.069341,0.68538,0.21127
1,0.4566,0.61536,0.0006862,0.28122,0.17808,0.70661,0.21127
1,0,1,0,0.18103,0.28952,0.72841,0.21127
1,0.14464,0.91624,0.0063842,0.26218,0.36847,0.75094,0.21127
1,0.29769,0.92618,0.032217,0.53038,0.49927,0.77434,0.21127
1,0.48247,0.8402,0.031635,0.31054,0.62944,0.79883,0.21127
1,1,0,0,0.3382,0.65635,0.82469,0.21127
1,0.82483,0.23165,0.013037,0.11504,0.59066,0.85229,0.21127
1,0.80013,0.13993,0.010613,0.099391,0.53251,0.88214,0.21127
1,0.79973,0.080523,0.011772,0.064195,0.44653,0.91524,0.21127
1,0.88321,0.029745,0.005101,0.046904,0.27938,0.95313,0.21127
1,0.82164,0.22244,0.0008753,0.22903,0.084897,0.64445,0.21831
1,0.7682,0.29661,0.00076147,0.27271,0.090425,0.66473,0.21831
1,0.5862,0.49213,0.00043925,0.27282,0.18432,0.68538,0.21831
1,0.31885,0.72095,0.0004156,0.21148,0.29119,0.70661,0.21831
1,0.14026,0.88066,0.0011228,0.19758,0.38902,0.72841,0.21831
1,0.082127,0.95166,0.0042887,0.21749,0.48372,0.75094,0.21831
1,0,1,0,0.24868,0.5862,0.77434,0.21831
1,0.35837,0.89972,0.017989,0.29729,0.72069,0.79883,0.21831
1,0.64373,0.63582,0.020737,0.19167,0.75649,0.82469,0.21831
1,0.78653,0.2841,0.0081473,0.11842,0.63492,0.85229,0.21831
1,0.84313,0.10734,0.0041169,0.069696,0.45374,0.88214,0.21831
1,0.86172,0.0558,0.0031275,0.072416,0.36367,0.91524,0.21831
1,0.89296,0.02939,0.0028769,0.048633,0.27491,0.95313,0.21831
1,0.81492,0.25378,0.00087503,0.28936,0.13522,0.64445,0.22535
1,0.73197,0.36024,0.00059592,0.31408,0.16743,0.66473,0.22535
1,0.5621,0.49896,0.00032802,0.21826,0.19098,0.68538,0.22535
1,0.35916,0.64177,0.00033115,0.1019,0.1971,0.70661,0.22535
1,0.18534,0.82231,0.00055399,0.12426,0.28115,0.72841,0.22535
1,0,1,0,0.16402,0.42085,0.75094,0.22535
1,0.11432,0.95517,0.0068117,0.15543,0.56106,0.77434,0.22535
1,0,1,0,0.17285,0.68869,0.79883,0.22535
1,0.53552,0.6976,0.01815,0.12547,0.79192,0.82469,0.22535
1,1,0,0,0.099873,0.57919,0.85229,0.22535
1,0.88439,0.081654,0.0012567,0.074644,0.37958,0.88214,0.22535
1,0.90585,0.037922,0.0011801,0.068229,0.28041,0.91524,0.22535
1,0.9025,0.027964,0.0018549,0.037676,0.26104,0.95313,0.22535
1,0.87981,0.15804,0.0010743,0.18741,0.042913,0.62453,0.23239
1,0.86941,0.21873,0.0015881,0.40357,0.089064,0.64445,0.23239
1,0.74798,0.24007,0.00069895,0.029509,0.027784,0.66473,0.23239
1,0.61237,0.36429,0.00044034,0.017833,0.051313,0.68538,0.23239
1,0.44445,0.5223,0.0003978,0.013709,0.076825,0.70661,0.23239
1,0,1,0,0.063535,0.19939,0.72841,0.23239
1,0,1,0,0.058947,0.32691,0.75094,0.23239
1,0,1,0,0.099828,0.45987,0.77434,0.23239
1,1,1,0,0.12509,0.61269,0.79883,0.23239
1,0,1,0,0.083313,0.75608,0.82469,0.23239
1,0.80453,0.24832,0.0017191,0.070585,0.53412,0.85229,0.23239
1,0.90206,0.065594,0.001106,0.032448,0.31344,0.88214,0.23239
1,0.93421,0.025683,0.00091702,0.044765,0.1971,0.91524,0.23239
1,0.9317,0.020578,0.00085156,0.050036,0.20233,0.95313,0.23239
1,0.97355,0.0065614,0.0017799,0.0030481,0.02404,1,0.23239
1,1,0,0,0.17151,0.050363,0.62453,0.23944
1,1,0,0,0,0,0.64445,0.23944
1,0.32554,0.65416,0.00048648,0.016824,0.097803,0.72841,0.23944
1,0.19386,0.83073,0.00076343,0.036492,0.24768,0.75094,0.23944
1,0,1,0,0.055989,0.37368,0.77434,0.23944
1,0,1,0,0.06502,0.54728,0.79883,0.23944
1,0.50616,0.67649,0.0034832,0.078523,0.71317,0.82469,0.23944
1,0.799,0.2443,0.0010842,0.050677,0.49841,0.85229,0.23944
1,0.91783,0.055425,0.00080823,0.024152,0.26158,0.88214,0.23944
1,0.95769,0.017071,0.0010155,0.050291,0.11387,0.91524,0.23944
1,0.94924,0.015986,0.00060806,0.051407,0.15244,0.95313,0.23944
1,0.85837,0.15138,0.0011706,0.00066832,0.02014,0.62453,0.24648
1,0.37476,0.60912,0.00037732,0.0063983,0.07923,0.72841,0.24648
1,0.3163,0.71775,0.0011235,0.030162,0.14038,0.75094,0.24648
1,0.29099,0.80057,0.0020741,0.032319,0.30659,0.77434,0.24648
1,0.38632,0.77265,0.0022831,0.047939,0.49954,0.79883,0.24648
1,0.49099,0.66351,0.00167,0.061271,0.68185,0.82469,0.24648
1,0.8121,0.23023,0.0004757,0.064726,0.45589,0.85229,0.24648
1,0.92988,0.051442,0.0004493,0.052204,0.23261,0.88214,0.24648
1,0.97057,0.011648,0.0021527,0.030357,0.031896,0.91524,0.24648
1,0.95311,0.014283,0.00069675,0.010783,0.12273,0.95313,0.24648
1,0.90266,0.20232,0.00071022,0.28088,0.06103,0.6049,0.25352
1,0.85324,0.1725,0.00086233,0.0080798,0.038162,0.62453,0.25352
1,0.41501,0.61578,0.0013929,0.0093972,0.073047,0.75094,0.25352
1,0.36017,0.73505,0.0012066,0.035706,0.27074,0.77434,0.25352
1,0.40482,0.73808,0.00084418,0.046534,0.47936,0.79883,0.25352
1,0.48079,0.65531,0.00069432,0.064838,0.66379,0.82469,0.25352
1,0.81425,0.22658,0.00024475,0.075576,0.43043,0.85229,0.25352
1,0.94095,0.043898,0.00048463,0.050439,0.18299,0.88214,0.25352
1,0.96779,0.013947,0.0012707,0.033709,0.054941,0.91524,0.25352
1,0.95482,0.015164,0.00043233,0.020067,0.12819,0.95313,0.25352
1,0.9783,0.00738,0.00061513,0.042841,0.035757,1,0.25352
1,0.87395,0.20184,0.00047824,0.079626,0.049191,0.6049,0.26056
1,0.47038,0.53149,0.00021603,0.019957,0.063841,0.72841,0.26056
1,0.44684,0.58865,0.00067453,0.01617,0.090897,0.75094,0.26056
1,0.38263,0.69903,0.00046639,0.018458,0.27588,0.77434,0.26056
1,0.40066,0.71827,0.00031372,0.034275,0.48215,0.79883,0.26056
1,0.49997,0.6293,0.00023646,0.087066,0.63114,0.82469,0.26056
1,0.80666,0.23519,0.00012322,0.09151,0.42514,0.85229,0.26056
1,0.94042,0.044927,0.00039904,0.046446,0.17131,0.88214,0.26056
1,0.95824,0.020223,0.00043469,0.042841,0.11416,0.91524,0.26056
1,0.95047,0.019127,0.00019754,0.042841,0.16535,0.95313,0.26056
1,0.97308,0.0095863,0.00027519,0.030618,0.07603,1,0.26056
1,0.85385,0.23119,0.00030631,0,0.022756,0.56636,0.26761
1,1,0,0,0.047048,0.054485,0.58555,0.26761
1,1,0,0,0.10246,0.036918,0.6049,0.26761
1,1,0,0,0.0081012,0.033484,0.72841,0.26761
1,0.42071,0.62395,0.00014807,0.036023,0.17321,0.75094,0.26761
1,0.37074,0.7024,0.00012525,0.023014,0.32581,0.77434,0.26761
1,0.37886,0.71845,0.00012081,0.030286,0.51102,0.79883,0.26761
1,0.56315,0.52655,0.00014211,0.032294,0.52127,0.82469,0.26761
1,0.78353,0.24797,8.4803e-05,0.071587,0.42661,0.85229,0.26761
1,0.92367,0.056855,0.00021556,0.026238,0.2042,0.88214,0.26761
1,0.94896,0.026576,0.00019453,0.042841,0.15508,0.91524,0.26761
1,0.94385,0.023446,0.00012439,0.042841,0.19549,0.95313,0.26761
1,0.9769,0.0089687,0.00026729,0.042841,0.060658,1,0.26761
1,0.53577,0.47775,9.811e-05,0.014517,0.072097,0.72841,0.27465
1,0.45711,0.62708,7.7593e-05,0.12357,0.21974,0.75094,0.27465
1,0.38122,0.69299,5.3236e-05,0.045818,0.35758,0.77434,0.27465
1,0.48176,0.61767,7.3741e-05,0.051636,0.42063,0.79883,0.27465
1,0.66127,0.4175,7.9466e-05,0.048811,0.41132,0.82469,0.27465
1,0.79832,0.22498,5.5551e-05,0.065615,0.3848,0.85229,0.27465
1,0.9316,0.050259,0.00024273,0.016759,0.16361,0.88214,0.27465
1,0.95584,0.023816,0.00021522,0.042841,0.12385,0.91524,0.27465
1,0.96063,0.01689,0.00014266,0.042841,0.12926,0.95313,0.27465
1,0.97759,0.0092179,0.00021623,0.042841,0.060669,1,0.27465
1,0.81599,0.16266,0.0011214,0.038083,0.030745,0.45269,0.28169
1,1,0,0,0,0,0.64445,0.28169
1,0.53928,0.51561,9.1092e-05,0.055001,0.13861,0.75094,0.28169
1,0.51882,0.54955,9.5876e-05,0.039737,0.23795,0.77434,0.28169
1,0.57104,0.50314,8.6676e-05,0.026786,0.32405,0.79883,0.28169
1,0.73647,0.31403,0.00011299,0.027086,0.30134,0.82469,0.28169
1,0.79451,0.21719,4.143e-05,0.043882,0.36415,0.85229,0.28169
1,0.94669,0.041448,0.0003344,0.042841,0.11238,0.88214,0.28169
1,0.96769,0.017773,0.00047682,0.042841,0.057869,0.91524,0.28169
1,0.97061,0.013055,0.00024642,0.042841,0.075864,0.95313,0.28169
1,0.9753,0.01079,0.00011857,0.042841,0.083453,1,0.28169
1,0.75213,0.22794,0.0006551,0.096392,0.088042,0.43364,0.28873
1,1,0,0,0.095448,0.13917,0.45269,0.28873
1,0.83261,0.18671,0.0007267,0.096392,0.10885,0.47167,0.28873
1,0.86594,0.1813,0.00030309,0.096392,0.064385,0.49058,0.28873
1,1,0,0,0,0,0.6049,0.28873
1,0.62865,0.40727,0.00014947,0.017856,0.058063,0.75094,0.28873
1,0.6899,0.40336,0.0004738,0.13883,0.11644,0.77434,0.28873
1,0.67239,0.39496,0.00014673,0.052729,0.2322,0.79883,0.28873
1,0.81496,0.22402,0.00025841,0.047416,0.1915,0.82469,0.28873
1,0.82087,0.18766,2.9205e-05,0.048177,0.31447,0.85229,0.28873
1,0.94148,0.046177,0.00018732,0.042841,0.12405,0.88214,0.28873
1,0.96441,0.020519,0.00027938,0.042841,0.07543,0.91524,0.28873
1,0.97139,0.01339,0.00020777,0.042841,0.073325,0.95313,0.28873
1,0.97391,0.011855,7.9622e-05,0.037319,0.094798,1,0.28873
1,0.5586,0.44765,0.00054465,0.20349,0.051496,0.3951,0.29577
1,0.63304,0.36532,0.0004771,0.16923,0.13817,0.41445,0.29577
1,0.67108,0.30641,0.0012065,0.091298,0.21032,0.43364,0.29577
1,0.67594,0.29339,0.0030785,0.023458,0.27339,0.45269,0.29577
1,0,1,0,0.030738,0.25979,0.47167,0.29577
1,0.80687,0.24609,0.00037461,0.060755,0.17451,0.49058,0.29577
1,0.84172,0.26094,0.00032768,0.096392,0.10361,0.50942,0.29577
1,0.82791,0.32271,0.00025692,0.096392,0.098826,0.52833,0.29577
1,1,0,0,0,0,0.62453,0.29577
1,0,1,0,0,0.019251,0.64445,0.29577
1,0.73114,0.29545,0.00079283,0,0.017717,0.77434,0.29577
1,0.76157,0.29848,0.00038339,0.087402,0.13992,0.79883,0.29577
1,0.86856,0.1543,0.00084367,0.042438,0.082619,0.82469,0.29577
1,0.84256,0.16145,2.4856e-05,0.044334,0.26656,0.85229,0.29577
1,0.91708,0.065,4.8427e-05,0.028069,0.18721,0.88214,0.29577
1,0.94844,0.031565,5.9352e-05,0.042841,0.14953,0.91524,0.29577
1,0.96306,0.018465,6.8379e-05,0.042841,0.12478,0.95313,0.29577
1,0.97128,0.013914,4.4052e-05,0.041785,0.11866,1,0.29577
1,0.56318,0.058091,0.30199,0.066729,0.030012,0.11786,0.30282
1,0,0,1,0.042224,0,0.14771,0.30282
1,1,0,0,0,0,0.17531,0.30282
1,0.33947,0.66776,0.001693,0.20349,0.081669,0.37547,0.30282
1,0.40572,0.58884,0.00081291,0.16206,0.19296,0.3951,0.30282
1,0.47673,0.48333,0.0017327,0.073286,0.27309,0.41445,0.30282
1,0.54597,0.4068,0.0043871,0.032015,0.34676,0.43364,0.30282
1,0.57507,0.38988,0.0087336,0.012533,0.42156,0.45269,0.30282
1,0.63892,0.36296,0.0049749,0.013675,0.39736,0.47167,0.30282
1,0.73537,0.32929,0.00071365,0.050651,0.29507,0.49058,0.30282
1,1,0,0,0.050739,0.23924,0.50942,0.30282
1,0.77968,0.40208,0.00041551,0.096392,0.17579,0.52833,0.30282
1,0.83241,0.36668,0.00053241,0.095062,0.051196,0.54731,0.30282
1,0.89668,0.34129,0.00044948,0.29997,0.028618,0.56636,0.30282
1,0.82399,0.22028,0.0010373,0.097035,0.048824,0.79883,0.30282
1,0.88587,0.12863,0.0010124,0.036503,0.036079,0.82469,0.30282
1,0.8696,0.13583,2.2676e-05,0.061286,0.21642,0.85229,0.30282
1,0.88561,0.095491,1.4868e-05,0.049616,0.26755,0.88214,0.30282
1,0.91946,0.049984,2.9515e-05,0.021534,0.23094,0.91524,0.30282
1,0.94716,0.027475,3.1567e-05,0.030972,0.19058,0.95313,0.30282
1,0.96999,0.015279,3.0326e-05,0.043197,0.13075,1,0.30282
1,0.51471,0.02972,0.52197,0.21871,0.026473,0,0.30986
1,1,0,0,0,0,0.084758,0.30986
1,0.50255,0.071766,0.34188,0.049528,0.078019,0.11786,0.30986
1,0.52912,0.13123,0.2627,0.067089,0.11046,0.14771,0.30986
1,0.61956,0.17693,0.11036,0.11531,0.073214,0.17531,0.30986
1,0.60019,0.25958,0.027753,0.11781,0.10288,0.20117,0.30986
1,0.57765,0.3254,0.0080843,0.11084,0.099048,0.22566,0.30986
1,0.58798,0.34212,0.0047403,0.11781,0.036379,0.24906,0.30986
1,0.55151,0.42646,0.0046632,0.19851,0.036646,0.27159,0.30986
1,0,1,0,0.015735,0,0.35555,0.30986
1,0,1,0,0.20349,0.14842,0.37547,0.30986
1,0.28754,0.68006,0.0023638,0.075929,0.29512,0.3951,0.30986
1,0.37099,0.58331,0.0057631,0.043715,0.39499,0.41445,0.30986
1,0.51032,0.44186,0.0076148,0.025272,0.41432,0.43364,0.30986
1,0.68557,0.28064,0.0050411,0.0092451,0.33943,0.45269,0.30986
1,1,0,0,0.010468,0.32802,0.47167,0.30986
1,0.76877,0.29205,0.00057493,0.040517,0.27784,0.49058,0.30986
1,0.74022,0.38164,0.00074509,0.03656,0.26336,0.50942,0.30986
1,0.74239,0.42301,0.00088675,0.014827,0.19558,0.52833,0.30986
1,0,1,0,0.077803,0.051702,0.54731,0.30986
1,1,1,0,0,0,0.62453,0.30986
1,1,0,0,0,0,0.77434,0.30986
1,0.81453,0.20335,0.00060438,0.026024,0.040301,0.79883,0.30986
1,0.88288,0.12416,0.00058379,0.016175,0.032334,0.82469,0.30986
1,0.89594,0.1078,3.6798e-05,0.064456,0.15322,0.85229,0.30986
1,0.84616,0.13662,7.4736e-06,0.076777,0.34973,0.88214,0.30986
1,0.8983,0.068069,1.9073e-05,0.037651,0.28976,0.91524,0.30986
1,0.9363,0.035831,2.1319e-05,0.042841,0.23615,0.95313,0.30986
1,0.972,0.01502,2.6774e-05,0.048271,0.12354,1,0.30986
1,1,0,0,0.021286,0,0.084758,0.3169
1,0.56449,0.11041,0.24432,0.059028,0.065874,0.14771,0.3169
1,0.53319,0.24,0.13889,0.11781,0.16638,0.17531,0.3169
1,0.50814,0.3436,0.051751,0.088998,0.19077,0.20117,0.3169
1,0.48799,0.4326,0.014785,0.11781,0.20105,0.22566,0.3169
1,0.46621,0.47299,0.0050159,0.11333,0.16326,0.24906,0.3169
1,0.43349,0.56011,0.0041156,0.20425,0.16879,0.27159,0.3169
1,1,0,0,0.20349,0.14684,0.29339,0.3169
1,0,1,0,0.20349,0.12303,0.31462,0.3169
1,0.20938,0.79466,0.00070014,0.20349,0.12657,0.33527,0.3169
1,0.18346,0.8257,0.0028937,0.20349,0.13245,0.35555,0.3169
1,0.21193,0.79781,0.0022184,0.1896,0.23498,0.37547,0.3169
1,0.23479,0.72452,0.0048826,0.030826,0.36323,0.3951,0.3169
1,0.38708,0.56368,0.0061889,0.030623,0.39577,0.41445,0.3169
1,0.64537,0.30458,0.0033568,0.0099305,0.29454,0.43364,0.3169
1,1,0,0,0.0075978,0.19598,0.45269,0.3169
1,0.85699,0.14393,0.00052251,0.0038321,0.17416,0.47167,0.3169
1,0.86938,0.16704,0.00028386,0.010275,0.137,0.49058,0.3169
1,0.8412,0.24906,0.00042519,0.016802,0.137,0.50942,0.3169
1,0.84654,0.28308,0.0006852,0.004237,0.049307,0.52833,0.3169
1,0.82012,0.36427,0.0014915,0,0.018184,0.54731,0.3169
1,0.83605,0.35214,0.0008732,0,0.024623,0.56636,0.3169
1,1,0,0,0,0,0.6049,0.3169
1,1,0,0,0,0,0.79883,0.3169
1,0.87822,0.14318,0.00015851,0.087717,0.07893,0.82469,0.3169
1,0.92554,0.080305,0.00012679,0.090808,0.077075,0.85229,0.3169
1,0.87332,0.12038,3.8049e-06,0.11339,0.31344,0.88214,0.3169
1,0.92563,0.049404,1.5722e-05,0.032289,0.21555,0.91524,0.3169
1,0.95511,0.025512,2.051e-05,0.041286,0.16602,0.95313,0.3169
1,0.98412,0.012491,9.5632e-05,0.18584,0.085564,1,0.3169
1,0.47704,0.040132,0.51523,0.017306,0.014839,0.084758,0.32394
1,0.59625,0.17062,0.12845,0.033189,0.057285,0.17531,0.32394
1,0.57963,0.27723,0.044824,0.041858,0.09707,0.20117,0.32394
1,0.46036,0.45443,0.021042,0.06179,0.2101,0.22566,0.32394
1,0.39027,0.56307,0.0082546,0.11326,0.24729,0.24906,0.32394
1,0,1,0,0.055458,0.27909,0.27159,0.32394
1,0,1,0,0.20349,0.27425,0.29339,0.32394
1,0,1,0,0.20349,0.26285,0.31462,0.32394
1,0.12887,0.87803,0.00084505,0.20349,0.26887,0.33527,0.32394
1,0,1,0,0.20349,0.27551,0.35555,0.32394
1,0.13306,0.84796,0.0048601,0.057964,0.34318,0.37547,0.32394
1,0.19356,0.7747,0.0096879,0.031919,0.45828,0.3951,0.32394
1,0.48685,0.46329,0.0030768,0.030858,0.31547,0.41445,0.32394
1,0.77261,0.18857,0.0012074,0.0095942,0.17224,0.43364,0.32394
1,1,0,0,0.0082255,0.07968,0.45269,0.32394
1,0.93105,0.070008,0.00031095,0.0011696,0.030857,0.47167,0.32394
1,0.91878,0.12535,0.00025504,0.087158,0.091798,0.49058,0.32394
1,0.90081,0.1966,0.00028494,0.11576,0.091798,0.50942,0.32394
1,0.89742,0.3209,0.00064204,0.36348,0.10584,0.52833,0.32394
1,1,1,0,0.0058071,0.048213,0.54731,0.32394
1,1,0,0,0,0,0.6049,0.32394
1,0.86514,0.14253,5.1426e-05,0.031233,0.082642,0.82469,0.32394
1,0.93323,0.06971,0.0001569,0.07751,0.040574,0.85229,0.32394
1,0.90123,0.095678,3.2951e-06,0.11962,0.25224,0.88214,0.32394
1,0.94781,0.035604,1.9836e-05,0.042841,0.14415,0.91524,0.32394
1,0.97122,0.017927,5.1417e-05,0.073273,0.096831,0.95313,0.32394
1,0.98389,0.011034,9.4921e-05,0.11655,0.060896,1,0.32394
1,0,0,1,0,0,0,0.33099
1,0,0,1,0,0,0.04687,0.33099
1,0.62248,0.24416,0.051133,0.0071502,0.039018,0.20117,0.33099
1,0.49179,0.42203,0.020943,0.015046,0.16292,0.22566,0.33099
1,0.48211,0.449,0.0051674,0.050889,0.12259,0.24906,0.33099
1,0.39655,0.55204,0.0040881,0.070722,0.14864,0.27159,0.33099
1,0.23783,0.70741,0.0030903,0.034813,0.22309,0.29339,0.33099
1,0.10636,0.86472,0.002389,0.044184,0.34128,0.31462,0.33099
1,0.074355,0.92698,0.0028748,0.16163,0.41154,0.33527,0.33099
1,0,1,0,0.10507,0.42024,0.35555,0.33099
1,0.096222,0.88815,0.010647,0.038017,0.46921,0.37547,0.33099
1,0.22755,0.73533,0.007957,0.020495,0.43163,0.3951,0.33099
1,0.55974,0.39013,0.0018928,0.023378,0.26655,0.41445,0.33099
1,0.83801,0.1325,0.00070055,0.0091187,0.10371,0.43364,0.33099
1,0.92417,0.10383,0.00021917,0.016061,0.075264,0.49058,0.33099
1,0.85361,0.26602,0.00031258,0.10264,0.21485,0.50942,0.33099
1,0.83361,0.35343,0.00044999,0.1252,0.17683,0.52833,0.33099
1,0.84663,0.33789,0.0011051,0.036068,0.033757,0.54731,0.33099
1,0.93018,0.067881,9.1369e-05,0.042687,0.032668,0.85229,0.33099
1,0.92412,0.070399,5.5432e-06,0.093096,0.17546,0.88214,0.33099
1,0.96083,0.027066,5.0198e-05,0.044722,0.084303,0.91524,0.33099
1,0.98271,0.013352,0.00025281,0.15142,0.035212,0.95313,0.33099
1,0.98468,0.0089314,0.00015448,0.042841,0.017189,1,0.33099
1,1,0,0,0.0080113,0.065619,0.22566,0.33803
1,0.5634,0.3525,0.0055188,0.0015037,0.015973,0.24906,0.33803
1,0.47441,0.44258,0.0041516,0.001643,0.032318,0.27159,0.33803
1,0.31983,0.61099,0.0019632,0.014984,0.11415,0.29339,0.33803
1,0.16356,0.79306,0.001171,0.022674,0.2354,0.31462,0.33803
1,0.075948,0.90686,0.0033861,0.036396,0.38714,0.33527,0.33803
1,0.046849,0.94784,0.014644,0.060858,0.54137,0.35555,0.33803
1,0.07434,0.91511,0.019886,0.036623,0.59878,0.37547,0.33803
1,0.26888,0.70891,0.0063621,0.065388,0.43154,0.3951,0.33803
1,0.59596,0.36179,0.0018342,0.032527,0.2664,0.41445,0.33803
1,0.85459,0.11934,0.00068338,0.00576,0.10334,0.43364,0.33803
1,0.91417,0.11586,0.0002502,0.0090673,0.12964,0.49058,0.33803
1,0.87454,0.20312,0.00032512,0.0090287,0.15821,0.50942,0.33803
1,0.89415,0.26938,0.00034028,0.18415,0.10891,0.52833,0.33803
1,0.94269,0.050636,1.9034e-05,0.06692,0.097209,0.88214,0.33803
1,0.97124,0.019521,0.00017818,0.034654,0.014423,0.91524,0.33803
1,0,1,0,0,0,0.20117,0.34507
1,0.41408,0.50681,0.0019733,0.0013302,0.013889,0.29339,0.34507
1,0.22098,0.72348,0.00083813,0.0061991,0.16408,0.31462,0.34507
1,0.10525,0.86751,0.0021149,0.0076621,0.33266,0.33527,0.34507
1,0.070478,0.9234,0.008967,0.067194,0.50303,0.35555,0.34507
1,0.088255,0.90408,0.018651,0.056141,0.61371,0.37547,0.34507
1,0.28849,0.69432,0.0067887,0.074301,0.45225,0.3951,0.34507
1,0.60189,0.36287,0.0026083,0.040232,0.29908,0.41445,0.34507
1,0.84727,0.13106,0.0010668,0.019218,0.15345,0.43364,0.34507
1,0.93489,0.057102,0.0006909,0.0038643,0.065186,0.45269,0.34507
1,0.9519,0.052096,0.0002846,0.0095814,0.039657,0.47167,0.34507
1,0.92136,0.11317,0.00029204,0.039951,0.15077,0.49058,0.34507
1,1,0,0,0.030711,0.075503,0.50942,0.34507
1,1,0,0,0,0,0.54731,0.34507
1,0.95618,0.035911,8.2144e-05,0.031604,0.018234,0.88214,0.34507
1,1,0,0,0,0,0.20117,0.35211
1,0.54753,0.36927,0.0035622,0.010982,0.039351,0.24906,0.35211
1,0.46094,0.46393,0.0018805,0.02177,0.064919,0.27159,0.35211
1,0.37512,0.55298,0.0011117,0.011166,0.075414,0.29339,0.35211
1,0.24761,0.70278,0.00057862,0.023479,0.16408,0.31462,0.35211
1,0.13295,0.84766,0.0012128,0.050334,0.33266,0.33527,0.35211
1,0.083175,0.90224,0.0094171,0.016451,0.50303,0.35555,0.35211
1,0.09281,0.90162,0.021042,0.062252,0.66367,0.37547,0.35211
1,0.27446,0.71033,0.010309,0.069227,0.51525,0.3951,0.35211
1,0.57127,0.40244,0.0052666,0.052821,0.37483,0.41445,0.35211
1,0.81822,0.17001,0.0028966,0.057422,0.25018,0.43364,0.35211
1,1,0,0,0.032326,0.12184,0.45269,0.35211
1,0.95716,0.046478,0.00027222,0.0071052,0.029523,0.47167,0.35211
1,1,0,0,0.054993,0.10603,0.49058,0.35211
1,0.91404,0.15642,0.00025013,0.065058,0.14332,0.50942,0.35211
1,0.93361,0.0668,1.9951e-05,0.053266,0.025168,0.85229,0.35211
1,0.48681,0.4294,0.0016832,0.0084118,0.038746,0.27159,0.35915
1,0.34531,0.6119,0.00054304,0.070715,0.15259,0.29339,0.35915
1,0.21385,0.75464,0.00052257,0.054479,0.25539,0.31462,0.35915
1,0.13304,0.85381,0.001608,0.065176,0.38714,0.33527,0.35915
1,0.11001,0.88827,0.0064091,0.090776,0.51556,0.35555,0.35915
1,0.12172,0.8798,0.016939,0.10005,0.65123,0.37547,0.35915
1,0.26251,0.72057,0.014237,0.053451,0.57096,0.3951,0.35915
1,0.5543,0.42122,0.0078376,0.047245,0.42494,0.41445,0.35915
1,0.82109,0.16828,0.0037858,0.053185,0.26771,0.43364,0.35915
1,0.93202,0.06502,0.0011412,0.031402,0.12107,0.45269,0.35915
1,0.95935,0.04439,0.00025776,0.00757,0.029212,0.47167,0.35915
1,0.94326,0.080647,0.00022096,0.02946,0.10586,0.49058,0.35915
1,0.93795,0.11315,0.00015857,0.05652,0.087592,0.50942,0.35915
1,0.51505,0.39485,0.0015711,0.0012831,0.014584,0.27159,0.3662
1,0.41834,0.58888,0.0003065,0.18419,0.14793,0.29339,0.3662
1,0.32556,0.6634,0.000165,0.11787,0.17419,0.31462,0.3662
1,0.21153,0.76995,0.00042829,0.06177,0.29083,0.33527,0.3662
1,0.1793,0.82431,0.0018659,0.11239,0.43018,0.35555,0.3662
1,0.16854,0.82686,0.011109,0.073725,0.58076,0.37547,0.3662
1,0.31367,0.66422,0.010491,0.038263,0.52922,0.3951,0.3662
1,0.62575,0.35067,0.0043326,0.039457,0.36639,0.41445,0.3662
1,0.86772,0.12846,0.0020951,0.071217,0.20893,0.43364,0.3662
1,0.94692,0.053777,0.0007963,0.056197,0.081958,0.45269,0.3662
1,0.98556,0.0093628,0.00011831,0.030582,0.0062002,1,0.3662
1,0.46358,0.53451,0.0002145,0.13948,0.068725,0.31462,0.37324
1,0.32149,0.67686,0.00011218,0.11037,0.21155,0.33527,0.37324
1,0.26275,0.75414,0.00049684,0.14525,0.36601,0.35555,0.37324
1,0.25442,0.77378,0.0040098,0.17576,0.52716,0.37547,0.37324
1,0.35633,0.64129,0.0077087,0.085273,0.52975,0.3951,0.37324
1,0.64665,0.33697,0.0033473,0.047419,0.36715,0.41445,0.37324
1,1,0,0,0.042847,0.21028,0.43364,0.37324
1,1,0,0,0.040892,0.085353,0.45269,0.37324
1,0.96121,0.042647,0.00020636,0.0053144,0.028618,0.47167,0.37324
1,0.98014,0.015097,9.4101e-05,0.091418,0.036773,0.95313,0.37324
1,0.98668,0.0094915,0.00012468,0.058249,0.0064169,1,0.37324
1,0.43469,0.59361,7.2203e-05,0.17222,0.15556,0.33527,0.38028
1,0.35821,0.67752,0.00011115,0.18128,0.30871,0.35555,0.38028
1,0.35287,0.66704,0.00088095,0.1377,0.41637,0.37547,0.38028
1,0.48799,0.53779,0.0016643,0.14714,0.43163,0.3951,0.38028
1,0.67726,0.34707,0.0022536,0.14536,0.39194,0.41445,0.38028
1,0.85949,0.13676,0.0011761,0.049498,0.22999,0.43364,0.38028
1,0.94422,0.054487,0.00047382,0.018332,0.076803,0.45269,0.38028
1,0.9794,0.022934,5.8263e-05,0.25439,0.10819,0.95313,0.38028
1,0.98743,0.011657,9.7132e-05,0.15426,0.03974,1,0.38028
1,1,0,0,0.1888,0.11035,0.33527,0.38732
1,0.48951,0.56213,2.3624e-05,0.20639,0.21699,0.35555,0.38732
1,0.50201,0.51614,4.6714e-05,0.12552,0.27747,0.37547,0.38732
1,0.6192,0.38645,0.00010616,0.092444,0.28231,0.3951,0.38732
1,0.70128,0.30622,0.00075196,0.088961,0.34425,0.41445,0.38732
1,0.85361,0.14751,0.00051644,0.055792,0.23962,0.43364,0.38732
1,0.93513,0.064577,0.00029423,0.01254,0.10223,0.45269,0.38732
1,0.98256,0.026472,0.0002087,0.4063,0.11154,0.95313,0.38732
1,0.98782,0.018075,0.00014925,0.36281,0.095253,1,0.38732
1,0.56021,0.40296,0.00021651,0.023757,0.019428,0.33527,0.39437
1,0.60658,0.39913,4.875e-05,0.10304,0.076958,0.35555,0.39437
1,0.66465,0.35389,1.7722e-05,0.12464,0.12955,0.37547,0.39437
1,0.76662,0.25048,2.1478e-05,0.12087,0.13441,0.3951,0.39437
1,0.80728,0.22099,0.00011159,0.15134,0.2319,0.41445,0.39437
1,0.8678,0.14897,0.000249,0.11061,0.23223,0.43364,0.39437
1,0.93576,0.074186,0.00020521,0.075552,0.12421,0.45269,0.39437
1,0.98567,0.018074,0.00026498,0.29979,0.048268,0.95313,0.39437
1,0.98481,0.025153,9.8966e-05,0.4273,0.15074,1,0.39437
1,0.86389,0.14346,3.6797e-05,0.077767,0.1023,0.41445,0.40141
1,0.89883,0.12078,0.0001288,0.12511,0.16447,0.43364,0.40141
1,0.98088,0.034049,7.0451e-05,0.48065,0.20616,1,0.40141
1,0.91961,0.084926,4.9418e-05,0.043053,0.065997,0.43364,0.40845
1,0.98296,0.032383,0.00012356,0.50784,0.18539,1,0.40845
1,0.98683,0.026093,0.00026119,0.50914,0.13052,1,0.41549
1,0.9895,0.01952,0.00034199,0.44875,0.077341,1,0.42254
1,0.98883,0.012804,0.00011837,0.20135,0.035085,1,0.42958
1,0.98933,0.012936,0.00013922,0.21956,0.032201,1,0.43662
1,0.98748,0.011132,9.93e-05,0.083377,0.0086003,1,0.44366
1,0.92325,0.1238,7.0466e-07,0.043768,0.041574,0.64445,0.4507
1,0.96987,0.037692,0.00028224,0.020244,0.056046,0.56636,0.45775
1,1,0,0,0.0026733,0.030951,0.58555,0.45775
1,0.9562,0.057879,3.6187e-05,0.0046418,0.024251,0.6049,0.45775
1,0.93396,0.093405,3.9934e-06,0.016498,0.048879,0.62453,0.45775
1,0.87968,0.18352,1.9877e-06,0.053665,0.14637,0.64445,0.45775
1,0.89765,0.16747,1.1299e-06,0.044994,0.053624,0.66473,0.45775
1,0.97213,0.035467,0.00036717,0.061213,0.084753,0.54731,0.46479
1,0.95473,0.062884,0.00040037,0.097752,0.17739,0.56636,0.46479
1,0.95333,0.058116,0.00028572,0.025101,0.11282,0.58555,0.46479
1,0.93713,0.082191,4.6979e-05,0.024342,0.10426,0.6049,0.46479
1,0.8934,0.15583,9.4149e-06,0.071932,0.17754,0.62453,0.46479
1,0.81581,0.26353,5.2782e-06,0.06369,0.25241,0.64445,0.46479
1,0.81932,0.2726,3.9747e-06,0.052902,0.19507,0.66473,0.46479
1,0.87305,0.21366,4.7102e-06,0.035706,0.056307,0.68538,0.46479
1,0.97026,0.035271,0.00034115,0.041832,0.080114,0.52833,0.47183
1,0.9585,0.055119,0.00087,0.11136,0.19592,0.54731,0.47183
1,0.91504,0.1049,0.00099091,0.072046,0.30165,0.56636,0.47183
1,0.91458,0.10753,0.00032286,0.059928,0.24803,0.58555,0.47183
1,0.88093,0.14736,8.7467e-05,0.031227,0.24296,0.6049,0.47183
1,0.80022,0.26106,2.2763e-05,0.062998,0.32357,0.62453,0.47183
1,0.70863,0.37765,1.4713e-05,0.056953,0.37607,0.64445,0.47183
1,0.77163,0.33002,1.1681e-05,0.060609,0.25644,0.66473,0.47183
1,0.85064,0.26359,1.8037e-05,0.08511,0.12068,0.68538,0.47183
1,0.8707,0.28817,5.4778e-05,0.16243,0.077364,0.70661,0.47183
1,0.55256,0.56041,0.00010467,0.016717,0.059374,0.77434,0.47183
1,0.73625,0.43973,7.6687e-06,0.11415,0.045807,0.79883,0.47183
1,0.96653,0.043976,4.918e-05,0.041793,0.037757,0.88214,0.47183
1,0.97058,0.032749,0.00044276,0.028266,0.066169,0.52833,0.47887
1,1,0,0,0.051908,0.22063,0.54731,0.47887
1,0.87704,0.14317,0.001554,0.065639,0.38191,0.56636,0.47887
1,0.834,0.1921,0.00057721,0.048509,0.39519,0.58555,0.47887
1,0.79251,0.24977,0.00014411,0.058759,0.39046,0.6049,0.47887
1,0.68869,0.37325,5.3162e-05,0.055398,0.44593,0.62453,0.47887
1,0.60237,0.48074,4.38e-05,0.054564,0.47708,0.64445,0.47887
1,0.68912,0.4166,3.0655e-05,0.056764,0.3407,0.66473,0.47887
1,0.75279,0.38546,6.2682e-05,0.074931,0.25245,0.68538,0.47887
1,0,1,0,0.18044,0.17924,0.70661,0.47887
1,1,0,0,0.12637,0.060152,0.72841,0.47887
1,1,0,0,0.10477,0.11759,0.77434,0.47887
1,0.76509,0.48496,6.2623e-06,0.26933,0.052985,0.79883,0.47887
1,1,0,0,0,0,0.91524,0.47887
1,0.96994,0.031798,0.00058445,0.018505,0.056357,0.52833,0.48592
1,0.94332,0.061754,0.0013284,0.046947,0.2179,0.54731,0.48592
1,0.86895,0.14678,0.0012148,0.057732,0.38035,0.56636,0.48592
1,0.71944,0.30674,0.0012959,0.046718,0.54403,0.58555,0.48592
1,0.65597,0.38224,0.00033835,0.046874,0.53958,0.6049,0.48592
1,0.54974,0.50474,0.00018933,0.051077,0.57946,0.62453,0.48592
1,0.50175,0.57232,0.00013804,0.054472,0.56524,0.64445,0.48592
1,0.56618,0.53602,9.2683e-05,0.054312,0.45397,0.66473,0.48592
1,0.62397,0.52133,0.00021438,0.068854,0.38521,0.68538,0.48592
1,1,1,0,0.14132,0.27828,0.70661,0.48592
1,1,0,0,0.21229,0.095453,0.72841,0.48592
1,0,1,0,0,0,0.75094,0.48592
1,0,1,0,0.14371,0.14905,0.77434,0.48592
1,0.69086,0.51773,7.2136e-05,0.0973,0.046185,0.79883,0.48592
1,0.97427,0.042493,8.1103e-05,0.05975,0.022795,0.88214,0.48592
1,0.96773,0.03294,0.00077286,0.013536,0.056324,0.52833,0.49296
1,0.93936,0.061347,0.00095488,0.018899,0.19773,0.54731,0.49296
1,0.87084,0.14096,0.00068284,0.054605,0.35528,0.56636,0.49296
1,0.7267,0.29735,0.00063075,0.055314,0.51461,0.58555,0.49296
1,0.53175,0.50239,0.0008906,0.054989,0.66394,0.6049,0.49296
1,0.4191,0.63421,0.00079842,0.079491,0.71928,0.62453,0.49296
1,0.39034,0.67316,0.00053285,0.063364,0.67221,0.64445,0.49296
1,0.42975,0.65902,0.00038698,0.056801,0.57946,0.66473,0.49296
1,0.53227,0.59856,0.0004821,0.05568,0.45832,0.68538,0.49296
1,1,0,0,0.12524,0.27794,0.70661,0.49296
1,0.80838,0.42567,2.6547e-05,0.2319,0.093998,0.72841,0.49296
1,1,1,0,0,0,0.75094,0.49296
1,1,1,0,0.021545,0.027718,0.77434,0.49296
1,1,0,0,0.26726,0.063808,0.79883,0.49296
1,0.88141,0.3251,3.594e-05,0.0146,0.043201,0.82469,0.49296
1,0.96903,0.029883,0.0010867,0,0.025456,0.52833,0.5
1,0.94752,0.054675,0.0004124,0.046386,0.15679,0.54731,0.5
1,0.88442,0.12385,0.0002872,0.054716,0.30268,0.56636,0.5
1,0.74004,0.27336,0.00030253,0.038066,0.46099,0.58555,0.5
1,0.5414,0.48927,0.00041914,0.060164,0.62367,0.6049,0.5
1,0.34795,0.7011,0.0012796,0.099817,0.78943,0.62453,0.5
1,0.30028,0.75231,0.001294,0.076186,0.76695,0.64445,0.5
1,0.38039,0.69561,0.00052829,0.055942,0.60788,0.66473,0.5
1,0.51889,0.60736,0.00045544,0.069004,0.45579,0.68538,0.5
1,0.65933,0.52276,0.00041759,0.095317,0.31846,0.70661,0.5
1,0.74723,0.50376,3.2937e-05,0.22332,0.1796,0.72841,0.5
1,1,0,0,0,0.022395,0.75094,0.5
1,1,1,0,0,0,0.77434,0.5
1,0,1,0,0.21322,0.072769,0.79883,0.5
1,0.86444,0.43799,5.2922e-06,0.071215,0.13639,0.82469,0.5
1,0.95991,0.13936,1.3868e-05,0.0078142,0.031612,0.85229,0.5
1,1,0,0,0,0,0.91524,0.5
1,0.94716,0.054232,0.00027312,0.050946,0.13882,0.54731,0.50704
1,0.8745,0.12952,0.00017568,0.044752,0.29382,0.56636,0.50704
1,0.7228,0.28752,0.00018047,0.041823,0.45527,0.58555,0.50704
1,0.51108,0.50983,0.00031393,0.051608,0.61948,0.6049,0.50704
1,0.31626,0.71898,0.0011209,0.081989,0.78616,0.62453,0.50704
1,0.31362,0.74813,0.00059879,0.1163,0.72786,0.64445,0.50704
1,0.43143,0.67699,0.00031805,0.14542,0.55889,0.66473,0.50704
1,0.56471,0.56001,0.0003619,0.088807,0.38983,0.68538,0.50704
1,0.70356,0.43986,0.00026423,0.05416,0.22842,0.70661,0.50704
1,1,0,0,0.13949,0.11029,0.72841,0.50704
1,0.74378,0.47117,2.2919e-05,0.12057,0.022362,0.75094,0.50704
1,0,1,0,0,0,0.77434,0.50704
1,0,1,0,0,0,0.79883,0.50704
1,0.89135,0.43805,1.2951e-05,0.050199,0.11256,0.82469,0.50704
1,1,0,0,0.040832,0.080375,0.85229,0.50704
1,0.9631,0.035293,0.0016258,0.014395,0.039207,0.52833,0.51408
1,0.92484,0.072631,0.00030985,0.028326,0.18935,0.54731,0.51408
1,0.85433,0.16482,9.8721e-05,0.11742,0.34104,0.56636,0.51408
1,0.67031,0.34296,0.00014236,0.062233,0.49728,0.58555,0.51408
1,0.46404,0.56392,0.0002861,0.086355,0.65208,0.6049,0.51408
1,0.27114,0.75662,0.0011292,0.084862,0.81183,0.62453,0.51408
1,0.30994,0.75969,0.00041331,0.15862,0.70986,0.64445,0.51408
1,0.44748,0.68503,0.00044864,0.22399,0.54143,0.66473,0.51408
1,0.5539,0.55449,0.00039574,0.083302,0.365,0.68538,0.51408
1,0,1,0,0.029329,0.18423,0.70661,0.51408
1,0.76765,0.46385,2.0028e-05,0.1217,0.053218,0.75094,0.51408
1,0,1,0,0,0,0.77434,0.51408
1,1,0,0,0,0,0.79883,0.51408
1,0.95278,0.46792,8.477e-07,0.47115,0.12129,0.82469,0.51408
1,1,0,0,0.062282,0.086931,0.85229,0.51408
1,0.97881,0.02483,0.00034845,0,0.019484,0.91524,0.51408
1,1,0,0,0,0,0.50942,0.52113
1,1,0,0,0.025248,0.087142,0.52833,0.52113
1,0.89659,0.099186,0.00033575,0.031282,0.24876,0.54731,0.52113
1,0.79922,0.21526,9.2495e-05,0.097485,0.39485,0.56636,0.52113
1,0.60707,0.41008,0.0001362,0.084337,0.54485,0.58555,0.52113
1,0.39084,0.63341,0.00038723,0.096836,0.70252,0.6049,0.52113
1,0.24975,0.79421,0.00085988,0.16144,0.83427,0.62453,0.52113
1,0.29816,0.75832,0.00026242,0.13996,0.66725,0.64445,0.52113
1,0.44169,0.67741,0.00047908,0.21541,0.49916,0.66473,0.52113
1,0.55909,0.54508,0.00048782,0.10577,0.33253,0.68538,0.52113
1,0.70376,0.41746,0.00018083,0.057062,0.18201,0.70661,0.52113
1,1,1,0,0.25295,0.050785,0.82469,0.52113
1,1,0,0,0.054273,0.14737,0.85229,0.52113
1,1,0,0,0.00011353,0.015528,0.88214,0.52113
1,0.98345,0.020361,0.00012316,0.07848,0.028551,0.95313,0.52113
1,0.72512,0.35044,0.00019078,0.010383,0.029568,0.35555,0.52817
1,0.87827,0.17103,0.00025965,0.0012702,0.02924,0.45269,0.52817
1,0.91212,0.14216,0.00035341,0.10528,0.07183,0.47167,0.52817
1,1,0,0,0.085408,0.12296,0.49058,0.52817
1,0.94782,0.072596,0.00092485,0.13531,0.093742,0.50942,0.52817
1,0.94334,0.074142,0.00042788,0.17062,0.15017,0.52833,0.52817
1,1,0,0,0.098566,0.27771,0.54731,0.52817
1,0.74592,0.264,7.8402e-05,0.085511,0.42927,0.56636,0.52817
1,0.5219,0.48038,0.00019519,0.05945,0.58786,0.58555,0.52817
1,0.31512,0.69837,0.00053417,0.087336,0.75022,0.6049,0.52817
1,0.22982,0.79284,0.00044158,0.10517,0.78324,0.62453,0.52817
1,0.26705,0.77148,0.00019489,0.11213,0.64283,0.64445,0.52817
1,0.3926,0.69376,0.00045773,0.16994,0.47965,0.66473,0.52817
1,0.54555,0.5428,0.00064536,0.10582,0.30322,0.68538,0.52817
1,0.75099,0.37977,0.00017754,0.11662,0.12245,0.70661,0.52817
1,1,0,0,0,0,0.72841,0.52817
1,1,0,0,0,0,0.77434,0.52817
1,0.92798,0.41933,2.855e-05,0.018233,0.015667,0.79883,0.52817
1,1,0,0,0,0,0.82469,0.52817
1,1,1,0,0.092453,0.17737,0.85229,0.52817
1,0.98113,0.032392,0.00015477,0.019426,0.035335,0.91524,0.52817
1,0.97863,0.028144,5.9818e-05,0.077133,0.081075,0.95313,0.52817
1,0.7228,0.36306,0.00028057,0.08038,0.032779,0.33527,0.53521
1,0.6927,0.44477,0.00014428,0.11381,0.1095,0.35555,0.53521
1,0.71568,0.4346,9.4928e-05,0.12422,0.11956,0.37547,0.53521
1,0.78109,0.34843,0.00010604,0.10051,0.060719,0.3951,0.53521
1,0.79475,0.29903,0.00013142,0.019638,0.042874,0.41445,0.53521
1,0.83149,0.27457,0.00012063,0.083934,0.065413,0.43364,0.53521
1,0.84455,0.24555,0.00016128,0.074393,0.097431,0.45269,0.53521
1,0.82479,0.26124,0.00029529,0.091123,0.21238,0.47167,0.53521
1,0.84344,0.21671,0.00095196,0.091928,0.26074,0.49058,0.53521
1,0.88061,0.15775,0.00054082,0.1167,0.24826,0.50942,0.53521
1,0.89075,0.14454,0.00024729,0.18315,0.27438,0.52833,0.53521
1,0.80115,0.20089,0.00017419,0.060395,0.37305,0.54731,0.53521
1,0.64789,0.3503,0.00014693,0.05688,0.49599,0.56636,0.53521
1,0.43376,0.55956,0.000308,0.048914,0.63791,0.58555,0.53521
1,0.24642,0.75359,0.00068427,0.062023,0.78974,0.6049,0.53521
1,0.22982,0.78238,0.00012889,0.081014,0.70957,0.62453,0.53521
1,0.27949,0.75165,0.00012409,0.10241,0.56056,0.64445,0.53521
1,0.3734,0.68229,0.00039158,0.11961,0.41954,0.66473,0.53521
1,1,0,0,0.080412,0.27714,0.68538,0.53521
1,0,1,0,0.041798,0.10584,0.70661,0.53521
1,1,0,0,0,0,0.77434,0.53521
1,1,0,0,0,0,0.79883,0.53521
1,1,0,0,0.093843,0.055635,0.82469,0.53521
1,1,0,0,0.10261,0.14775,0.85229,0.53521
1,0.97837,0.028331,5.3871e-05,0.038253,0.066513,0.95313,0.53521
1,0.66427,0.36954,0.00066464,0.1236,0.082147,0.29339,0.54225
1,0.65727,0.4257,0.00027688,0.13681,0.11301,0.31462,0.54225
1,0.64774,0.47596,0.00017986,0.13202,0.13888,0.33527,0.54225
1,0.56601,0.58938,0.00018817,0.11203,0.23534,0.35555,0.54225
1,0.56827,0.60029,0.00012997,0.12478,0.26737,0.37547,0.54225
1,0.67423,0.50282,7.9698e-05,0.14328,0.19491,0.3951,0.54225
1,0.72327,0.43493,8.4674e-05,0.11295,0.1584,0.41445,0.54225
1,0.70091,0.44677,0.00011896,0.088901,0.21593,0.43364,0.54225
1,0.71689,0.4156,0.00019063,0.0836,0.24865,0.45269,0.54225
1,0.71501,0.3906,0.00058316,0.066667,0.31254,0.47167,0.54225
1,0.69706,0.38064,0.0019503,0.062496,0.41101,0.49058,0.54225
1,0.75428,0.30144,0.00099669,0.091984,0.40316,0.50942,0.54225
1,0.77472,0.27298,0.00030464,0.14589,0.41949,0.52833,0.54225
1,0.68326,0.32848,0.0003292,0.078294,0.48959,0.54731,0.54225
1,0.51822,0.47649,0.00045655,0.055179,0.59606,0.56636,0.54225
1,0.33134,0.65957,0.00064652,0.052232,0.71799,0.58555,0.54225
1,0.19501,0.79717,0.00072101,0.043835,0.81519,0.6049,0.54225
1,0.22705,0.7867,4.5608e-05,0.096731,0.65777,0.62453,0.54225
1,0.30452,0.7463,0.00011853,0.16455,0.49645,0.64445,0.54225
1,0.38247,0.65802,0.00034032,0.10069,0.33807,0.66473,0.54225
1,0.54426,0.52297,0.00083725,0.11017,0.19714,0.68538,0.54225
1,0.70452,0.39181,0.0001012,0.034219,0.060691,0.70661,0.54225
1,1,0,0,0,0,0.72841,0.54225
1,1,0,0,0,0,0.75094,0.54225
1,1,0,0,0,0,0.77434,0.54225
1,1,0,0,0,0,0.79883,0.54225
1,1,1,0,0.042665,0.13853,0.82469,0.54225
1,1,0,0,0.071369,0.16724,0.85229,0.54225
1,0.98496,0.088289,0.00025134,0.016907,0.039468,0.88214,0.54225
1,0.98266,0.023621,7.8307e-05,0.018304,0.013939,0.95313,0.54225
1,0.62747,0.23102,0.0055488,0.035151,0.035135,0.24906,0.5493
1,1,0,0,0.10417,0.10719,0.27159,0.5493
1,0,1,0,0.10812,0.18745,0.29339,0.5493
1,0.51615,0.56662,0.00042507,0.12181,0.25282,0.31462,0.5493
1,0.51521,0.61103,0.00028549,0.12476,0.26876,0.33527,0.5493
1,0,1,0,0.11442,0.35583,0.35555,0.5493
1,0.43055,0.72722,0.00033143,0.12093,0.39524,0.37547,0.5493
1,0.52424,0.65246,0.00016368,0.12624,0.32628,0.3951,0.5493
1,0.56522,0.61155,0.00016011,0.11385,0.30708,0.41445,0.5493
1,0.53659,0.63097,0.00030106,0.10335,0.3685,0.43364,0.5493
1,0.54111,0.60605,0.00068184,0.079206,0.40196,0.45269,0.5493
1,0.5591,0.56481,0.0014012,0.070638,0.44485,0.47167,0.5493
1,0.54762,0.54684,0.0026831,0.072765,0.53467,0.49058,0.5493
1,0.58057,0.48658,0.0022387,0.083086,0.55812,0.50942,0.5493
1,0.59225,0.44894,0.0011249,0.091215,0.56975,0.52833,0.5493
1,0.51705,0.49269,0.0010249,0.067275,0.62278,0.54731,0.5493
1,0.38769,0.61441,0.0010903,0.081038,0.70967,0.56636,0.5493
1,0.23253,0.75989,0.0012876,0.062441,0.81933,0.58555,0.5493
1,0.18054,0.81265,0.00034136,0.054183,0.78159,0.6049,0.5493
1,0.2074,0.7979,2.3679e-05,0.079896,0.61635,0.62453,0.5493
1,0.29631,0.7558,9.7835e-05,0.18133,0.45021,0.64445,0.5493
1,0.35985,0.66496,0.0002919,0.080635,0.28552,0.66473,0.5493
1,1,0,0,0.038508,0.12065,0.68538,0.5493
1,1,0,0,0,0,0.75094,0.5493
1,1,0,0,0,0,0.77434,0.5493
1,1,1,0,0.24732,0.029412,0.79883,0.5493
1,1,1,0,0.008204,0.1547,0.82469,0.5493
1,1,1,0,0.094696,0.22317,0.85229,0.5493
1,0.9845,0.10213,0.00015665,0.017972,0.046268,0.88214,0.5493
1,0.98618,0.018588,5.394e-05,0.066024,0.010361,1,0.5493
1,1,0,0,0,0,0.22566,0.55634
1,1,0,0,0.08897,0.096903,0.24906,0.55634
1,0.51034,0.4467,0.0026368,0.10229,0.22122,0.27159,0.55634
1,0.44671,0.58172,0.0017222,0.10427,0.30499,0.29339,0.55634
1,0.37992,0.69346,0.0014146,0.11592,0.39261,0.31462,0.55634
1,0.37471,0.7332,0.00094199,0.11191,0.40704,0.33527,0.55634
1,0.32791,0.79919,0.0012216,0.10953,0.47512,0.35555,0.55634
1,0.29808,0.82771,0.0012938,0.11238,0.53423,0.37547,0.55634
1,0.3668,0.78195,0.00057053,0.11174,0.46944,0.3951,0.55634
1,0.39713,0.76195,0.00053346,0.11124,0.45765,0.41445,0.55634
1,0.37876,0.76986,0.0010991,0.096416,0.50217,0.43364,0.55634
1,0.36538,0.76629,0.0022744,0.078129,0.554,0.45269,0.55634
1,0.38941,0.73111,0.0028785,0.080263,0.588,0.47167,0.55634
1,0.3912,0.70253,0.0039896,0.078048,0.65894,0.49058,0.55634
1,0.39885,0.668,0.0042362,0.085172,0.71311,0.50942,0.55634
1,0.42227,0.62951,0.0023064,0.11806,0.72195,0.52833,0.55634
1,0.37277,0.65646,0.0018419,0.12405,0.76406,0.54731,0.55634
1,0.25968,0.7415,0.0019735,0.085421,0.83585,0.56636,0.55634
1,0.17114,0.84508,0.0018059,0.16625,0.93114,0.58555,0.55634
1,0.16125,0.84119,0.00018233,0.095529,0.77399,0.6049,0.55634
1,0.18639,0.82874,2.36e-05,0.1225,0.60684,0.62453,0.55634
1,0.22407,0.7907,6.0089e-05,0.098187,0.43734,0.64445,0.55634
1,0.30083,0.7049,0.00025091,0.048571,0.2652,0.66473,0.55634
1,0.46589,0.55147,0.00051269,0.015324,0.092086,0.68538,0.55634
1,1,0,0,0.17939,0.044679,0.77434,0.55634
1,1,0,0,0.18964,0.064474,0.79883,0.55634
1,1,0,0,0.084626,0.084125,0.82469,0.55634
1,0.96827,0.43661,8.1495e-06,0.060074,0.21038,0.85229,0.55634
1,0.97994,0.13336,5.4644e-05,0.019852,0.08622,0.88214,0.55634
1,0.97951,0.031624,4.4066e-05,0.025253,0.040401,0.95313,0.55634
1,0.98215,0.023436,3.2407e-05,0.049991,0.045268,1,0.55634
1,0.60454,0.26463,0.0047926,0.09473,0.088631,0.24906,0.56338
1,0.45918,0.49527,0.0034126,0.11268,0.27774,0.27159,0.56338
1,0.34915,0.67798,0.0036973,0.12085,0.41985,0.29339,0.56338
1,0.28231,0.77785,0.0036226,0.11162,0.50807,0.31462,0.56338
1,0.25783,0.82464,0.0031286,0.10317,0.54735,0.33527,0.56338
1,0.23099,0.86474,0.0032859,0.10538,0.60195,0.35555,0.56338
1,0.2055,0.88985,0.003838,0.11238,0.66424,0.37547,0.56338
1,0.2444,0.87099,0.0022699,0.11748,0.61623,0.3951,0.56338
1,0.25801,0.86446,0.0022647,0.11118,0.60872,0.41445,0.56338
1,0.24674,0.86961,0.0033925,0.10012,0.644,0.43364,0.56338
1,0.23076,0.87241,0.0050703,0.08593,0.70068,0.45269,0.56338
1,0.24311,0.8531,0.0056515,0.085324,0.73569,0.47167,0.56338
1,0.25125,0.82731,0.0063403,0.083328,0.79394,0.49058,0.56338
1,0.24735,0.8072,0.0067377,0.086687,0.8681,0.50942,0.56338
1,0.26717,0.77579,0.0040305,0.11935,0.87507,0.52833,0.56338
1,0.24521,0.78881,0.002714,0.16365,0.90968,0.54731,0.56338
1,0.18152,0.82328,0.0025406,0.10385,0.92763,0.56636,0.56338
1,0.18173,0.84631,0.00098286,0.20992,0.85563,0.58555,0.56338
1,0.14066,0.87041,0.00012105,0.13809,0.77378,0.6049,0.56338
1,0.15197,0.861,3.1084e-05,0.12523,0.60658,0.62453,0.56338
1,0.18465,0.83154,6.7887e-05,0.11556,0.43698,0.64445,0.56338
1,0.24587,0.7609,0.00026363,0.061937,0.26461,0.66473,0.56338
1,0.39641,0.6237,0.00041124,0.022991,0.090425,0.68538,0.56338
1,0.5078,0.60559,6.0644e-05,0.027292,0.09687,0.70661,0.56338
1,1,0,0,0,0,0.75094,0.56338
1,1,0,0,0,0,0.77434,0.56338
1,1,1,0,0.10899,0.046624,0.79883,0.56338
1,1,1,0,0.28392,0.087747,0.82469,0.56338
1,0.97954,0.35792,1.4987e-05,0.064071,0.12897,0.85229,0.56338
1,0.96935,0.18692,1.0248e-05,0.027322,0.15201,0.88214,0.56338
1,0.97767,0.060009,2.7863e-05,0.0051302,0.049418,0.91524,0.56338
1,0.9691,0.046897,1.6582e-05,0.011852,0.10364,0.95313,0.56338
1,0.98211,0.022917,3.7068e-05,0.028712,0.029723,1,0.56338
1,0.6073,0.25964,0.0041217,0.10724,0.088792,0.24906,0.57042
1,0.50581,0.45079,0.0023083,0.13518,0.23485,0.27159,0.57042
1,0.41872,0.60919,0.0019838,0.13087,0.33995,0.29339,0.57042
1,0.38222,0.68356,0.0014427,0.10214,0.3746,0.31462,0.57042
1,0.33493,0.76189,0.0014203,0.10341,0.43917,0.33527,0.57042
1,0.31587,0.7991,0.0012725,0.095456,0.46847,0.35555,0.57042
1,0.28057,0.84192,0.0014267,0.11303,0.53353,0.37547,0.57042
1,0.23105,0.88255,0.0023804,0.12173,0.62041,0.3951,0.57042
1,0.17103,0.91818,0.0056853,0.10558,0.73371,0.41445,0.57042
1,0.16215,0.92209,0.006952,0.087723,0.7583,0.43364,0.57042
1,0.16217,0.9203,0.0076535,0.085823,0.78244,0.45269,0.57042
1,0.16652,0.91128,0.0079957,0.086774,0.81793,0.47167,0.57042
1,0.17341,0.89263,0.0077388,0.086091,0.87093,0.49058,0.57042
1,0.18127,0.86777,0.0067421,0.087646,0.92057,0.50942,0.57042
1,0.18018,0.85565,0.0048705,0.1209,0.97068,0.52833,0.57042
1,0.19482,0.82442,0.0026163,0.1095,0.90359,0.54731,0.57042
1,0.20081,0.80135,0.0014564,0.086759,0.79931,0.56636,0.57042
1,0.19591,0.81412,0.00020714,0.1321,0.71609,0.58555,0.57042
1,0.157,0.85408,3.781e-05,0.13342,0.66272,0.6049,0.57042
1,0.11505,0.89305,5.5124e-05,0.11287,0.61742,0.62453,0.57042
1,0.1332,0.87411,8.772e-05,0.094987,0.45164,0.64445,0.57042
1,0.18294,0.82631,0.00033001,0.082023,0.28772,0.66473,0.57042
1,0.29852,0.71738,0.00043231,0.025116,0.11794,0.68538,0.57042
1,0.5059,0.606,8.8512e-05,0.030745,0.032184,0.70661,0.57042
1,1,1,0,0,0,0.72841,0.57042
1,1,1,0,0,0,0.75094,0.57042
1,1,1,0,0.096878,0.028651,0.77434,0.57042
1,1,0,0,0.039681,0.025268,0.79883,0.57042
1,1,1,0,8.5682e-05,0.020101,0.82469,0.57042
1,1,0,0,0.053341,0.10332,0.85229,0.57042
1,0.94566,0.26732,9.3087e-07,0.021352,0.23637,0.88214,0.57042
1,0.97882,0.058826,3.1208e-05,0.0027654,0.021995,0.91524,0.57042
1,0.96695,0.051165,1.4139e-05,0.0092922,0.10473,0.95313,0.57042
1,0.98165,0.024202,3.6107e-05,0.032686,0.029729,1,0.57042
1,0.61715,0.20912,0.0052029,0,0.022645,0.24906,0.57746
1,0.62772,0.35024,0.0013963,0.1991,0.13067,0.27159,0.57746
1,0.53681,0.48898,0.00086903,0.13646,0.21307,0.29339,0.57746
1,0.50006,0.57221,0.00058429,0.10816,0.24685,0.31462,0.57746
1,0.45075,0.6632,0.00050125,0.11271,0.30969,0.33527,0.57746
1,0.43835,0.70156,0.00041473,0.10619,0.32795,0.35555,0.57746
1,0.37657,0.77143,0.00054858,0.10923,0.4022,0.37547,0.57746
1,0.29382,0.84504,0.0010618,0.12055,0.50986,0.3951,0.57746
1,0.22189,0.89504,0.0025334,0.11534,0.61226,0.41445,0.57746
1,0.22744,0.89721,0.0025801,0.1211,0.60538,0.43364,0.57746
1,0.20914,0.90354,0.0034972,0.099777,0.63424,0.45269,0.57746
1,0.22136,0.90132,0.0024731,0.15997,0.66883,0.47167,0.57746
1,0.2064,0.88361,0.0024603,0.10191,0.72441,0.49058,0.57746
1,0.21041,0.8562,0.0018522,0.096497,0.77771,0.50942,0.57746
1,0.1988,0.83764,0.0019056,0.080747,0.82491,0.52833,0.57746
1,0.1995,0.81497,0.0016225,0.074757,0.79934,0.54731,0.57746
1,0.22746,0.77493,0.00045924,0.084551,0.68037,0.56636,0.57746
1,0.22988,0.77295,3.5922e-05,0.10728,0.58188,0.58555,0.57746
1,0.18603,0.81174,2.5849e-05,0.083069,0.51677,0.6049,0.57746
1,0.12228,0.8719,4.6996e-05,0.048098,0.49713,0.62453,0.57746
1,0.092227,0.90635,0.00012542,0.056794,0.46248,0.64445,0.57746
1,0.12189,0.8765,0.00042731,0.051767,0.30722,0.66473,0.57746
1,0.21266,0.79771,0.00059464,0.032156,0.14653,0.68538,0.57746
1,0.43512,0.65896,0.00013051,0.012205,0.023095,0.70661,0.57746
1,1,0,0,0,0,0.75094,0.57746
1,1,1,0,0.21967,0.11566,0.77434,0.57746
1,0.97038,0.36179,7.0313e-06,0.02633,0.1327,0.85229,0.57746
1,0.91804,0.33466,3.0498e-07,0.021024,0.29337,0.88214,0.57746
1,0.97083,0.048549,1.9032e-05,0.028787,0.077625,0.95313,0.57746
1,0.64456,0.25678,0.0020093,0.017612,0.021923,0.27159,0.58451
1,0.65032,0.3585,0.00070962,0.11373,0.076825,0.29339,0.58451
1,0.60905,0.44161,0.00048608,0.067537,0.10946,0.31462,0.58451
1,0.57065,0.53121,0.00030465,0.080858,0.16687,0.33527,0.58451
1,0.57422,0.58262,0.00019516,0.12819,0.1941,0.35555,0.58451
1,0.46954,0.68841,0.00030343,0.092689,0.28577,0.37547,0.58451
1,0.3423,0.80745,0.00071721,0.098496,0.4227,0.3951,0.58451
1,0.30994,0.84808,0.00097483,0.12372,0.46341,0.41445,0.58451
1,0.30368,0.85703,0.0012117,0.11186,0.45251,0.43364,0.58451
1,0.27419,0.87694,0.0015343,0.11304,0.48644,0.45269,0.58451
1,0.25795,0.88415,0.0012685,0.12393,0.52277,0.47167,0.58451
1,0.25554,0.8657,0.00040482,0.11643,0.57479,0.49058,0.58451
1,0.25709,0.83202,0.000158,0.10219,0.62878,0.50942,0.58451
1,0.2359,0.81122,0.00034498,0.076726,0.68318,0.52833,0.58451
1,0.2097,0.80835,0.00067649,0.074837,0.71235,0.54731,0.58451
1,0.25266,0.74659,0.00011351,0.075651,0.57666,0.56636,0.58451
1,0.2661,0.72336,3.478e-05,0.074661,0.45775,0.58555,0.58451
1,0.2394,0.7551,2.5664e-05,0.075466,0.37353,0.6049,0.58451
1,0.16826,0.8298,3.973e-05,0.064167,0.34931,0.62453,0.58451
1,0.10731,0.89297,0.00012509,0.064358,0.35627,0.64445,0.58451
1,0.11883,0.88263,0.00060422,0.073806,0.24574,0.66473,0.58451
1,0,1,0,0.10332,0.09652,0.68538,0.58451
1,1,1,0,0,0,0.75094,0.58451
1,1,1,0,0.2107,0.11916,0.77434,0.58451
1,0.98298,0.33367,1.8002e-05,0,0.020245,0.82469,0.58451
1,0.9676,0.33642,3.0743e-06,0.015851,0.10754,0.85229,0.58451
1,0.90425,0.35617,1.5826e-07,0.029834,0.29863,0.88214,0.58451
1,0.96979,0.082865,1.3953e-05,0.026767,0.053963,0.91524,0.58451
1,0.97443,0.042856,3.206e-05,0.022179,0.03429,0.95313,0.58451
1,0.65178,0.36535,0.00078817,0.00025062,0.025768,0.31462,0.59155
1,0.66483,0.39555,0.00042968,0.0077542,0.027301,0.33527,0.59155
1,0.67039,0.45392,0.00019277,0.076904,0.062897,0.35555,0.59155
1,0.55026,0.61652,0.00019942,0.10089,0.20063,0.37547,0.59155
1,0.39725,0.76325,0.00051985,0.085159,0.34101,0.3951,0.59155
1,0.41001,0.77938,0.00057325,0.10896,0.31776,0.41445,0.59155
1,0.4082,0.79727,0.00078547,0.12002,0.29976,0.43364,0.59155
1,0.35955,0.83227,0.001092,0.11266,0.33287,0.45269,0.59155
1,0.30995,0.86276,0.0011218,0.11822,0.38325,0.47167,0.59155
1,0.31398,0.83743,0.00020467,0.1137,0.42891,0.49058,0.59155
1,0.32751,0.7909,4.3027e-05,0.1126,0.47903,0.50942,0.59155
1,0.28728,0.77326,5.7232e-05,0.07745,0.54866,0.52833,0.59155
1,0.2423,0.78265,0.00015371,0.08221,0.60388,0.54731,0.59155
1,0.27657,0.72551,8.4105e-05,0.087068,0.4978,0.56636,0.59155
1,0.31067,0.67634,5.3387e-05,0.077229,0.35448,0.58555,0.59155
1,0.30762,0.68649,3.6953e-05,0.074719,0.23797,0.6049,0.59155
1,0.23397,0.76984,4.7377e-05,0.075312,0.2017,0.62453,0.59155
1,0.15033,0.85679,0.00013003,0.083951,0.21759,0.64445,0.59155
1,0,1,0,0.078534,0.19976,0.66473,0.59155
1,0,1,0,0.032705,0.082714,0.68538,0.59155
1,0.29778,0.76343,0.00024482,0.012276,0.030229,0.70661,0.59155
1,0,1,0,0,0,0.72841,0.59155
1,1,0,0,0,0,0.75094,0.59155
1,1,0,0,0.35507,0.087447,0.77434,0.59155
1,0.9816,0.32915,9.2468e-06,0.076775,0.024173,0.79883,0.59155
1,1,0,0,0,0,0.82469,0.59155
1,0.95947,0.33403,8.5788e-07,0.014103,0.10361,0.85229,0.59155
1,0.87354,0.39934,1.536e-07,0.034633,0.32694,0.88214,0.59155
1,0.94611,0.12866,2.8131e-06,0.02183,0.13673,0.91524,0.59155
1,0.97022,0.049656,2.5449e-05,0.025782,0.048341,0.95313,0.59155
1,0.27373,0.053683,0.80247,0.015026,0.024484,0,0.59859
1,0.5963,0.56284,0.00017474,0.089287,0.14285,0.37547,0.59859
1,0.51909,0.66022,0.00027355,0.082552,0.20306,0.3951,0.59859
1,0.51321,0.69365,0.0004151,0.091847,0.18318,0.41445,0.59859
1,0.50905,0.71602,0.0007999,0.090294,0.14753,0.43364,0.59859
1,0.46787,0.76469,0.00096973,0.12013,0.17999,0.45269,0.59859
1,0,1,0,0.12896,0.24011,0.47167,0.59859
1,0.39044,0.79887,0.00018386,0.1309,0.29246,0.49058,0.59859
1,0.39865,0.72952,3.3727e-05,0.078035,0.33417,0.50942,0.59859
1,0.35643,0.72622,3.6979e-05,0.09995,0.4282,0.52833,0.59859
1,0.34286,0.71856,6.1039e-05,0.15529,0.46,0.54731,0.59859
1,0.33046,0.69652,9.7925e-05,0.15435,0.42085,0.56636,0.59859
1,0.33789,0.65673,0.00010386,0.10339,0.29489,0.58555,0.59859
1,0.3645,0.63468,5.8459e-05,0.081293,0.1356,0.6049,0.59859
1,0.31028,0.69425,7.6104e-05,0.065482,0.056146,0.62453,0.59859
1,0.17485,0.82159,0.00015078,0.032131,0.10306,0.64445,0.59859
1,0,1,0,0.041367,0.068408,0.66473,0.59859
1,0.096301,0.91943,0.00063129,0.10822,0.2078,0.68538,0.59859
1,0.19419,0.86734,0.00036415,0.10195,0.14419,0.70661,0.59859
1,0.48417,0.73806,0.00049152,0.14871,0.058219,0.72841,0.59859
1,1,0,0,0.094809,0.044324,0.77434,0.59859
1,0.94072,0.35858,1.7325e-07,0.012627,0.12512,0.85229,0.59859
1,0.86968,0.38078,1.6959e-07,0.035414,0.29078,0.88214,0.59859
1,0.90711,0.19106,8.513e-07,0.017886,0.22,0.91524,0.59859
1,0.96825,0.049958,3.0445e-05,0.0058435,0.03244,0.95313,0.59859
1,0,1,0,0,0,0.31462,0.60563
1,0.62763,0.5154,0.00017457,0.06632,0.096225,0.37547,0.60563
1,0.65125,0.52204,0.00020709,0.071217,0.052946,0.3951,0.60563
1,0.6038,0.59366,0.00043386,0.053618,0.056785,0.41445,0.60563
1,0.56225,0.64092,0.0014163,0.0057643,0.022345,0.43364,0.60563
1,0.5356,0.6784,0.0013961,0.027536,0.037585,0.45269,0.60563
1,0.4583,0.74815,0.001685,0.033996,0.085536,0.47167,0.60563
1,0,1,0,0.036031,0.1478,0.49058,0.60563
1,0.49538,0.65321,3.4249e-05,0.087271,0.2048,0.50942,0.60563
1,0.43362,0.67396,3.3337e-05,0.1317,0.32552,0.52833,0.60563
1,0.43087,0.6371,4.9359e-05,0.15032,0.32508,0.54731,0.60563
1,1,0,0,0.14706,0.26815,0.56636,0.60563
1,1,0,0,0.071622,0.30193,0.58555,0.60563
1,0.29135,0.69344,8.6163e-05,0.032131,0.15745,0.6049,0.60563
1,1,0,0,0.035751,0.097142,0.62453,0.60563
1,0.16365,0.86268,0.00017351,0.12104,0.1295,0.64445,0.60563
1,0.12616,0.89027,0.00052748,0.11042,0.10285,0.66473,0.60563
1,0.070978,0.94154,0.00040964,0.1016,0.23992,0.68538,0.60563
1,0.10163,0.93006,0.00033375,0.099573,0.25284,0.70661,0.60563
1,0.27732,0.84053,0.00032109,0.073969,0.16426,0.72841,0.60563
1,0.70805,0.5789,9.2356e-05,0,0.023073,0.75094,0.60563
1,1,0,0,0,0,0.77434,0.60563
1,1,0,0,0,0,0.79883,0.60563
1,0.9535,0.3638,2.4005e-06,0.044233,0.05288,0.82469,0.60563
1,0.94795,0.28862,8.1449e-08,0.018891,0.041946,0.85229,0.60563
1,0.88706,0.31317,4.1842e-07,0.022258,0.2007,0.88214,0.60563
1,0.87334,0.23362,2.614e-06,0.016179,0.2588,0.91524,0.60563
1,0.96631,0.052143,3.5116e-05,0.008354,0.02544,0.95313,0.60563
1,1,0,0,0,0,0.43364,0.61268
1,1,1,0,0,0,0.47167,0.61268
1,0.55702,0.5876,3.9793e-05,0.069625,0.11374,0.50942,0.61268
1,0.44104,0.65208,4.4323e-05,0.091594,0.27345,0.52833,0.61268
1,0.49849,0.55752,5.3953e-05,0.11471,0.2109,0.54731,0.61268
1,0.5188,0.47888,0.00011022,0.077379,0.11625,0.56636,0.61268
1,0,1,0,0.040902,0.18236,0.58555,0.61268
1,0.22225,0.81239,0.0001292,0.14974,0.2754,0.6049,0.61268
1,0.14471,0.88221,0.00011168,0.11491,0.24399,0.62453,0.61268
1,0.085082,0.93306,0.00016635,0.10447,0.2565,0.64445,0.61268
1,0.06242,0.9492,0.00032802,0.097999,0.23999,0.66473,0.61268
1,0.041294,0.96649,0.00028776,0.092179,0.32182,0.68538,0.61268
1,0.050961,0.9601,0.00024493,0.064865,0.33748,0.70661,0.61268
1,0,1,0,0.032658,0.20771,0.72841,0.61268
1,0.62285,0.59824,0.0001549,0,0.023206,0.75094,0.61268
1,1,0,0,0.15963,0.038212,0.77434,0.61268
1,0.95149,0.39914,0.00013119,0.30082,0.05433,0.79883,0.61268
1,0.92964,0.39155,2.7412e-06,0.064079,0.073086,0.82469,0.61268
1,0.93467,0.27641,1.1729e-07,0.0087717,0.017273,0.85229,0.61268
1,0.90088,0.25819,1.8044e-06,0.031111,0.11869,0.88214,0.61268
1,0.85028,0.25498,8.4103e-06,0.01828,0.26698,0.91524,0.61268
1,0.95938,0.061712,2.7578e-05,0.017068,0.046429,0.95313,0.61268
1,0.29185,0.046821,0.80216,0.17937,0.036201,0,0.61972
1,0.55029,0.57624,4.592e-05,0.035944,0.096598,0.50942,0.61972
1,0.45809,0.62828,5.6029e-05,0.073187,0.23115,0.52833,0.61972
1,0.53125,0.52261,6.7651e-05,0.1051,0.15302,0.54731,0.61972
1,0.42563,0.59551,0.00014806,0.12387,0.1233,0.58555,0.61972
1,0.18603,0.83897,0.00013921,0.10182,0.28174,0.6049,0.61972
1,0.071592,0.94602,0.0001616,0.095355,0.3917,0.62453,0.61972
1,0.040722,0.9709,0.0001881,0.093327,0.39708,0.64445,0.61972
1,0.028835,0.97865,0.00027296,0.092025,0.38173,0.66473,0.61972
1,0.030152,0.97524,0.0002005,0.078138,0.35435,0.68538,0.61972
1,0,1,0,0.032131,0.21844,0.70661,0.61972
1,0,1,0,0.032131,0.11467,0.72841,0.61972
1,0.81138,0.5195,0.00033349,0.16065,0.077441,0.77434,0.61972
1,1,0,0,0,0,0.79883,0.61972
1,0.89874,0.2346,1.2519e-05,0.047211,0.069313,0.88214,0.61972
1,0.8197,0.28019,2.6642e-05,0.015239,0.2793,0.91524,0.61972
1,0.93798,0.090514,9.5564e-06,0.026354,0.11787,0.95313,0.61972
1,0.3059,0.053695,0.776,0.3312,0.079497,0,0.62676
1,0.68853,0.35487,0.00025728,0.15999,0.073486,0.31462,0.62676
1,0.66015,0.4308,0.00016552,0.15726,0.11549,0.33527,0.62676
1,0.67815,0.46427,0.00010743,0.19163,0.11561,0.35555,0.62676
1,0.60821,0.49541,5.0037e-05,0,0.020728,0.50942,0.62676
1,0.54004,0.5274,5.6228e-05,0.031188,0.12074,0.52833,0.62676
1,0.48433,0.56277,0.0001078,0.085997,0.17831,0.54731,0.62676
1,0.53613,0.44041,0.00017965,0,0.022984,0.56636,0.62676
1,0.4477,0.58422,0.00011615,0.1157,0.081164,0.58555,0.62676
1,0.20427,0.82582,0.00010459,0.084656,0.23005,0.6049,0.62676
1,0.064541,0.95283,0.00015174,0.072915,0.3908,0.62453,0.62676
1,0.022707,0.98525,0.00028201,0.080877,0.50837,0.64445,0.62676
1,0.022913,0.98356,0.0002571,0.070591,0.39925,0.66473,0.62676
1,0.037511,0.9662,0.00015855,0.040127,0.27372,0.68538,0.62676
1,0.090351,0.90851,8.1855e-05,0.032131,0.13079,0.70661,0.62676
1,0.23049,0.76327,5.9324e-05,0,0.018773,0.72841,0.62676
1,0.55063,0.61905,0.00041874,0.2455,0.033912,0.75094,0.62676
1,0.68889,0.59829,0.00030253,0.16065,0.13462,0.77434,0.62676
1,0.86905,0.40514,4.5585e-05,0.10751,0.017056,0.79883,0.62676
1,0.80415,0.28415,4.5691e-05,0.015729,0.26664,0.91524,0.62676
1,0.90749,0.12628,4.4599e-06,0.022256,0.18347,0.95313,0.62676
1,0.29825,0.058779,0.76973,0.39486,0.11178,0,0.6338
1,0.74818,0.37591,9.779e-05,0.19731,0.040051,0.35555,0.6338
1,0.68933,0.45473,9.7655e-05,0.14118,0.080497,0.37547,0.6338
1,0.65281,0.46668,0.00020686,0.010565,0.039196,0.3951,0.6338
1,0.60646,0.43171,0.00010228,0.068571,0.038829,0.54731,0.6338
1,0,1,0,0.090399,0.065624,0.56636,0.6338
1,0.43988,0.55535,0.00011324,0.0072508,0.028168,0.58555,0.6338
1,0.23812,0.80322,7.0216e-05,0.080016,0.17333,0.6049,0.6338
1,0.090124,0.93184,8.6472e-05,0.036123,0.28403,0.62453,0.6338
1,0.028611,0.98029,0.00020283,0.032131,0.42341,0.64445,0.6338
1,0,1,0,0.032131,0.29574,0.66473,0.6338
1,0.058275,0.94654,0.00018815,0.032131,0.17518,0.68538,0.6338
1,0.1242,0.86846,0.00012287,0.032131,0.054602,0.70661,0.6338
1,0,1,0,0.16065,0.10666,0.75094,0.6338
1,0.59522,0.55496,0.00025619,0.02142,0.071697,0.77434,0.6338
1,0.82527,0.26256,0.00036588,0.019767,0.063591,0.88214,0.6338
1,0.77647,0.30325,7.6603e-05,0.020694,0.27289,0.91524,0.6338
1,0.8994,0.13264,5.1167e-06,0.02169,0.18287,0.95313,0.6338
1,0.26613,0.05851,0.7939,0.3523,0.12569,0,0.64085
1,0,1,0,0,0,0.54731,0.64085
1,0.31843,0.73072,4.1246e-05,0.054106,0.06388,0.6049,0.64085
1,0.11221,0.91905,6.2848e-05,0.032131,0.22882,0.62453,0.64085
1,0.042361,0.97248,0.00014959,0.032131,0.34024,0.64445,0.64085
1,0.056035,0.95824,0.00024595,0.032131,0.19966,0.66473,0.64085
1,0.096738,0.91132,0.00028051,0.032056,0.072775,0.68538,0.64085
1,0.24896,0.75106,8.7129e-05,0.16065,0.033757,0.72841,0.64085
1,0,1,0,0.16065,0.15176,0.75094,0.64085
1,1,0,0,0.02518,0.081314,0.88214,0.64085
1,0.72696,0.34437,0.00014028,0.021575,0.3043,0.91524,0.64085
1,0.89874,0.13057,6.5219e-06,0.025101,0.16713,0.95313,0.64085
1,0.27013,0.061848,0.78527,0.42513,0.14472,0,0.64789
1,0,1,0,0,0,0.58555,0.64789
1,0.319,0.7341,2.6906e-05,0.037479,0.063691,0.6049,0.64789
1,0,1,0,0.032131,0.17289,0.62453,0.64789
1,0,1,0,0.045885,0.26889,0.64445,0.64789
1,0.091655,0.93176,0.00025445,0.032131,0.11858,0.66473,0.64789
1,0.18395,0.79906,7.9625e-05,0.16065,0.11313,0.72841,0.64789
1,0,1,0,0.15068,0.14974,0.75094,0.64789
1,0.47677,0.54398,9.4485e-05,0.024321,0.033834,0.77434,0.64789
1,0.62426,0.48982,1.8394e-05,0.036738,0.035101,0.79883,0.64789
1,0.66788,0.45341,2.6054e-05,0.013257,0.051174,0.82469,0.64789
1,0.68965,0.39767,0.0002686,0.028185,0.071891,0.85229,0.64789
1,1,0,0,0.03055,0.14308,0.88214,0.64789
1,0.67316,0.39257,0.00019521,0.032174,0.34303,0.91524,0.64789
1,0.91879,0.10306,2.3416e-05,0.025126,0.097914,0.95313,0.64789
1,0.96793,0.038847,6.1703e-05,0.014527,0.014984,1,0.64789
1,0.2643,0.065337,0.78473,0.4705,0.16475,0,0.65493
1,0,1,0,0,0,0.6049,0.65493
1,0.23673,0.82654,2.8749e-05,0.032131,0.06433,0.62453,0.65493
1,0.10696,0.93034,8.4467e-05,0.033512,0.18063,0.64445,0.65493
1,0.14086,0.89444,0.00027436,0.032131,0.049179,0.66473,0.65493
1,0.19772,0.81716,0.00030865,0.17361,0.03354,0.70661,0.65493
1,0.13277,0.84055,8.0648e-05,0.15902,0.19487,0.72841,0.65493
1,0.19733,0.76848,0.00021033,0.20024,0.21616,0.75094,0.65493
1,0.42073,0.65431,5.0018e-05,0.25839,0.14329,0.77434,0.65493
1,0.53095,0.50971,1.8166e-05,0.0043612,0.035518,0.79883,0.65493
1,0.62606,0.44094,3.743e-05,0.016986,0.017628,0.82469,0.65493
1,0.59418,0.45386,0.00058939,0.044675,0.11199,0.85229,0.65493
1,0.60202,0.44815,0.00089021,0.070486,0.22898,0.88214,0.65493
1,0.71184,0.34638,7.6381e-05,0.0557,0.28137,0.91524,0.65493
1,0.94122,0.083467,0.00011744,0.087051,0.035923,0.95313,0.65493
1,0.26711,0.062152,0.79295,0.48865,0.1557,0,0.66197
1,0.19081,0.86656,6.7432e-05,0.032131,0.074558,0.64445,0.66197
1,0,1,0,0,0,0.68538,0.66197
1,0.1673,0.83852,0.00029992,0.16065,0.09437,0.70661,0.66197
1,0.10406,0.86486,9.6292e-05,0.16635,0.26148,0.72841,0.66197
1,0.13333,0.83695,0.0001407,0.22591,0.32033,0.75094,0.66197
1,0.22167,0.7313,5.9578e-05,0.04533,0.22092,0.77434,0.66197
1,0.3929,0.60053,1.4352e-05,0.015123,0.11135,0.79883,0.66197
1,1,0,0,0.023091,0.094564,0.85229,0.66197
1,0.5206,0.50659,0.00061426,0.051724,0.2777,0.88214,0.66197
1,0.73733,0.29803,4.3551e-05,0.034468,0.21583,0.91524,0.66197
1,0.93147,0.080922,0.00013569,0.014165,0.020084,0.95313,0.66197
1,0.96215,0.045034,5.7719e-05,0.022264,0.032373,1,0.66197
1,0.25892,0.055799,0.81698,0.45589,0.13555,0,0.66901
1,0.74205,0.28924,9.6248e-05,0,0.021001,0.37547,0.66901
1,0.14901,0.85293,0.00029778,0.16065,0.15577,0.70661,0.66901
1,0.075841,0.87732,0.00017846,0.10407,0.31539,0.72841,0.66901
1,0.10095,0.88954,0.00016725,0.33509,0.43595,0.75094,0.66901
1,0.13356,0.81087,8.2756e-05,0.052664,0.32578,0.77434,0.66901
1,0.27428,0.68278,1.5135e-05,0.02394,0.18652,0.79883,0.66901
1,0.42322,0.54768,4.328e-05,0.0095664,0.085264,0.82469,0.66901
1,0,1,0,0.0060084,0,0.85229,0.66901
1,0.49855,0.50478,0.0003283,0.034802,0.26276,0.88214,0.66901
1,0.76917,0.24736,4.7544e-05,0.016018,0.14444,0.91524,0.66901
1,0.92418,0.086797,0.0001416,0.012145,0.028173,0.95313,0.66901
1,0.95959,0.045922,6.3728e-05,0.009575,0.03039,1,0.66901
1,0.24134,0.051714,0.84407,0.41286,0.12484,0,0.67606
1,0.21155,0.84154,0.00034114,0.01071,0.070802,0.66473,0.67606
1,0.18701,0.83089,0.00058877,0.01071,0.067958,0.68538,0.67606
1,0.11868,0.8441,0.00040662,0.01071,0.18183,0.70661,0.67606
1,1,0,0,0.1191,0.35388,0.72841,0.67606
1,0.11575,0.91258,0.00037976,0.57205,0.54086,0.75094,0.67606
1,0.077405,0.86768,0.00019983,0.044777,0.42619,0.77434,0.67606
1,0.19128,0.7494,2.3258e-05,0.048588,0.25585,0.79883,0.67606
1,0.28497,0.66075,2.551e-05,0.018874,0.1883,0.82469,0.67606
1,0.44955,0.50487,0.00069431,0.052911,0.11128,0.85229,0.67606
1,0.45565,0.5362,0.00014496,0.038822,0.28331,0.88214,0.67606
1,0.7943,0.20931,0.00012563,0.0029132,0.084469,0.91524,0.67606
1,0.22485,0.046563,0.87436,0.35639,0.10565,0,0.6831
1,0,1,0,0,0,0.66473,0.6831
1,0.18785,0.83307,0.0006612,0.01071,0.12984,0.68538,0.6831
1,0.099474,0.86589,0.00038565,0.01071,0.27708,0.70661,0.6831
1,0.054168,0.8825,0.00049974,0.01071,0.41096,0.72841,0.6831
1,0.13667,0.90887,0.00060375,0.69644,0.57911,0.75094,0.6831
1,0.055685,0.89733,0.0002511,0.083236,0.49142,0.77434,0.6831
1,0.11449,0.81896,6.7877e-05,0.045456,0.34945,0.79883,0.6831
1,0.18723,0.76122,1.6511e-05,0.064249,0.29583,0.82469,0.6831
1,0.34034,0.61607,0.00015564,0.077846,0.21372,0.85229,0.6831
1,0.39996,0.59357,4.8763e-05,0.065272,0.33284,0.88214,0.6831
1,0.79415,0.20635,0.00018461,0.0097977,0.073558,0.91524,0.6831
1,0.91386,0.09441,0.00017835,0.0093693,0.034812,0.95313,0.6831
1,0.9586,0.044994,0.00010018,0.0032859,0.016089,1,0.6831
1,0.1839,0.036329,0.92951,0.13491,0.050135,0,0.69014
1,0.48007,0.58887,4.673e-06,0.018867,0.045402,0.62453,0.69014
1,0.29001,0.77335,0.00063581,0.01071,0.10904,0.66473,0.69014
1,0,1,0,0.01071,0.20078,0.68538,0.69014
1,0.098121,0.86591,0.0004271,0.01071,0.34514,0.70661,0.69014
1,0.0455,0.89816,0.00062431,0.01071,0.49942,0.72841,0.69014
1,0,1,0,0.79583,0.64286,0.75094,0.69014
1,0.12757,0.91439,0.00030095,0.63893,0.57301,0.77434,0.69014
1,0,1,0,0.23108,0.45244,0.79883,0.69014
1,0.11219,0.83607,2.5428e-05,0.062233,0.39866,0.82469,0.69014
1,0.24022,0.71634,3.8952e-05,0.086933,0.31619,0.85229,0.69014
1,0.38786,0.59738,1.7014e-05,0.067117,0.32726,0.88214,0.69014
1,0.7968,0.20025,0.00028097,0.012347,0.059474,0.91524,0.69014
1,0.91071,0.09642,0.00020852,0.00769,0.034868,0.95313,0.69014
1,0.70301,0.35884,1.0845e-05,0.11363,0.062141,0.58555,0.69718
1,0.64019,0.43382,4.0091e-06,0.084472,0.044574,0.6049,0.69718
1,0.4689,0.65576,1.3079e-05,0.13944,0.117,0.64445,0.69718
1,0.29427,0.76207,0.00035748,0.01071,0.18893,0.66473,0.69718
1,0,1,0,0.01071,0.32178,0.68538,0.69718
1,0,1,0,0.01071,0.42519,0.70661,0.69718
1,0.042864,0.90237,0.00077497,0.01071,0.57296,0.72841,0.69718
1,0.1846,0.91501,0.0015476,1,0.72581,0.75094,0.69718
1,0.20018,0.91258,0.0010726,0.99605,0.66513,0.77434,0.69718
1,0.05023,0.92489,0.00012633,0.22711,0.55959,0.79883,0.69718
1,0.071568,0.88595,6.1456e-05,0.081738,0.48965,0.82469,0.69718
1,0.17458,0.79833,1.3301e-05,0.13834,0.4186,0.85229,0.69718
1,0.3696,0.60448,9.6832e-06,0.057251,0.32717,0.88214,0.69718
1,0.7915,0.20182,0.00033899,0.010892,0.059008,0.91524,0.69718
1,0.84725,0.15032,8.4929e-05,0,0.016656,0.52833,0.70423
1,1,0,0,0.15146,0.056641,0.54731,0.70423
1,0.73908,0.30121,0.0001397,0.12733,0.1379,0.56636,0.70423
1,1,0,0,0.07639,0.20094,0.58555,0.70423
1,0.545,0.52596,4.8375e-06,0.081687,0.19469,0.6049,0.70423
1,0.50504,0.56981,2.3953e-06,0.058176,0.1631,0.62453,0.70423
1,0.37778,0.6964,5.0822e-06,0.050782,0.2428,0.64445,0.70423
1,0.27313,0.77313,0.00012863,0.01071,0.30599,0.66473,0.70423
1,0.17175,0.84055,0.00048575,0.01071,0.41464,0.68538,0.70423
1,0.092492,0.86952,0.00065758,0.01071,0.5303,0.70661,0.70423
1,0,1,0,0.54018,0.65261,0.72841,0.70423
1,0.15723,0.93285,0.0016541,0.99605,0.8048,0.75094,0.70423
1,0.14639,0.94104,0.0013113,0.99746,0.76392,0.77434,0.70423
1,0.028864,0.95542,0.00023514,0.24634,0.66884,0.79883,0.70423
1,0.050281,0.92414,0.00012617,0.16586,0.58566,0.82469,0.70423
1,0.10959,0.86033,1.6621e-05,0.10984,0.52091,0.85229,0.70423
1,0.32676,0.63029,7.3023e-06,0.025578,0.34988,0.88214,0.70423
1,0.7383,0.25312,0.00012465,0.01351,0.13109,0.91524,0.70423
1,0.90798,0.099069,0.00028549,0.010016,0.034923,0.95313,0.70423
1,0.15526,0.035292,0.96291,0.087912,0.032507,0,0.71127
1,1,0,0,0.0031659,0,0.54731,0.71127
1,0.80251,0.19887,0.00022764,0.034283,0.045868,0.56636,0.71127
1,0.74167,0.27815,3.4956e-05,0.034339,0.066791,0.58555,0.71127
1,0.57703,0.47405,5.9214e-06,0.052144,0.19863,0.6049,0.71127
1,0.45595,0.64258,2.1801e-06,0.13146,0.3111,0.62453,0.71127
1,0.36378,0.70216,3.5124e-06,0.054779,0.33832,0.64445,0.71127
1,0.31974,0.7204,9.3772e-05,0.01071,0.34581,0.66473,0.71127
1,0.23183,0.77274,0.00049486,0.01071,0.43157,0.68538,0.71127
1,0,1,0,0.01071,0.56475,0.70661,0.71127
1,0.35512,0.81821,0.0013263,0.99605,0.63375,0.72841,0.71127
1,0.20757,0.90595,0.0011894,0.99605,0.74024,0.75094,0.71127
1,0.028342,0.97861,0.00076194,0.58398,0.86702,0.77434,0.71127
1,0.018156,0.97458,0.00041888,0.31004,0.77923,0.79883,0.71127
1,0,1,0,0.19033,0.68452,0.82469,0.71127
1,0.074469,0.9047,3.4299e-05,0.1298,0.62275,0.85229,0.71127
1,0,1,0,0.022541,0.39143,0.88214,0.71127
1,0.71159,0.27874,7.6031e-05,0.017029,0.16752,0.91524,0.71127
1,0.9156,0.08996,0.00046483,0.0024227,0.0082503,0.95313,0.71127
1,0,0,1,0.21627,0.042935,0,0.71831
1,1,0,0,0,0,0.54731,0.71831
1,1,0,0,0,0,0.56636,0.71831
1,0.79599,0.20677,3.2804e-05,0,0.02049,0.58555,0.71831
1,0.71186,0.35349,3.0713e-06,0.11297,0.12993,0.6049,0.71831
1,0.54283,0.52149,1.564e-06,0.07012,0.25365,0.62453,0.71831
1,0.56175,0.48559,8.0388e-06,0.028541,0.19783,0.64445,0.71831
1,0.53376,0.49772,0.00025479,0.01071,0.21372,0.66473,0.71831
1,1,0,0,0.01071,0.33752,0.68538,0.71831
1,0.24984,0.66649,0.00038689,0.01071,0.44114,0.70661,0.71831
1,0.49344,0.70901,0.00090737,0.99605,0.51997,0.72841,0.71831
1,0.28804,0.85654,0.00077494,0.99605,0.64883,0.75094,0.71831
1,0.01669,0.97351,0.00033822,0.28585,0.80955,0.77434,0.71831
1,0.0083465,0.98472,0.0019538,0.21121,0.89025,0.79883,0.71831
1,0,1,0,0.15436,0.78506,0.82469,0.71831
1,0.062625,0.91765,5.3373e-05,0.12547,0.66212,0.85229,0.71831
1,0.27638,0.68207,3.4206e-06,0.036252,0.41903,0.88214,0.71831
1,0.73768,0.25146,0.00014796,0.018784,0.14066,0.91524,0.71831
1,0.89251,0.1159,0.00020778,0.0048089,0.07378,0.95313,0.71831
1,0,0,1,0.32925,0.081469,0,0.72535
1,0.80058,0.2343,2.607e-06,0.072153,0.042779,0.6049,0.72535
1,0.69449,0.35,1.1726e-06,0.058619,0.14572,0.62453,0.72535
1,0.73139,0.28972,3.237e-05,0.011012,0.077547,0.64445,0.72535
1,0,1,0,0.01071,0.11479,0.66473,0.72535
1,1,0,0,0.01071,0.28655,0.68538,0.72535
1,0.46488,0.44096,0.00022071,0.045788,0.3117,0.70661,0.72535
1,0.62407,0.58258,0.00070394,0.99605,0.41921,0.72841,0.72535
1,0.37129,0.79886,0.00055991,0.99605,0.57398,0.75094,0.72535
1,0.023078,0.96532,0.00016635,0.29456,0.75319,0.77434,0.72535
1,0.0060149,0.98865,0.0035933,0.19812,0.94434,0.79883,0.72535
1,0.018166,0.98161,0.00091917,0.38262,0.88662,0.82469,0.72535
1,0.065681,0.92055,4.1359e-05,0.16944,0.67317,0.85229,0.72535
1,0.29963,0.66922,3.2442e-06,0.071056,0.41924,0.88214,0.72535
1,0.74056,0.24305,0.0001586,0.0085168,0.14122,0.91524,0.72535
1,0.8738,0.14027,0.00010466,0.014521,0.1263,0.95313,0.72535
1,0.95008,0.04949,0.00013866,0.010303,0.033562,1,0.72535
1,0.19946,0.050801,0.90461,0.41753,0.12542,0,0.73239
1,0.8125,0.19432,3.1962e-05,0.0080562,0.036673,0.64445,0.73239
1,0.78421,0.21282,0.0001896,0.01071,0.10787,0.66473,0.73239
1,0.74694,0.21467,0.00017236,0.01071,0.16027,0.68538,0.73239
1,0.87075,0.28709,0.0010078,0.99605,0.19365,0.70661,0.73239
1,0.72738,0.46408,0.00067369,0.99605,0.34323,0.72841,0.73239
1,0.44599,0.74216,0.00045868,0.99605,0.52182,0.75094,0.73239
1,0.035329,0.95612,0.00012482,0.35845,0.70625,0.77434,0.73239
1,0,1,0,0.18446,0.9061,0.79883,0.73239
1,0.012195,0.98495,0.0016301,0.28104,0.91773,0.82469,0.73239
1,0.060061,0.92036,7.2364e-05,0.11837,0.68526,0.85229,0.73239
1,0.31549,0.66763,3.0161e-06,0.11013,0.43674,0.88214,0.73239
1,0.72853,0.26138,8.816e-05,0.031377,0.18243,0.91524,0.73239
1,0,1,0,0.023368,0.09147,0.95313,0.73239
1,0.95421,0.04528,0.00020246,0.019769,0.017634,1,0.73239
1,0.20656,0.058048,0.86077,0.45242,0.16467,0,0.73944
1,0.87713,0.094401,0.00013057,0.030708,0.057146,0.68538,0.73944
1,0.91637,0.15144,0.00044811,0.69445,0.12512,0.70661,0.73944
1,0.80213,0.36621,0.00073213,0.996,0.29424,0.72841,0.73944
1,0.51725,0.68348,0.00040374,0.99605,0.48036,0.75094,0.73944
1,0.1116,0.9359,0.00026881,0.73209,0.67736,0.77434,0.73944
1,0.0070795,0.98705,0.0014919,0.17222,0.88475,0.79883,0.73944
1,0,1,0,0.20328,0.93669,0.82469,0.73944
1,0.064291,0.92374,5.5576e-05,0.16731,0.70866,0.85229,0.73944
1,0.40584,0.67067,2.342e-06,0.33592,0.46957,0.88214,0.73944
1,0.69406,0.29441,2.6168e-05,0.034448,0.24449,0.91524,0.73944
1,0.91632,0.092718,0.00053004,0.028108,0.039607,0.95313,0.73944
1,0.94765,0.056212,0.00010373,0.070936,0.073136,1,0.73944
1,0.2159,0.063093,0.81912,0.4715,0.18908,0,0.74648
1,0.86528,0.1328,2.2709e-05,0,0.02199,0.62453,0.74648
1,0.91611,0.068075,0.00017165,0.0010539,0.019428,0.66473,0.74648
1,1,0,0,0.53646,0.094314,0.70661,0.74648
1,0.85078,0.29651,0.00080524,0.99605,0.2799,0.72841,0.74648
1,0.56689,0.64255,0.00033973,0.99605,0.47199,0.75094,0.74648
1,0,1,0,0.90809,0.67167,0.77434,0.74648
1,0,1,0,0.15691,0.88059,0.79883,0.74648
1,0.010089,0.98759,0.0023611,0.23515,0.96437,0.82469,0.74648
1,0.15064,0.91834,3.2435e-05,0.59211,0.74228,0.85229,0.74648
1,0.40377,0.68417,1.4412e-06,0.36459,0.51478,0.88214,0.74648
1,0.7012,0.28785,1.9839e-05,0.042657,0.26179,0.91524,0.74648
1,0.91092,0.091611,0.00040026,0.021592,0.062374,0.95313,0.74648
1,0.93887,0.069185,4.5876e-05,0.11345,0.12864,1,0.74648
1,0.22669,0.067263,0.77838,0.48592,0.20718,0,0.75352
1,1,0,0,0,0,0.62453,0.75352
1,0.9166,0.095443,5.0539e-06,0.12988,0.070041,0.64445,0.75352
1,1,0,0,0,0,0.66473,0.75352
1,0.9488,0.030079,0.00010481,0.0031959,0.027034,0.68538,0.75352
1,0.89679,0.053201,0.00011757,0.01071,0.12503,0.70661,0.75352
1,0.87633,0.25226,0.00068087,0.96082,0.30647,0.72841,0.75352
1,0.60183,0.61571,0.000273,0.99605,0.4877,0.75094,0.75352
1,0.17234,0.9188,0.00025372,0.83811,0.68238,0.77434,0.75352
1,0.0092373,0.98818,0.00037225,0.25125,0.88844,0.79883,0.75352
1,0.010816,0.98867,0.0023411,0.27192,1,0.82469,0.75352
1,0.094794,0.93054,2.2914e-05,0.38848,0.78477,0.85229,0.75352
1,0.37207,0.6925,1.1716e-06,0.30857,0.55524,0.88214,0.75352
1,0.71587,0.2825,1.4327e-05,0.073839,0.28501,0.91524,0.75352
1,0.89368,0.10671,0.00015518,0.037068,0.12851,0.95313,0.75352
1,0.93635,0.08461,2.782e-05,0.21337,0.18115,1,0.75352
1,0.24604,0.070387,0.73433,0.51296,0.21745,0,0.76056
1,0.93163,0.059761,6.7406e-05,0.016406,0.019823,0.64445,0.76056
1,1,0,0,0.096583,0.077508,0.66473,0.76056
1,0.96444,0.026461,3.3911e-05,0.13104,0.11628,0.68538,0.76056
1,0.92036,0.039558,8.8245e-05,0.015523,0.16014,0.70661,0.76056
1,0.88608,0.18932,0.0001204,0.72525,0.32602,0.72841,0.76056
1,0.62477,0.59441,0.00019938,0.96903,0.51213,0.75094,0.76056
1,0.099633,0.93379,0.00010492,0.55705,0.70896,0.77434,0.76056
1,0.011346,0.98936,0.00025643,0.33581,0.91418,0.79883,0.76056
1,0.013918,0.98678,0.0016459,0.28637,0.99468,0.82469,0.76056
1,0.095311,0.93114,4.3228e-05,0.3827,0.82518,0.85229,0.76056
1,0.33399,0.68294,4.1344e-06,0.1918,0.58007,0.88214,0.76056
1,0.6975,0.28984,5.9636e-06,0.053048,0.32604,0.91524,0.76056
1,0.88184,0.12375,5.7537e-05,0.08595,0.19467,0.95313,0.76056
1,0.91748,0.091768,8.5301e-06,0.14715,0.21505,1,0.76056
1,0.26456,0.070743,0.69649,0.51882,0.21744,0,0.76761
1,0.96603,0.043375,0.00035811,0.12034,0.030745,0.54731,0.76761
1,0.92876,0.08262,1.7885e-05,0.11901,0.040412,0.62453,0.76761
1,0.96002,0.049673,1.2026e-05,0.19506,0.02039,0.64445,0.76761
1,0.96194,0.038122,3.1766e-05,0.17015,0.13029,0.66473,0.76761
1,0.9399,0.036898,3.9221e-05,0.030141,0.24759,0.68538,0.76761
1,1,0,0,0.38363,0.2687,0.70661,0.76761
1,0.90957,0.19014,0.00060493,0.89529,0.38924,0.72841,0.76761
1,0.63659,0.58402,0.00017734,0.9387,0.55319,0.75094,0.76761
1,0.066076,0.93391,8.9489e-05,0.3075,0.73805,0.77434,0.76761
1,0,1,0,0.31078,0.85965,0.79883,0.76761
1,0.024952,0.97391,0.00037814,0.22815,0.88622,0.82469,0.76761
1,0.13109,0.92291,6.8643e-05,0.49309,0.85269,0.85229,0.76761
1,0.41691,0.67161,2.1536e-06,0.36242,0.61526,0.88214,0.76761
1,0.68335,0.30392,3.6577e-06,0.060204,0.37911,0.91524,0.76761
1,0.85569,0.14468,1.4747e-05,0.087978,0.2642,0.95313,0.76761
1,0.91344,0.087892,7.7148e-06,0.12111,0.21544,1,0.76761
1,0.27185,0.070273,0.6669,0.4937,0.21757,0,0.77465
1,0.98094,0.030219,0.00074134,0.21583,0.058496,0.52833,0.77465
1,0,1,0,0,0,0.58555,0.77465
1,0.9166,0.092887,0.00013305,0.083748,0.036562,0.6049,0.77465
1,0.93248,0.069563,3.989e-05,0.067789,0.039851,0.62453,0.77465
1,1,0,0,0.079179,0.069075,0.64445,0.77465
1,0.95928,0.046581,3.7132e-05,0.23771,0.21437,0.66473,0.77465
1,1,0,0,0.40678,0.3531,0.68538,0.77465
1,1,0,0,0.70743,0.39567,0.70661,0.77465
1,0.79798,0.18198,6.6563e-05,0.2806,0.48313,0.72841,0.77465
1,0.34089,0.61069,4.4224e-05,0.18438,0.62068,0.75094,0.77465
1,0.074607,0.91905,0.0001485,0.2252,0.73501,0.77434,0.77465
1,0.037005,0.96748,0.00032507,0.29925,0.74316,0.79883,0.77465
1,0.051975,0.94882,0.00012571,0.23687,0.77891,0.82469,0.77465
1,0.17232,0.90659,0.0001431,0.55431,0.86522,0.85229,0.77465
1,0.43228,0.66585,6.7378e-06,0.3877,0.65912,0.88214,0.77465
1,0.67328,0.32154,6.786e-06,0.085733,0.43981,0.91524,0.77465
1,0.81907,0.16907,7.3234e-06,0.071247,0.33494,0.95313,0.77465
1,0.89737,0.085454,6.0446e-06,0.042141,0.21829,1,0.77465
1,0.28259,0.070358,0.63429,0.48022,0.21839,0,0.78169
1,0.98188,0.018885,0.00069729,0.018608,0.043879,0.50942,0.78169
1,1,0,0,0.13592,0.060585,0.54731,0.78169
1,1,0,0,0,0,0.56636,0.78169
1,1,0,0,0,0,0.58555,0.78169
1,1,0,0,0.005248,0.021862,0.6049,0.78169
1,0.93334,0.067532,4.9666e-05,0.063405,0.066569,0.62453,0.78169
1,0.9401,0.056678,5.9603e-05,0.070722,0.12313,0.64445,0.78169
1,1,0,0,0.20504,0.20755,0.66473,0.78169
1,0.9869,0.018207,0.0002316,0.4024,0.25983,0.68538,0.78169
1,1,0,0,0.40718,0.39629,0.70661,0.78169
1,1,0,0,0.67036,0.53294,0.72841,0.78169
1,0.4886,0.49122,4.3283e-05,0.23999,0.5477,0.75094,0.78169
1,0,1,0,0.29927,0.62788,0.77434,0.78169
1,0,1,0,0.27948,0.62694,0.79883,0.78169
1,0.12363,0.89926,0.00010142,0.32709,0.67343,0.82469,0.78169
1,0.19956,0.84761,5.3792e-05,0.36535,0.77364,0.85229,0.78169
1,0.40952,0.66366,5.6643e-05,0.33474,0.70999,0.88214,0.78169
1,0.65152,0.34166,4.0123e-05,0.087126,0.50533,0.91524,0.78169
1,0.78413,0.19569,1.5553e-05,0.076235,0.40619,0.95313,0.78169
1,0.89762,0.08642,5.2616e-06,0.070932,0.23252,1,0.78169
1,0.28868,0.073958,0.59936,0.47768,0.23179,0,0.78873
1,1,0,0,0,0,0.52833,0.78873
1,1,0,0,0,0,0.54731,0.78873
1,1,0,0,0,0,0.56636,0.78873
1,0.91933,0.074076,0.00012303,0.01668,0.11656,0.62453,0.78873
1,0.96513,0.035142,6.8459e-05,0.093732,0.050168,0.64445,0.78873
1,1,0,0,0.16499,0.065786,0.66473,0.78873
1,1,0,0,0.3165,0.17218,0.68538,0.78873
1,1,0,0,0.45741,0.34657,0.70661,0.78873
1,0.85356,0.10517,0.00034118,0.080327,0.40147,0.72841,0.78873
1,0.6902,0.32662,8.2797e-05,0.31191,0.42588,0.75094,0.78873
1,0,1,0,0.36561,0.50989,0.77434,0.78873
1,0,1,0,0.28589,0.51128,0.79883,0.78873
1,0.2289,0.80972,0.00010568,0.32551,0.5709,0.82469,0.78873
1,0.28409,0.753,3.6481e-05,0.3015,0.68693,0.85229,0.78873
1,0.36485,0.66085,0.00075654,0.23065,0.7664,0.88214,0.78873
1,0.65212,0.36052,0.00012455,0.13991,0.57395,0.91524,0.78873
1,0.73628,0.22505,9.6641e-05,0.058039,0.47762,0.95313,0.78873
1,0.88629,0.091336,4.8301e-06,0.067511,0.25623,1,0.78873
1,0.30856,0.070762,0.56711,0.46507,0.21902,0,0.79577
1,1,0,0,0.011205,0.020001,0.49058,0.79577
1,1,0,0,0,0,0.50942,0.79577
1,1,0,0,0,0,0.54731,0.79577
1,1,0,0,0,0,0.56636,0.79577
1,0.92824,0.068111,0.0003841,0.019615,0.060774,0.6049,0.79577
1,0.96047,0.050171,4.0827e-05,0.16421,0.06178,0.62453,0.79577
1,1,0,0,0.015502,0,0.66473,0.79577
1,1,0,0,0.11747,0.1579,0.68538,0.79577
1,0.98263,0.018533,0.00028719,0.24712,0.28722,0.70661,0.79577
1,0.93262,0.051982,0.00042476,0.11099,0.26936,0.72841,0.79577
1,0.76991,0.20011,0.00016484,0.14843,0.31024,0.75094,0.79577
1,0.48609,0.56006,0.00052554,0.3186,0.39546,0.77434,0.79577
1,0.33918,0.70473,0.00034536,0.2945,0.3968,0.79883,0.79577
1,0.32881,0.67714,0.00011755,0.20696,0.47337,0.82469,0.79577
1,0.40975,0.62986,3.3907e-05,0.29662,0.60733,0.85229,0.79577
1,0.34606,0.63573,0.0047187,0.13419,0.80243,0.88214,0.79577
1,0.61542,0.38099,0.00090632,0.10016,0.6446,0.91524,0.79577
1,0.71059,0.23718,0.00031431,0.057036,0.52512,0.95313,0.79577
1,0.88815,0.086745,6.4033e-06,0.073421,0.25368,1,0.79577
1,0.32165,0.070463,0.53511,0.45486,0.21742,0,0.80282
1,1,0,0,0,0,0.54731,0.80282
1,1,0,0,0,0,0.6049,0.80282
1,1,0,0,0.049312,0.027762,0.64445,0.80282
1,1,0,0,0,0,0.66473,0.80282
1,1,0,0,0.016068,0.067697,0.68538,0.80282
1,1,0,0,0.10429,0.18602,0.70661,0.80282
1,1,0,0,0.15416,0.1372,0.72841,0.80282
1,0.88572,0.11116,0.00026079,0.20701,0.20734,0.75094,0.80282
1,0.6652,0.35365,0.00039828,0.25164,0.27488,0.77434,0.80282
1,0.54414,0.50078,0.00030467,0.28088,0.28509,0.79883,0.80282
1,0.50375,0.51081,0.00010852,0.21969,0.38008,0.82469,0.80282
1,0.51356,0.49684,4.6613e-05,0.23301,0.53806,0.85229,0.80282
1,0.46739,0.53758,0.0025283,0.21706,0.75563,0.88214,0.80282
1,1,0,0,0.23006,0.71658,0.91524,0.80282
1,0.7727,0.17761,0.00018132,0.079898,0.47069,0.95313,0.80282
1,0.88985,0.081107,9.4529e-06,0.071562,0.24621,1,0.80282
1,0.34904,0.067979,0.50014,0.46095,0.20488,0,0.80986
1,0.76675,0.12874,0.0029118,0.017398,0.044535,0.24906,0.80986
1,0.78825,0.14201,0.00072267,0.041204,0.057857,0.27159,0.80986
1,0.98152,0.018537,0.00023724,0.03565,0.029812,0.45269,0.80986
1,1,0,0,0,0,0.47167,0.80986
1,1,0,0,0,0,0.58555,0.80986
1,1,0,0,0,0,0.66473,0.80986
1,1,0,0,0.028461,0.071252,0.68538,0.80986
1,0.98926,0.010087,0.00019235,0.051458,0.097014,0.70661,0.80986
1,0.92058,0.061424,0.0003336,0.070135,0.10857,0.75094,0.80986
1,0.82656,0.18768,0.00050804,0.24933,0.15303,0.77434,0.80986
1,0.74845,0.3037,0.00064173,0.32143,0.17424,0.79883,0.80986
1,0.66713,0.34499,0.00011099,0.21185,0.29144,0.82469,0.80986
1,0.62654,0.37533,6.646e-05,0.21992,0.48367,0.85229,0.80986
1,0.55335,0.44218,0.0029236,0.22321,0.71781,0.88214,0.80986
1,1,0,0,0.23789,0.67407,0.91524,0.80986
1,0.81575,0.13066,0.00017014,0.077838,0.41928,0.95313,0.80986
1,0.89243,0.074603,1.4691e-05,0.06656,0.23339,1,0.80986
1,0.36001,0.063126,0.4765,0.41734,0.18827,0,0.8169
1,0.73629,0.086417,0.0096609,0.053594,0.077103,0.20117,0.8169
1,0.72951,0.13416,0.0042666,0.06276,0.11596,0.22566,0.8169
1,1,0,0,0.10966,0.15387,0.24906,0.8169
1,0.7162,0.22035,0.00079093,0.070461,0.17345,0.27159,0.8169
1,0.82645,0.12509,0.00025397,0.014994,0.032323,0.29339,0.8169
1,0.98719,0.016977,0.00039855,0.18423,0.032951,0.45269,0.8169
1,1,0,0,0,0,0.47167,0.8169
1,0.99249,0.0083479,0.00074283,0.093057,0.083369,0.50942,0.8169
1,1,0,0,0.032621,0.087781,0.52833,0.8169
1,1,0,0,0,0,0.54731,0.8169
1,0.99359,0.0077185,0.00012496,0.081781,0.036862,0.68538,0.8169
1,0.98816,0.012514,0.00030234,0.030002,0.084364,0.70661,0.8169
1,0.87686,0.0899,0.00057931,0.019957,0.036662,0.77434,0.8169
1,0.86803,0.1629,0.0014167,0.30094,0.068813,0.79883,0.8169
1,0.79382,0.22234,0.00012175,0.22688,0.22569,0.82469,0.8169
1,0.70845,0.28255,0.00011109,0.1959,0.44965,0.85229,0.8169
1,0.61969,0.33564,0.0049115,0.15102,0.66071,0.88214,0.8169
1,0.78984,0.24002,0.0013103,0.34436,0.63284,0.91524,0.8169
1,0.84013,0.095899,0.00027283,0.043391,0.37221,0.95313,0.8169
1,0.90698,0.057985,2.8763e-05,0.042877,0.17879,1,0.8169
1,0.37894,0.063267,0.44386,0.42206,0.18653,0,0.82394
1,0.67642,0.19962,0.0035445,0.11942,0.2242,0.22566,0.82394
1,0.6308,0.29204,0.0023505,0.11134,0.27956,0.24906,0.82394
1,0.69415,0.26523,0.00080183,0.10737,0.22351,0.27159,0.82394
1,0.81825,0.14261,0.00024247,0.035333,0.059641,0.29339,0.82394
1,1,0,0,0,0,0.49058,0.82394
1,0.99385,0.0054063,0.00081939,0.006906,0.040135,0.50942,0.82394
1,1,0,0,0.16262,0.07558,0.52833,0.82394
1,1,0,0,0.29339,0.039174,0.54731,0.82394
1,0.99237,0.0089093,0.000131,0.042117,0.036796,0.68538,0.82394
1,1,0,0,0.094676,0.094386,0.70661,0.82394
1,0.9844,0.013453,0.00073319,0.012156,0.022451,0.72841,0.82394
1,0.91893,0.057117,0.00052912,0.01698,0.022179,0.77434,0.82394
1,0.86964,0.15581,0.00014584,0.27457,0.20526,0.82469,0.82394
1,0.77946,0.19371,0.00020742,0.13464,0.39662,0.85229,0.82394
1,0.72654,0.23575,0.0038467,0.18579,0.59846,0.88214,0.82394
1,0.81367,0.18022,0.0022871,0.30497,0.59753,0.91524,0.82394
1,0.87581,0.067135,0.0002712,0.06104,0.32278,0.95313,0.82394
1,0.92499,0.045062,6.4087e-05,0.054644,0.12333,1,0.82394
1,0.39871,0.064044,0.41161,0.43265,0.18653,0,0.83099
1,0.69304,0.18604,0.0035454,0.078665,0.20358,0.22566,0.83099
1,0.55079,0.38246,0.0032035,0.11312,0.38321,0.24906,0.83099
1,0.65598,0.31249,0.0011111,0.10086,0.26968,0.27159,0.83099
1,0.80336,0.16793,0.00022995,0.056809,0.096737,0.29339,0.83099
1,1,0,0,0,0.019123,0.49058,0.83099
1,1,0,0,0,0,0.50942,0.83099
1,1,0,0,0,0,0.52833,0.83099
1,1,0,0,0,0,0.54731,0.83099
1,1,0,0,0.10803,0.044368,0.70661,0.83099
1,0.98699,0.013801,0.0008214,0.073438,0.041612,0.72841,0.83099
1,1,0,0,0,0,0.75094,0.83099
1,1,0,0,0,0,0.79883,0.83099
1,0.89554,0.09598,0.00016554,0.10943,0.15848,0.82469,0.83099
1,0.867,0.12525,0.0002502,0.18693,0.34293,0.85229,0.83099
1,0.80354,0.14387,0.004747,0.12742,0.50828,0.88214,0.83099
1,0.82145,0.12819,0.0060166,0.19112,0.55396,0.91524,0.83099
1,0.89884,0.046917,0.0003754,0.057831,0.27596,0.95313,0.83099
1,0.93832,0.035645,0.0001663,0.063079,0.06783,1,0.83099
1,0.42049,0.065175,0.38013,0.44945,0.18682,0,0.83803
1,0.73078,0.16005,0.0033526,0.04786,0.16241,0.22566,0.83803
1,0.6008,0.34898,0.0022994,0.11638,0.34622,0.24906,0.83803
1,1,0,0,0.090264,0.32157,0.27159,0.83803
1,0.73511,0.23418,0.00037626,0.043366,0.1863,0.29339,0.83803
1,0.85691,0.12014,7.9887e-05,0.029271,0.044201,0.31462,0.83803
1,1,0,0,0,0,0.54731,0.83803
1,1,0,0,0,0,0.62453,0.83803
1,0.99496,0.0091417,0.00027775,0.18165,0.025406,0.68538,0.83803
1,1,0,0,0,0,0.70661,0.83803
1,1,0,0,0,0,0.75094,0.83803
1,0.94185,0.041463,0.00052361,0,0.015873,0.79883,0.83803
1,0.93531,0.052218,0.00027931,0.036678,0.085297,0.82469,0.83803
1,0.88898,0.089788,0.00059073,0.10424,0.31773,0.85229,0.83803
1,0.88935,0.080785,0.0028198,0.18631,0.42094,0.88214,0.83803
1,0.86714,0.07511,0.0083043,0.14533,0.47045,0.91524,0.83803
1,0.91907,0.033732,0.00046894,0.082225,0.23895,0.95313,0.83803
1,0.94214,0.028844,0.00036824,0.020069,0.012339,1,0.83803
1,0.44433,0.068246,0.34869,0.4823,0.19213,0,0.84507
1,0.78053,0.13169,0.002993,0.03815,0.11253,0.22566,0.84507
1,0.64505,0.31223,0.0017859,0.097155,0.3047,0.24906,0.84507
1,0.53926,0.44431,0.0022564,0.080794,0.40567,0.27159,0.84507
1,0.67626,0.3087,0.00047345,0.068387,0.27163,0.29339,0.84507
1,0.79522,0.18516,0.0001069,0.046153,0.15306,0.31462,0.84507
1,0.88942,0.10188,3.3407e-05,0.069068,0.052357,0.33527,0.84507
1,1,0,0,0,0,0.49058,0.84507
1,1,0,0,0,0,0.56636,0.84507
1,0.98411,0.013137,0.00037975,0.0064561,0.02724,0.6049,0.84507
1,0.99178,0.01001,0.00036068,0.11412,0.027206,0.64445,0.84507
1,1,0,0,0,0,0.70661,0.84507
1,1,0,0,0,0,0.77434,0.84507
1,0.94994,0.041954,0.00027549,0.0402,0.10406,0.82469,0.84507
1,0.9052,0.065015,0.0021243,0.019754,0.29008,0.85229,0.84507
1,0.92282,0.044994,0.0056354,0.12022,0.3388,0.88214,0.84507
1,0.91482,0.041272,0.0089412,0.16276,0.38682,0.91524,0.84507
1,0.931,0.025538,0.00068447,0.10058,0.21229,0.95313,0.84507
1,0.93283,0.034116,0.00030499,0.040159,0.038546,1,0.84507
1,0.46262,0.067572,0.32442,0.48173,0.18695,0,0.85211
1,0.8172,0.11252,0.0027975,0.027144,0.074375,0.22566,0.85211
1,0.70657,0.2728,0.0011147,0.11379,0.25901,0.24906,0.85211
1,0.52528,0.47819,0.0021792,0.10193,0.44281,0.27159,0.85211
1,0.61936,0.37804,0.00068336,0.077863,0.34186,0.29339,0.85211
1,0.79758,0.1953,8.3532e-05,0.072982,0.16223,0.31462,0.85211
1,0.98879,0.010065,0.00066172,0.010839,0.02859,0.45269,0.85211
1,0.99381,0.0060269,0.00083684,0.041091,0.025456,0.47167,0.85211
1,0.97744,0.020451,0.00041866,0.1092,0.029101,0.79883,0.85211
1,0.95955,0.038963,0.00028666,0.084317,0.14323,0.82469,0.85211
1,0.95089,0.033053,0.0022047,0.025358,0.19126,0.85229,0.85211
1,0.94241,0.025907,0.015278,0.048667,0.26684,0.88214,0.85211
1,1,0,0,0.10318,0.3031,0.91524,0.85211
1,0.93586,0.019585,0.0012341,0.087749,0.18668,0.95313,0.85211
1,0.94015,0.047696,0.00039718,0.26279,0.083908,1,0.85211
1,0.47271,0.067781,0.30324,0.47158,0.18686,0,0.85915
1,0.84556,0.099281,0.0026649,0.017938,0.045168,0.22566,0.85915
1,0.73815,0.25644,0.00086164,0.11713,0.2397,0.24906,0.85915
1,0.57256,0.46791,0.0013747,0.16275,0.43139,0.27159,0.85915
1,0.61931,0.39368,0.00064206,0.09419,0.35061,0.29339,0.85915
1,0.77301,0.21322,0.00012595,0.041701,0.18036,0.31462,0.85915
1,0.86466,0.1215,5.9573e-05,0.038433,0.085531,0.33527,0.85915
1,0.969,0.027323,0.00051509,0.035785,0.031112,0.41445,0.85915
1,0.98137,0.015617,0.00058437,0,0.021267,0.43364,0.85915
1,1,0,0,0.064583,0.032646,0.77434,0.85915
1,1,0,0,0,0,0.79883,0.85915
1,1,0,0,0.097084,0.049235,0.82469,0.85915
1,0.97453,0.01716,0.0033969,0.031409,0.098048,0.85229,0.85915
1,0.95798,0.016164,0.032565,0.033896,0.21563,0.88214,0.85915
1,1,0,0,0.16774,0.21939,0.91524,0.85915
1,0.93101,0.017127,0.002445,0.063516,0.18391,0.95313,0.85915
1,0.90605,0.062923,0.00026442,0.18443,0.13746,1,0.85915
1,0.48204,0.07221,0.28155,0.48611,0.19936,0,0.8662
1,0.82943,0.12429,0.002221,0.029824,0.10329,0.22566,0.8662
1,0.69964,0.28971,0.0012116,0.066153,0.28074,0.24906,0.8662
1,0.59495,0.43629,0.0011946,0.11853,0.39507,0.27159,0.8662
1,0.64531,0.36803,0.00055962,0.076863,0.31192,0.29339,0.8662
1,0.78033,0.2121,0.00012803,0.048427,0.17193,0.31462,0.8662
1,0.87328,0.11198,8.6349e-05,0.025612,0.059685,0.33527,0.8662
1,0.90995,0.076705,0.00013112,0.02184,0.027095,0.35555,0.8662
1,1,0,0,0,0,0.41445,0.8662
1,0.98727,0.016866,0.001073,0.22347,0.032873,0.43364,0.8662
1,1,0,0,0,0,0.49058,0.8662
1,1,0,0,0,0,0.52833,0.8662
1,1,0,0,0,0,0.54731,0.8662
1,1,0,0,0,0,0.56636,0.8662
1,1,0,0,0.041635,0.027562,0.75094,0.8662
1,1,0,0,0,0,0.77434,0.8662
1,1,0,0,0,0,0.82469,0.8662
1,1,0,0,0.016372,0.057285,0.85229,0.8662
1,1,0,0,0.15168,0.17074,0.88214,0.8662
1,0.97692,0.0065473,0.026988,0.20931,0.1359,0.91524,0.8662
1,0.91774,0.017319,0.0049899,0.048644,0.20492,0.95313,0.8662
1,1,0,0,0.063867,0.19243,1,0.8662
1,0.46414,0.079518,0.26537,0.46371,0.22709,0,0.87324
1,0.87103,0.066215,0.0066564,0.0080477,0.02754,0.20117,0.87324
1,0.81613,0.14708,0.0020968,0.030091,0.14984,0.22566,0.87324
1,0.77114,0.21536,0.00089875,0.017406,0.18502,0.24906,0.87324
1,0.65862,0.34838,0.00079181,0.044276,0.29795,0.27159,0.87324
1,0.68695,0.32336,0.00050059,0.052414,0.24745,0.29339,0.87324
1,0.82549,0.16811,0.00014232,0.039322,0.098331,0.31462,0.87324
1,0.97669,0.028573,0.0011791,0.21101,0.032229,0.41445,0.87324
1,1,0,0,0,0,0.52833,0.87324
1,1,0,0,0,0,0.54731,0.87324
1,1,0,0,0,0,0.77434,0.87324
1,0.98614,0.010484,0.0014099,0,0.019895,0.82469,0.87324
1,1,0,0,0.029727,0.057569,0.85229,0.87324
1,0.98651,0.0057844,0.078008,0.23073,0.096087,0.88214,0.87324
1,0.98049,0.0035398,0.055845,0.12342,0.054052,0.91524,0.87324
1,0.89602,0.019119,0.011164,0.037411,0.23789,0.95313,0.87324
1,0.8262,0.089469,0.0011039,0.089368,0.22095,1,0.87324
1,0.48754,0.076894,0.24751,0.46561,0.21452,0,0.88028
1,0.88819,0.062452,0.0068085,0.0071373,0.015667,0.20117,0.88028
1,0.87446,0.11236,0.001877,0.056409,0.082325,0.22566,0.88028
1,0,1,0,0.0039992,0.07323,0.24906,0.88028
1,0.71475,0.287,0.00050166,0.015108,0.22797,0.27159,0.88028
1,1,0,0,0.035785,0.16486,0.29339,0.88028
1,0.8559,0.13209,0.00024418,0.0053144,0.028168,0.31462,0.88028
1,1,0,0,0,0,0.35555,0.88028
1,0.98115,0.036338,0.0034795,0.48562,0.035935,0.41445,0.88028
1,1,0,0,0.053305,0.025856,0.77434,0.88028
1,0.98786,0.009349,0.029741,0.16551,0.072675,0.85229,0.88028
1,0.98601,0.0032759,0.21719,0.050227,0.024012,0.88214,0.88028
1,0.91473,0.013213,0.012916,0.05954,0.18329,0.95313,0.88028
1,1,0,0,0.083139,0.17289,1,0.88028
1,0.524,0.063697,0.23313,0.42786,0.16592,0,0.88732
1,1,0,0,0,0,0.22566,0.88732
1,0.88595,0.1121,0.00053956,0.00036843,0.022334,0.24906,0.88732
1,0.73407,0.27244,0.00038954,0.014538,0.2145,0.27159,0.88732
1,0.75886,0.2604,0.00063181,0.054258,0.15555,0.29339,0.88732
1,0.96951,0.032545,0.0011716,0.15015,0.062524,0.41445,0.88732
1,1,0,0,0,0,0.54731,0.88732
1,0.99333,0.0044014,0.0031971,0.092419,0.024929,0.77434,0.88732
1,1,0,0,0,0,0.79883,0.88732
1,1,0,0,0,0,0.85229,0.88732
1,1,0,0,0.19088,0.057807,0.88214,0.88732
1,0.94399,0.0096754,0.012477,0.1985,0.12965,0.95313,0.88732
1,0.89123,0.049148,0.0013977,0.21912,0.12361,1,0.88732
1,0.53985,0.052151,0.22281,0.3486,0.12298,0,0.89437
1,0.87554,0.049375,0.010159,0.02491,0.041896,0.17531,0.89437
1,0.90427,0.065433,0.0077132,0.0076235,0.029018,0.20117,0.89437
1,0.88749,0.11177,0.0012544,0.05389,0.098981,0.22566,0.89437
1,0.85518,0.1456,0.00035852,0.0053658,0.1051,0.24906,0.89437
1,0.73335,0.28556,0.00034118,0.038068,0.23863,0.27159,0.89437
1,1,0,0,0.039512,0.1912,0.29339,0.89437
1,0.84194,0.16,0.00030456,0.052718,0.085186,0.31462,0.89437
1,0.87999,0.10635,0.00026562,0.018608,0.052935,0.33527,0.89437
1,0.94732,0.042454,0.00083642,0.016408,0.031423,0.3951,0.89437
1,0.97046,0.0294,0.0013174,0.12262,0.034401,0.41445,0.89437
1,1,0,0,0.092817,0.02709,0.79883,0.89437
1,1,0,0,0,0.019928,0.82469,0.89437
1,1,0,0,0,0,0.85229,0.89437
1,0.94553,0.0075466,0.022147,0.18338,0.086664,0.95313,0.89437
1,0.87872,0.032822,0.0022326,0.067074,0.08083,1,0.89437
1,0.55081,0.046002,0.21297,0.29189,0.096414,0,0.90141
1,1,0,0,0.0062355,0.12723,0.20117,0.90141
1,0.84279,0.15654,0.00096827,0.046819,0.20272,0.22566,0.90141
1,0.79566,0.21719,0.00036304,0.036663,0.23106,0.24906,0.90141
1,0.71059,0.31546,0.00039627,0.050225,0.28482,0.27159,0.90141
1,0.77356,0.25271,0.00056302,0.071547,0.16432,0.29339,0.90141
1,0.88108,0.13415,0.00033693,0.11215,0.04484,0.31462,0.90141
1,1,0,0,0,0.019956,0.82469,0.90141
1,1,0,1,0,0,0.85229,0.90141
1,1,0,1,0,0,0.88214,0.90141
1,1,0,1,0,0,0.91524,0.90141
1,0.93754,0.0067175,0.039734,0.14509,0.065102,0.95313,0.90141
1,0.91894,0.028823,0.0035685,0.28945,0.060591,1,0.90141
1,0.5482,0.045965,0.2019,0.2586,0.096853,0,0.90845
1,0.85824,0.037098,0.012599,0.07441,0.03889,0.14771,0.90845
1,0.90922,0.043221,0.0072906,0.077469,0.02274,0.17531,0.90845
1,1,0,0,0.05009,0.19752,0.20117,0.90845
1,0.79334,0.20079,0.0011539,0.026285,0.28722,0.22566,0.90845
1,0.75673,0.2606,0.00046042,0.04325,0.30125,0.24906,0.90845
1,0.81054,0.21937,0.00013696,0.077825,0.181,0.27159,0.90845
1,0.81963,0.19509,0.00056998,0.047654,0.097009,0.29339,0.90845
1,1,0,0,0,0,0.41445,0.90845
1,1,0,0,0,0,0.56636,0.90845
1,1,0,0,0,0,0.85229,0.90845
1,0.91652,0.0069591,0.078086,0.08782,0.065108,0.95313,0.90845
1,0.86831,0.023635,0.0041628,0.028087,0.061719,1,0.90845
1,0.54568,0.045444,0.19272,0.22113,0.094409,0,0.91549
1,0.92123,0.076148,0.0033441,0.11569,0.091436,0.20117,0.91549
1,0.88288,0.12501,0.00038736,0.078504,0.17172,0.22566,0.91549
1,0.85162,0.16373,0.00017666,0.050195,0.18013,0.24906,0.91549
1,0.86893,0.14439,0.00011751,0.041483,0.080842,0.27159,0.91549
1,1,0,0,0,0,0.29339,0.91549
1,1,0,0,0,0,0.3951,0.91549
1,0.91824,0.0065734,0.12052,0.13504,0.036518,0.95313,0.91549
1,0.85779,0.022465,0.0054674,0.02174,0.063424,1,0.91549
1,0.56978,0.042663,0.18227,0.21977,0.076691,0,0.92254
1,1,0,0,0,0,0.20117,0.92254
1,0.94135,0.076207,0.00037915,0.16791,0.059746,0.22566,0.92254
1,0.91977,0.097263,0.00011919,0.082077,0.061908,0.24906,0.92254
1,0.90894,0.0074898,0.19875,0.18986,0.034257,0.95313,0.92254
1,0.87056,0.017111,0.0080291,0.0058949,0.0097003,1,0.92254
1,0.59835,0.041132,0.17138,0.24072,0.062991,0,0.92958
1,1,0,0,0,0,0.24906,0.92958
1,0,1,0,0,0,0.29339,0.92958
1,1,0,0,0.18479,0.043318,0.95313,0.92958
1,0.86052,0.017216,0.010077,0.0059806,0.0094781,1,0.92958
1,0.63971,0.036888,0.16386,0.2622,0.031334,0,0.93662
1,0.9413,0.0034387,0.81266,0.067747,0.037868,0.91524,0.93662
1,1,0,0,0.10436,0.02629,0.95313,0.93662
1,1,0,0,0.033253,0.013,1,0.93662
1,1,0,0,0,0,0.49058,0.94366
1,1,0,1,0.029402,0.081636,0.91524,0.94366
1,0.85585,0.017705,0.010833,0.044835,0.032423,1,0.94366
1,0.93311,0.0034446,0.78616,0.014148,0.017406,0.91524,0.9507
1,0.8397,0.018545,0.012068,0.010952,0.061185,1,0.9507
1,1,0,0,0,0,0.49058,0.95775
1,0.8596,0.0079028,0.43318,0.026214,0.011461,0.95313,0.95775
1,0.86496,0.01729,0.0095441,0.078425,0.061152,1,0.95775
1,0,0,1,0.0014009,0.011189,0.95313,0.96479
1,0.87559,0.017609,0.0084174,0.1249,0.07603,1,0.96479
1,0.85464,0.019492,0.0093525,0.074175,0.11005,1,0.97183
1,1,0,0,0,0,0.43364,0.97887
1,0.88853,0.0071437,0.22046,0.014894,0.010645,0.95313,0.97887
1,0.89385,0.017564,0.007199,0.18189,0.091786,1,0.97887
1,0.88688,0.014858,0.0082252,0.061233,0.069936,1,0.98592
1,1,0,0,0,0,0.17531,0.99296
1,0.91623,0.051456,0.0033445,0,0.017445,0.20117,0.99296
1,1,0,0,0,0,0.22566,0.99296
1,0.88913,0.013926,0.0086279,0.024391,0.06308,1,0.99296
1,0.89068,0.04516,0.013317,0.1628,0.040646,0.14771,1
1,1,0,0,0.074168,0.031512,0.17531,1
1,1,0,0,0,0,0.20117,1
1,0.92262,0.011765,0.0063309,0.11051,0.032896,1,1
