-67.4,-70.5,NaN,0.029123,4.4393e-09,0.16471
-67.4,-67.5,NaN,0.026132,1.4312e-09,0.15103
-67.4,-64.5,NaN,0.029847,1.6203e-09,0.16953
-67.4,-61.5,0,0.033258,1.8525e-09,0.19268
-67.4,46.5,NaN,0.055634,7.695e-09,0.31136
-67.4,49.5,NaN,0.042618,1.6156e-09,0.24677
-67.4,52.5,NaN,0.036917,4.9609e-10,0.21928
-67.4,76.5,0,0.04926,2.199e-13,0.29792
-67.4,79.5,0,0.044668,1.0011e-13,0.27487
-67.4,94.5,NaN,0.043815,4.8109e-10,0.24375
-67.4,97.5,NaN,0.029268,1.9428e-10,0.17061
-67.4,100.5,NaN,0.030286,5.0218e-10,0.1703
-67.4,103.5,NaN,0.029323,9.4111e-10,0.1633
-67.4,106.5,NaN,0.031919,2.9093e-09,0.17384
-67.4,109.5,NaN,0.031096,4.9303e-09,0.16865
-67.4,112.5,NaN,0.030357,7.6902e-09,0.16483
-67.4,115.5,NaN,0.029693,1.0993e-08,0.15938
-67.4,118.5,NaN,0.03032,2.0297e-08,0.16167
-67.4,121.5,NaN,0.028557,2.268e-08,0.15308
-67.4,124.5,NaN,0.028073,3.0899e-08,0.15179
-67.4,127.5,NaN,0.024539,2.2908e-08,0.13274
-67.4,130.5,NaN,0.024186,2.6259e-08,0.13149
-67.4,133.5,NaN,0.023874,2.965e-08,0.13054
-67.4,136.5,NaN,0.023598,3.2172e-08,0.12924
-67.4,139.5,NaN,0.023357,3.3902e-08,0.12757
-67.4,142.5,NaN,0.023148,3.5658e-08,0.12612
-67.4,145.5,NaN,0.025875,5.6023e-08,0.13932
-67.4,148.5,NaN,0.021785,2.8497e-08,0.11901
-54.75,-70.5,0,0.048335,1.6013e-07,0.2485
-54.75,-67.5,0,0.0483,1.8145e-07,0.24538
-49.8,-70.5,0,0.045103,6.3664e-06,0.21471
-49.8,-67.5,NaN,0.06271,2.5255e-05,0.26834
-49.8,148.5,NaN,0.021166,2.767e-06,0.10076
-49.8,178.5,NaN,0.01329,4.5783e-11,0.079293
-45.32,-178.5,0,0.095254,6.9206e-11,0.50748
-45.32,-70.5,0,0.16534,0.0040634,0.48958
-45.32,145.5,NaN,0.055263,0.00014757,0.21435
-45.32,148.5,NaN,0.0512,8.0715e-05,0.20609
-45.32,175.5,0,0.025407,1.1867e-11,0.14822
-45.32,178.5,0,0.028602,1.0839e-11,0.16773
-41.17,-67.5,NaN,0.3838,0.07428,0.74523
-41.17,-64.5,NaN,0.33813,0.04777,0.72135
-41.17,-55.5,1,0.40718,0.066813,0.81242
-41.17,-52.5,0,0.38809,0.058993,0.79263
-41.17,112.5,NaN,0.058449,0.0015821,0.19623
-41.17,115.5,NaN,0.084261,0.0031739,0.25811
-41.17,118.5,NaN,0.07086,0.0020063,0.22497
-41.17,121.5,NaN,0.043566,0.00048473,0.16103
-41.17,133.5,NaN,0.087157,0.0015592,0.2857
-41.17,136.5,NaN,0.093627,0.0012225,0.3109
-41.17,139.5,NaN,0.079838,0.00057496,0.28806
-41.17,142.5,0,0.10966,0.0010458,0.37522
-41.17,145.5,0,0.12889,0.0012693,0.42467
-41.17,148.5,0,0.10178,0.00051514,0.36218
-41.17,151.5,0,0.051083,5.7491e-05,0.2158
-41.17,178.5,0,0.02551,4.0959e-10,0.14626
-37.27,-70.5,NaN,0.52519,0.17531,0.86328
-37.27,-67.5,NaN,0.63233,0.28292,0.91887
-37.27,-64.5,NaN,0.57912,0.21473,0.90072
-37.27,-58.5,NaN,0.6333,0.27222,0.92475
-37.27,19.5,0,0.28293,0.020712,0.69255
-37.27,112.5,NaN,0.085438,0.0053005,0.25289
-37.27,115.5,NaN,0.13011,0.010524,0.35566
-37.27,118.5,NaN,0.098183,0.0051655,0.28492
-37.27,121.5,NaN,0.081394,0.0031005,0.24956
-37.27,124.5,NaN,0.086483,0.0033278,0.26436
-37.27,127.5,NaN,0.09631,0.0037884,0.29028
-37.27,130.5,NaN,0.11705,0.0050273,0.33717
-37.27,133.5,NaN,0.14844,0.0072257,0.40808
-37.27,136.5,NaN,0.19683,0.0114,0.5118
-37.27,139.5,NaN,0.15826,0.0060913,0.44642
-37.27,142.5,NaN,0.15996,0.0060368,0.4486
-37.27,145.5,NaN,0.17617,0.0068027,0.48335
-37.27,148.5,NaN,0.089981,0.001038,0.30347
-37.27,151.5,NaN,0.048871,0.00021469,0.18807
-33.57,-67.5,NaN,0.76692,0.44033,0.97958
-33.57,-64.5,NaN,0.85644,0.59089,0.9934
-33.57,-61.5,NaN,0.86576,0.61559,0.99365
-33.57,-58.5,NaN,0.74859,0.41387,0.97852
-33.57,-52.5,NaN,0.76146,0.4443,0.97448
-33.57,16.5,NaN,0.27523,0.021944,0.67243
-33.57,19.5,0,0.41488,0.055635,0.83309
-33.57,22.5,NaN,0.2302,0.010461,0.62729
-33.57,25.5,NaN,0.17116,0.0052659,0.52397
-33.57,112.5,NaN,0.069229,0.0037966,0.21425
-33.57,115.5,NaN,0.10612,0.0079598,0.30326
-33.57,118.5,NaN,0.11232,0.0075173,0.32566
-33.57,121.5,NaN,0.16542,0.014746,0.42957
-33.57,124.5,NaN,0.1743,0.015497,0.45102
-33.57,127.5,NaN,0.18081,0.014833,0.47057
-33.57,130.5,NaN,0.2135,0.019208,0.53822
-33.57,133.5,NaN,0.24867,0.022975,0.60688
-33.57,136.5,1,0.30415,0.031164,0.70573
-33.57,139.5,NaN,0.21355,0.010833,0.57189
-33.57,142.5,NaN,0.14515,0.0052152,0.42551
-33.57,145.5,NaN,0.091116,0.0020347,0.29651
-33.57,148.5,NaN,0.053561,0.00060742,0.19493
-33.57,151.5,NaN,0.03069,0.00015223,0.12283
-30.02,-67.5,NaN,0.84441,0.54174,0.99703
-30.02,-64.5,1,0.95371,0.81702,0.9999
-30.02,-61.5,1,0.92195,0.71543,0.99967
-30.02,-52.5,NaN,0.91186,0.72101,0.99826
-30.02,-49.5,NaN,0.86391,0.62692,0.99367
-30.02,13.5,NaN,0.37633,0.078892,0.72588
-30.02,16.5,NaN,0.43641,0.10417,0.79738
-30.02,19.5,NaN,0.50399,0.13339,0.86474
-30.02,22.5,NaN,0.46242,0.098704,0.84038
-30.02,25.5,NaN,0.2616,0.02335,0.64047
-30.02,28.5,NaN,0.23361,0.020578,0.5844
-30.02,115.5,NaN,0.046573,0.0014465,0.1596
-30.02,118.5,NaN,0.068356,0.0032532,0.21584
-30.02,121.5,NaN,0.10383,0.00673,0.30367
-30.02,124.5,NaN,0.14348,0.010206,0.40236
-30.02,127.5,NaN,0.16224,0.010748,0.45084
-30.02,130.5,NaN,0.19325,0.01385,0.51768
-30.02,133.5,NaN,0.14627,0.0071005,0.42707
-30.02,136.5,NaN,0.12697,0.0048552,0.38576
-30.02,139.5,0,0.12696,0.0045543,0.39231
-30.02,142.5,NaN,0.089273,0.0022195,0.29281
-30.02,145.5,NaN,0.053092,0.00080383,0.1918
-26.59,-67.5,1,0.86895,0.5795,0.99914
-26.59,-64.5,1,0.93827,0.76667,0.99988
-26.59,-61.5,1,0.96066,0.83268,0.99997
-26.59,-52.5,NaN,0.94347,0.80576,0.99948
-26.59,-49.5,NaN,0.90274,0.70067,0.99776
-26.59,13.5,NaN,0.26011,0.039494,0.58598
-26.59,16.5,NaN,0.48441,0.15244,0.81608
-26.59,19.5,NaN,0.57387,0.19981,0.89918
-26.59,22.5,NaN,0.52438,0.14594,0.87837
-26.59,25.5,NaN,0.40633,0.09034,0.77365
-26.59,28.5,NaN,0.23662,0.025417,0.57631
-26.59,37.5,1,0.27432,0.037073,0.62912
-26.59,43.5,NaN,0.17374,0.017488,0.45432
-26.59,121.5,NaN,0.051619,0.0014798,0.17555
-26.59,124.5,NaN,0.090716,0.0041526,0.2767
-26.59,127.5,NaN,0.074479,0.0023435,0.24149
-26.59,130.5,NaN,0.10473,0.0043491,0.31773
-26.59,133.5,NaN,0.065289,0.001432,0.22386
-26.59,136.5,NaN,0.056177,0.0010078,0.20028
-26.59,139.5,NaN,0.047458,0.00066548,0.17121
-26.59,142.5,NaN,0.046872,0.00058318,0.17088
-23.26,-64.5,NaN,0.86175,0.5869,0.99841
-23.26,-61.5,NaN,0.94874,0.79665,0.99988
-23.26,-58.5,NaN,0.94062,0.78163,0.99976
-23.26,-55.5,NaN,0.94247,0.79996,0.99963
-23.26,-52.5,NaN,0.95269,0.83453,0.99967
-23.26,-49.5,NaN,0.90039,0.69137,0.9977
-23.26,-46.5,NaN,0.7791,0.46962,0.98287
-23.26,13.5,NaN,0.23305,0.031499,0.55072
-23.26,16.5,NaN,0.43593,0.14054,0.74807
-23.26,19.5,NaN,0.60563,0.25029,0.9003
-23.26,22.5,NaN,0.57175,0.19887,0.89155
-23.26,25.5,NaN,0.46483,0.14154,0.79519
-23.26,28.5,NaN,0.38211,0.10213,0.70309
-23.26,31.5,NaN,0.24686,0.041166,0.55765
-23.26,43.5,NaN,0.13407,0.010459,0.3797
-23.26,46.5,NaN,0.12309,0.011255,0.34288
-23.26,130.5,NaN,0.045581,0.00052046,0.16844
-23.26,133.5,NaN,0.045738,0.00047862,0.16764
-23.26,178.5,NaN,0.018135,6.1358e-06,0.089515
-20.01,-67.5,1,0.85642,0.54607,0.9983
-20.01,-64.5,1,0.752,0.35159,0.99356
-20.01,-61.5,1,0.94643,0.79124,0.99986
-20.01,-58.5,NaN,0.93912,0.77345,0.99974
-20.01,-55.5,NaN,0.93886,0.78498,0.99955
-20.01,-52.5,NaN,0.90893,0.72288,0.99806
-20.01,-49.5,NaN,0.89974,0.69411,0.99746
-20.01,-46.5,NaN,0.85218,0.61093,0.99129
-20.01,-43.5,NaN,0.72058,0.41864,0.95838
-20.01,-40.5,NaN,0.53707,0.18409,0.88998
-20.01,13.5,NaN,0.4908,0.21836,0.76242
-20.01,16.5,NaN,0.56939,0.25945,0.84918
-20.01,19.5,NaN,0.65479,0.30207,0.9231
-20.01,22.5,NaN,0.65488,0.27659,0.93712
-20.01,25.5,NaN,0.52422,0.19047,0.84241
-20.01,28.5,NaN,0.40749,0.1294,0.71741
-20.01,31.5,NaN,0.32843,0.091746,0.61812
-20.01,34.5,NaN,0.27257,0.068436,0.5448
-20.01,46.5,NaN,0.10817,0.0085662,0.31424
-16.83,-67.5,NaN,0.55065,0.18069,0.92068
-16.83,-64.5,NaN,0.60332,0.23271,0.94067
-16.83,-61.5,NaN,0.8813,0.65836,0.99585
-16.83,-58.5,NaN,0.9234,0.74273,0.99866
-16.83,-55.5,NaN,0.92343,0.74141,0.99874
-16.83,-52.5,NaN,0.86862,0.60643,0.99492
-16.83,-49.5,NaN,0.84537,0.58728,0.9897
-16.83,-46.5,NaN,0.85765,0.63055,0.98937
-16.83,-43.5,NaN,0.60632,0.24961,0.91721
-16.83,-40.5,NaN,0.45069,0.12113,0.82412
-16.83,10.5,NaN,0.35187,0.1224,0.62691
-16.83,13.5,NaN,0.2802,0.064014,0.58402
-16.83,16.5,NaN,0.55449,0.24499,0.83943
-16.83,19.5,NaN,0.65144,0.29108,0.92235
-16.83,22.5,NaN,0.69669,0.30648,0.95894
-16.83,25.5,NaN,0.60713,0.2514,0.90148
-16.83,28.5,NaN,0.51061,0.19516,0.81851
-16.83,31.5,NaN,0.27609,0.056154,0.58778
-16.83,34.5,NaN,0.26228,0.059,0.54955
-16.83,37.5,NaN,0.225,0.046526,0.4876
-16.83,145.5,NaN,0.019131,1.1316e-06,0.093793
-13.71,-178.5,0,0.095197,2.0576e-08,0.47186
-13.71,-70.5,NaN,0.29219,0.043916,0.67441
-13.71,-67.5,NaN,0.42009,0.12372,0.77792
-13.71,-64.5,NaN,0.72248,0.42753,0.94718
-13.71,-61.5,NaN,0.79902,0.52799,0.97509
-13.71,-58.5,NaN,0.86258,0.61439,0.99109
-13.71,-55.5,NaN,0.82708,0.53059,0.98767
-13.71,-52.5,NaN,0.75695,0.40091,0.97554
-13.71,-49.5,NaN,0.82302,0.54008,0.98321
-13.71,-46.5,NaN,0.80762,0.52565,0.97873
-13.71,-43.5,NaN,0.4802,0.14957,0.82511
-13.71,-40.5,NaN,0.37432,0.08782,0.73315
-13.71,-37.5,NaN,0.49627,0.2297,0.78095
-13.71,13.5,NaN,0.29308,0.078178,0.58155
-13.71,16.5,NaN,0.52197,0.22241,0.80815
-13.71,19.5,NaN,0.62633,0.27589,0.90396
-13.71,22.5,NaN,0.71215,0.3277,0.96291
-13.71,25.5,NaN,0.69306,0.30416,0.95863
-13.71,28.5,NaN,0.62456,0.25784,0.91716
-13.71,31.5,NaN,0.34075,0.069052,0.69822
-13.71,34.5,NaN,0.25077,0.045479,0.55936
-13.71,37.5,NaN,0.24691,0.056657,0.5195
-13.71,130.5,0,0.037795,1.0362e-05,0.1763
-13.71,139.5,NaN,0.028017,9.8012e-07,0.14057
-13.71,148.5,0,0.028535,3.1023e-07,0.14766
-10.62,-73.5,NaN,0.18379,0.021468,0.47303
-10.62,-70.5,NaN,0.43909,0.15288,0.74622
-10.62,-67.5,NaN,0.52418,0.21751,0.8178
-10.62,-64.5,NaN,0.61496,0.2988,0.88149
-10.62,-61.5,NaN,0.71158,0.39328,0.94005
-10.62,-58.5,NaN,0.68036,0.34269,0.93177
-10.62,-55.5,NaN,0.57801,0.23243,0.88435
-10.62,-52.5,NaN,0.66796,0.34938,0.91801
-10.62,-49.5,NaN,0.67027,0.36652,0.91143
-10.62,-46.5,NaN,0.63173,0.33993,0.88297
-10.62,-43.5,NaN,0.37391,0.10173,0.70492
-10.62,-40.5,NaN,0.34005,0.084557,0.66369
-10.62,-37.5,NaN,0.32689,0.092864,0.62438
-10.62,13.5,NaN,0.46381,0.19487,0.73913
-10.62,16.5,NaN,0.55478,0.24646,0.83456
-10.62,19.5,NaN,0.64979,0.29237,0.91853
-10.62,22.5,NaN,0.72977,0.34008,0.96993
-10.62,25.5,NaN,0.5353,0.14784,0.89337
-10.62,28.5,NaN,0.32385,0.041138,0.72309
-10.62,31.5,NaN,0.24115,0.022151,0.60566
-10.62,34.5,NaN,0.2677,0.047359,0.5906
-10.62,37.5,0,0.26856,0.051488,0.57862
-10.62,142.5,0,0.02343,1.3357e-07,0.12502
-10.62,145.5,0,0.024456,9.4243e-08,0.13022
-7.56,-73.5,0,0.21096,0.029,0.50296
-7.56,-70.5,NaN,0.31424,0.069468,0.63113
-7.56,-67.5,NaN,0.42208,0.12078,0.74988
-7.56,-64.5,0,0.51184,0.16821,0.8367
-7.56,-61.5,NaN,0.63109,0.26656,0.91558
-7.56,-58.5,NaN,0.54055,0.18935,0.85881
-7.56,-55.5,NaN,0.47983,0.17721,0.78355
-7.56,-52.5,NaN,0.43417,0.16826,0.71811
-7.56,-49.5,NaN,0.43497,0.18388,0.69945
-7.56,-46.5,NaN,0.42642,0.17806,0.69019
-7.56,-43.5,NaN,0.40047,0.17414,0.65093
-7.56,-40.5,NaN,0.48687,0.25876,0.71965
-7.56,-37.5,NaN,0.27954,0.081313,0.53626
-7.56,-34.5,NaN,0.25168,0.054441,0.53413
-7.56,13.5,NaN,0.48705,0.19263,0.77909
-7.56,16.5,NaN,0.59546,0.25528,0.87839
-7.56,19.5,NaN,0.69057,0.31068,0.94938
-7.56,22.5,NaN,0.76949,0.3767,0.98306
-7.56,25.5,NaN,0.49519,0.12928,0.86063
-7.56,28.5,NaN,0.28853,0.035526,0.67603
-7.56,31.5,NaN,0.19513,0.015201,0.53399
-7.56,34.5,NaN,0.1934,0.022126,0.49082
-7.56,37.5,NaN,0.27494,0.061117,0.57457
-7.56,112.5,NaN,0.017154,9.3138e-07,0.085789
-7.56,169.5,0,0.016433,7.2253e-09,0.088898
-4.53,-76.5,NaN,0.070656,0.002566,0.23959
-4.53,-73.5,1,0.19216,0.026784,0.46042
-4.53,-70.5,NaN,0.27621,0.05263,0.59118
-4.53,-67.5,0,0.25995,0.037934,0.58514
-4.53,-64.5,0,0.31878,0.062614,0.65033
-4.53,-61.5,NaN,0.44597,0.12868,0.77789
-4.53,-58.5,NaN,0.42434,0.12236,0.75072
-4.53,-55.5,NaN,0.35008,0.10551,0.63776
-4.53,-52.5,NaN,0.28157,0.08418,0.53228
-4.53,-49.5,NaN,0.25506,0.079408,0.48395
-4.53,-46.5,NaN,0.29345,0.10718,0.51908
-4.53,-43.5,NaN,0.23556,0.065284,0.46411
-4.53,-40.5,NaN,0.28883,0.10497,0.51426
-4.53,-37.5,NaN,0.2688,0.07936,0.51291
-4.53,10.5,NaN,0.47942,0.18273,0.77867
-4.53,13.5,NaN,0.56521,0.23035,0.85767
-4.53,16.5,NaN,0.66327,0.29695,0.9276
-4.53,19.5,NaN,0.73771,0.3508,0.96929
-4.53,22.5,NaN,0.79847,0.40046,0.99024
-4.53,25.5,NaN,0.46663,0.10824,0.84411
-4.53,28.5,NaN,0.30661,0.044904,0.68613
-4.53,31.5,NaN,0.20442,0.01938,0.53231
-4.53,34.5,NaN,0.25874,0.053033,0.56003
-4.53,40.5,1,0.25117,0.041677,0.55988
-4.53,109.5,0,0.019775,7.6192e-08,0.1027
-4.53,112.5,0,0.017164,4.117e-08,0.090529
-4.53,121.5,NaN,0.010181,9.2379e-08,0.055007
-1.51,-76.5,NaN,0.076131,0.005379,0.2325
-1.51,-73.5,NaN,0.18599,0.040235,0.40496
-1.51,-70.5,NaN,0.20734,0.042536,0.45375
-1.51,-67.5,NaN,0.20957,0.045781,0.44833
-1.51,-64.5,NaN,0.27778,0.076356,0.53723
-1.51,-61.5,NaN,0.39818,0.13319,0.69309
-1.51,-58.5,NaN,0.40788,0.13125,0.713
-1.51,-55.5,NaN,0.34933,0.10742,0.63905
-1.51,-52.5,NaN,0.26885,0.075962,0.52652
-1.51,10.5,0,0.50417,0.16143,0.8333
-1.51,13.5,NaN,0.6117,0.24609,0.89922
-1.51,16.5,NaN,0.71112,0.3296,0.95583
-1.51,19.5,NaN,0.79556,0.4166,0.98617
-1.51,22.5,NaN,0.80187,0.41374,0.9914
-1.51,25.5,NaN,0.63794,0.25048,0.93369
-1.51,28.5,NaN,0.38993,0.082486,0.76293
-1.51,31.5,NaN,0.27598,0.041702,0.62564
-1.51,34.5,NaN,0.2886,0.065284,0.59993
-1.51,37.5,1,0.34798,0.10072,0.6618
-1.51,103.5,0,0.022787,4.9964e-07,0.11594
-1.51,106.5,0,0.031114,5.4206e-07,0.15036
-1.51,109.5,NaN,0.018066,1.0317e-07,0.093676
-1.51,112.5,NaN,0.014327,4.076e-08,0.075652
-1.51,115.5,0,0.012975,2.2887e-08,0.068154
-1.51,124.5,0,0.0037999,2.0574e-09,0.021507
-1.51,127.5,0,0.0076653,1.1477e-08,0.041585
-1.51,157.5,0,0.0075046,3.9845e-10,0.043446
-1.51,163.5,0,0.0086234,3.9383e-10,0.048346
1.51,-73.5,NaN,0.12521,0.024315,0.29149
1.51,-70.5,0,0.17714,0.036234,0.39828
1.51,-67.5,NaN,0.17545,0.040096,0.38077
1.51,-64.5,NaN,0.18261,0.038447,0.40089
1.51,-61.5,NaN,0.22059,0.040505,0.49462
1.51,-58.5,NaN,0.2592,0.057479,0.53931
1.51,-55.5,0,0.31814,0.09177,0.59596
1.51,-52.5,NaN,0.35229,0.10286,0.65542
1.51,-49.5,NaN,0.25745,0.063121,0.52809
1.51,4.5,0,0.50039,0.16498,0.82555
1.51,10.5,NaN,0.42043,0.12238,0.74854
1.51,13.5,NaN,0.63834,0.28957,0.90529
1.51,16.5,NaN,0.73995,0.38223,0.9611
1.51,19.5,NaN,0.81501,0.46243,0.98842
1.51,22.5,NaN,0.86637,0.52489,0.99753
1.51,25.5,NaN,0.80146,0.4475,0.98547
1.51,28.5,NaN,0.56391,0.21403,0.87823
1.51,31.5,NaN,0.44181,0.14147,0.77197
1.51,34.5,NaN,0.43286,0.16294,0.72607
1.51,37.5,NaN,0.46737,0.20545,0.73723
1.51,40.5,NaN,0.4087,0.16607,0.67731
1.51,43.5,NaN,0.38571,0.15645,0.64931
1.51,100.5,NaN,0.024475,1.5067e-05,0.10962
1.51,103.5,NaN,0.017752,2.9284e-06,0.083723
1.51,106.5,0,0.015439,8.1482e-07,0.075756
1.51,115.5,NaN,0.0043723,6.4994e-09,0.023625
1.51,118.5,0,0.0041939,3.0673e-09,0.022196
1.51,130.5,NaN,0.0034355,3.6493e-10,0.019699
1.51,133.5,NaN,0.0032901,1.4215e-10,0.016216
4.53,-73.5,NaN,0.19176,0.049255,0.39801
4.53,-70.5,NaN,0.19146,0.0432,0.41405
4.53,-67.5,1,0.21033,0.044164,0.46137
4.53,-64.5,NaN,0.16348,0.019987,0.41413
4.53,-61.5,NaN,0.16671,0.01644,0.43654
4.53,-58.5,NaN,0.21408,0.034821,0.48707
4.53,-55.5,NaN,0.2841,0.07367,0.55826
4.53,-52.5,NaN,0.16325,0.022413,0.39928
4.53,-49.5,NaN,0.2499,0.061224,0.5084
4.53,-10.5,NaN,0.41552,0.1562,0.70098
4.53,-7.5,NaN,0.373,0.11884,0.67485
4.53,-4.5,NaN,0.45951,0.17856,0.75436
4.53,-1.5,NaN,0.4683,0.18488,0.76339
4.53,4.5,NaN,0.4836,0.19165,0.77676
4.53,7.5,NaN,0.43965,0.15769,0.74119
4.53,10.5,NaN,0.38847,0.1025,0.72527
4.53,13.5,NaN,0.53091,0.21095,0.8343
4.53,16.5,NaN,0.7177,0.38592,0.94189
4.53,19.5,NaN,0.85817,0.55793,0.99285
4.53,22.5,NaN,0.89867,0.6155,0.99865
4.53,25.5,NaN,0.87084,0.57579,0.99608
4.53,28.5,NaN,0.8345,0.53568,0.98791
4.53,31.5,NaN,0.73599,0.41699,0.95163
4.53,34.5,NaN,0.59546,0.29812,0.85621
4.53,37.5,NaN,0.56178,0.27193,0.82886
4.53,40.5,NaN,0.56039,0.27084,0.83162
4.53,43.5,NaN,0.50185,0.24165,0.76329
4.53,73.5,0,0.25563,0.031942,0.59734
4.53,100.5,0,0.046686,0.00019257,0.19017
4.53,103.5,0,0.030247,4.2896e-05,0.13402
4.53,112.5,0,0.0091305,2.3862e-07,0.045338
4.53,115.5,0,0.010135,1.2265e-07,0.053322
4.53,118.5,0,0.0061762,1.0667e-08,0.032769
4.53,130.5,0,0.0059333,1.4691e-11,0.034168
4.53,133.5,0,0.006663,6.2255e-12,0.038278
4.53,136.5,0,0.0055969,4.2251e-12,0.031462
7.56,-64.5,1,0.28895,0.063077,0.60494
7.56,-61.5,0,0.18273,0.018215,0.47119
7.56,-58.5,NaN,0.22866,0.035559,0.52675
7.56,-55.5,0,0.27887,0.05371,0.59286
7.56,-10.5,NaN,0.34962,0.085701,0.68071
7.56,-7.5,NaN,0.37086,0.088926,0.71329
7.56,-4.5,NaN,0.55315,0.25821,0.82195
7.56,-1.5,NaN,0.61302,0.32067,0.86244
7.56,1.5,NaN,0.62786,0.34262,0.86778
7.56,4.5,NaN,0.67528,0.38757,0.89708
7.56,7.5,NaN,0.61887,0.32996,0.85997
7.56,10.5,NaN,0.77209,0.49669,0.95092
7.56,13.5,NaN,0.79671,0.5226,0.96427
7.56,16.5,NaN,0.86657,0.61456,0.98988
7.56,19.5,NaN,0.90498,0.66489,0.99756
7.56,22.5,NaN,0.93137,0.71007,0.99961
7.56,25.5,NaN,0.88469,0.60747,0.99704
7.56,28.5,NaN,0.84271,0.55398,0.98858
7.56,31.5,NaN,0.78129,0.48656,0.96532
7.56,34.5,NaN,0.54691,0.24274,0.83455
7.56,37.5,0,0.47452,0.18367,0.77549
7.56,49.5,1,0.5128,0.22834,0.79447
7.56,73.5,0,0.37237,0.070177,0.7382
7.56,76.5,0,0.31567,0.049688,0.67401
7.56,100.5,0,0.060576,0.00068394,0.22407
7.56,103.5,0,0.026388,4.8115e-05,0.11589
7.56,106.5,0,0.028128,6.6593e-05,0.12425
7.56,115.5,0,0.0076479,1.9277e-07,0.038817
7.56,118.5,0,0.010578,1.3012e-07,0.05482
7.56,127.5,0,0.0068995,7.9919e-11,0.03868
7.56,130.5,0,0.0068489,1.116e-11,0.03836
7.56,133.5,0,0.0071562,6.1299e-12,0.040628
7.56,145.5,0,0.0047063,2.1629e-11,0.025348
10.62,-82.5,0,0.14533,0.029668,0.32536
10.62,-13.5,0,0.35847,0.099961,0.67818
10.62,-10.5,NaN,0.5717,0.29056,0.82769
10.62,-7.5,NaN,0.74766,0.46145,0.94332
10.62,-4.5,NaN,0.76112,0.47108,0.95128
10.62,-1.5,NaN,0.74555,0.45952,0.9406
10.62,1.5,NaN,0.76005,0.49108,0.94335
10.62,4.5,NaN,0.80683,0.55288,0.96421
10.62,7.5,NaN,0.75561,0.48033,0.94102
10.62,10.5,NaN,0.85853,0.62518,0.98325
10.62,13.5,NaN,0.89482,0.67813,0.99332
10.62,16.5,NaN,0.92156,0.72343,0.99783
10.62,19.5,NaN,0.94309,0.76551,0.99954
10.62,22.5,NaN,0.92475,0.70905,0.99915
10.62,25.5,NaN,0.80766,0.48999,0.98356
10.62,28.5,NaN,0.75167,0.43381,0.96069
10.62,31.5,NaN,0.8112,0.54885,0.97307
10.62,34.5,NaN,0.57374,0.24354,0.87356
10.62,37.5,0,0.52061,0.1785,0.84977
10.62,40.5,1,0.72711,0.38397,0.95726
10.62,43.5,NaN,0.68636,0.37099,0.92745
10.62,46.5,1,0.6484,0.33475,0.90397
10.62,70.5,NaN,0.36284,0.09759,0.67295
10.62,73.5,NaN,0.55216,0.23072,0.84115
10.62,76.5,NaN,0.33415,0.085343,0.65034
10.62,79.5,NaN,0.23983,0.044378,0.52387
10.62,97.5,1,0.084397,0.0035352,0.26874
10.62,100.5,0,0.10038,0.0034121,0.31639
10.62,103.5,0,0.053048,0.00067615,0.1969
10.62,106.5,NaN,0.026404,0.00015033,0.10995
10.62,109.5,0,0.015449,2.9186e-05,0.071614
10.62,121.5,0,0.0049587,3.3253e-08,0.027172
13.71,-85.5,0,0.29346,0.074817,0.57947
13.71,-64.5,0,0.26242,0.079805,0.49704
13.71,-16.5,NaN,0.5038,0.23977,0.76208
13.71,-13.5,NaN,0.58468,0.32767,0.81715
13.71,-10.5,NaN,0.70564,0.43112,0.91294
13.71,-7.5,NaN,0.79026,0.52483,0.96059
13.71,-4.5,NaN,0.84939,0.58665,0.98601
13.71,-1.5,NaN,0.83933,0.57372,0.98166
13.71,1.5,NaN,0.85274,0.61229,0.98341
13.71,4.5,NaN,0.88041,0.6587,0.99003
13.71,7.5,NaN,0.89515,0.68757,0.99294
13.71,10.5,NaN,0.91785,0.73153,0.99651
13.71,13.5,NaN,0.94023,0.77867,0.99895
13.71,16.5,NaN,0.92162,0.73153,0.99781
13.71,19.5,NaN,0.92892,0.75015,0.99834
13.71,22.5,NaN,0.93933,0.77294,0.99904
13.71,25.5,NaN,0.88357,0.66206,0.99123
13.71,28.5,NaN,0.86966,0.65569,0.98483
13.71,31.5,NaN,0.86517,0.66203,0.98109
13.71,34.5,NaN,0.80396,0.56384,0.96009
13.71,40.5,1,0.77751,0.49863,0.96236
13.71,43.5,NaN,0.82569,0.58386,0.97292
13.71,52.5,1,0.78066,0.50049,0.9622
13.71,70.5,0,0.42353,0.13137,0.74336
13.71,73.5,NaN,0.45611,0.16268,0.75719
13.71,76.5,NaN,0.50219,0.1975,0.8003
13.71,79.5,NaN,0.32858,0.089099,0.62691
13.71,82.5,NaN,0.16559,0.020961,0.40959
13.71,97.5,NaN,0.063604,0.0014258,0.21161
13.71,100.5,0,0.099391,0.0024271,0.32208
13.71,103.5,NaN,0.033313,0.00016686,0.13868
13.71,106.5,0,0.018303,3.9451e-05,0.080676
16.83,-94.5,0,0.3339,0.08199,0.64431
16.83,-91.5,NaN,0.32728,0.085722,0.62772
16.83,-88.5,NaN,0.29984,0.07561,0.59259
16.83,-85.5,NaN,0.23938,0.057186,0.49993
16.83,-73.5,0,0.25577,0.057188,0.53321
16.83,-70.5,1,0.27757,0.06966,0.55837
16.83,-67.5,0,0.26632,0.071219,0.5278
16.83,-13.5,NaN,0.59761,0.35349,0.81355
16.83,-10.5,NaN,0.72562,0.46921,0.91653
16.83,-7.5,NaN,0.82957,0.57594,0.97736
16.83,-4.5,NaN,0.88708,0.65074,0.99427
16.83,-1.5,NaN,0.89538,0.66406,0.99583
16.83,1.5,NaN,0.90667,0.69711,0.99653
16.83,4.5,NaN,0.92435,0.73831,0.9981
16.83,7.5,NaN,0.90549,0.68711,0.99655
16.83,10.5,NaN,0.89556,0.6848,0.99314
16.83,13.5,NaN,0.89283,0.69694,0.99049
16.83,16.5,NaN,0.90226,0.72135,0.99131
16.83,19.5,NaN,0.91535,0.75028,0.99376
16.83,22.5,NaN,0.93356,0.79003,0.99659
16.83,25.5,NaN,0.93624,0.79245,0.99681
16.83,28.5,NaN,0.91311,0.76021,0.99083
16.83,31.5,NaN,0.87735,0.6978,0.98048
16.83,34.5,NaN,0.8396,0.63868,0.96787
16.83,40.5,NaN,0.90749,0.75401,0.98971
16.83,43.5,NaN,0.93586,0.80536,0.99573
16.83,46.5,NaN,0.90701,0.73754,0.99237
16.83,52.5,1,0.92113,0.7532,0.99623
16.83,55.5,1,0.87229,0.63238,0.99191
16.83,73.5,NaN,0.57265,0.26331,0.84823
16.83,76.5,NaN,0.57612,0.23897,0.86505
16.83,79.5,NaN,0.39011,0.097229,0.71117
16.83,82.5,NaN,0.23532,0.031056,0.52507
16.83,85.5,NaN,0.12359,0.0057657,0.35888
16.83,91.5,NaN,0.039485,0.00029359,0.14558
16.83,94.5,NaN,0.048512,0.00026736,0.18807
16.83,97.5,NaN,0.055123,0.00024534,0.20688
16.83,100.5,0,0.034715,3.2229e-05,0.15464
16.83,103.5,NaN,0.013949,4.6088e-06,0.066394
16.83,121.5,0,0.0030307,7.3483e-08,0.014906
20.01,-97.5,NaN,0.25906,0.053377,0.54682
20.01,-94.5,0,0.24899,0.049124,0.53546
20.01,-76.5,0,0.25969,0.061041,0.54115
20.01,-73.5,1,0.2589,0.060763,0.53718
20.01,-13.5,NaN,0.57352,0.32932,0.79311
20.01,-10.5,NaN,0.67417,0.42317,0.87959
20.01,-7.5,NaN,0.74356,0.48352,0.93172
20.01,-4.5,NaN,0.81789,0.55836,0.97226
20.01,-1.5,NaN,0.87344,0.62971,0.99108
20.01,1.5,NaN,0.89191,0.63819,0.9964
20.01,4.5,NaN,0.87873,0.63458,0.99213
20.01,7.5,NaN,0.87106,0.64465,0.98722
20.01,10.5,NaN,0.85486,0.63439,0.97855
20.01,13.5,NaN,0.84309,0.6354,0.96942
20.01,16.5,NaN,0.85598,0.66862,0.97153
20.01,19.5,NaN,0.87932,0.70232,0.98027
20.01,22.5,NaN,0.91393,0.76137,0.99057
20.01,25.5,NaN,0.93455,0.79617,0.99586
20.01,28.5,NaN,0.91824,0.77003,0.99184
20.01,31.5,NaN,0.90188,0.73967,0.98835
20.01,37.5,NaN,0.8415,0.59166,0.98348
20.01,40.5,NaN,0.86862,0.63064,0.99095
20.01,43.5,NaN,0.93879,0.80606,0.99662
20.01,52.5,1,0.93323,0.78283,0.99759
20.01,64.5,1,0.80501,0.52051,0.97781
20.01,67.5,NaN,0.7229,0.40743,0.94792
20.01,70.5,NaN,0.65189,0.32755,0.90941
20.01,73.5,NaN,0.60059,0.27279,0.88021
20.01,76.5,NaN,0.57347,0.21904,0.87682
20.01,79.5,NaN,0.45256,0.099997,0.80301
20.01,82.5,NaN,0.30805,0.036643,0.65195
20.01,85.5,NaN,0.14348,0.0040337,0.41749
20.01,88.5,NaN,0.073364,0.00044334,0.27024
20.01,91.5,0,0.069494,0.00016159,0.26348
20.01,94.5,NaN,0.015251,1.6338e-06,0.074511
20.01,97.5,0,0.0091917,1.406e-07,0.046906
20.01,100.5,NaN,0.0046408,2.2469e-08,0.023849
20.01,103.5,NaN,0.009179,2.1848e-07,0.046624
20.01,106.5,NaN,0.0067475,1.3885e-07,0.033914
20.01,109.5,NaN,0.0067699,1.7548e-07,0.033572
23.26,-100.5,NaN,0.27665,0.054657,0.5888
23.26,-97.5,NaN,0.21526,0.025601,0.53378
23.26,-85.5,NaN,0.36437,0.13213,0.63503
23.26,-13.5,NaN,0.49495,0.24605,0.74149
23.26,-10.5,NaN,0.51631,0.27384,0.75297
23.26,-7.5,NaN,0.62703,0.36643,0.85169
23.26,-4.5,NaN,0.7249,0.45363,0.92498
23.26,-1.5,NaN,0.80549,0.53932,0.96881
23.26,1.5,NaN,0.84198,0.57829,0.9834
23.26,4.5,NaN,0.8106,0.53431,0.97089
23.26,7.5,NaN,0.78661,0.53356,0.95388
23.26,10.5,0,0.78254,0.53895,0.94783
23.26,13.5,NaN,0.74961,0.50266,0.93082
23.26,16.5,NaN,0.74842,0.51704,0.92649
23.26,19.5,NaN,0.7973,0.58117,0.95009
23.26,22.5,NaN,0.86802,0.6812,0.97823
23.26,25.5,NaN,0.90452,0.73983,0.98983
23.26,28.5,NaN,0.90223,0.73038,0.99096
23.26,31.5,1,0.90264,0.71434,0.99349
23.26,34.5,1,0.92766,0.77747,0.99611
23.26,37.5,NaN,0.859,0.5871,0.99236
23.26,40.5,NaN,0.87476,0.64962,0.99035
23.26,43.5,NaN,0.9328,0.79154,0.99636
23.26,49.5,1,0.95484,0.8413,0.9989
23.26,67.5,NaN,0.7619,0.47335,0.95696
23.26,70.5,NaN,0.74379,0.43473,0.95463
23.26,73.5,NaN,0.69205,0.3483,0.93889
23.26,76.5,NaN,0.50947,0.16803,0.82686
23.26,79.5,NaN,0.27247,0.027498,0.61667
23.26,82.5,NaN,0.11676,0.0024504,0.35555
23.26,85.5,NaN,0.046925,0.00016448,0.18052
23.26,88.5,NaN,0.021584,1.1245e-05,0.098272
23.26,91.5,0,0.012971,1.0958e-06,0.06378
23.26,94.5,NaN,0.010615,2.9929e-07,0.052623
23.26,97.5,NaN,0.0051481,1.4632e-08,0.026417
23.26,100.5,0,0.0019038,2.5023e-10,0.0094456
23.26,103.5,0,0.0015542,1.1542e-10,0.0077878
23.26,106.5,0,0.0039442,1.5112e-09,0.020561
23.26,109.5,0,0.0059954,5.5392e-09,0.030868
23.26,112.5,NaN,0.0050069,1.5068e-08,0.025483
23.26,115.5,NaN,0.0038587,1.9658e-08,0.019179
26.59,-106.5,NaN,0.67828,0.37798,0.90751
26.59,-103.5,NaN,0.43213,0.1463,0.75267
26.59,-100.5,NaN,0.36046,0.081231,0.71478
26.59,-97.5,NaN,0.33092,0.08288,0.65112
26.59,-10.5,NaN,0.39783,0.14941,0.67827
26.59,-7.5,1,0.46047,0.18858,0.74461
26.59,-4.5,1,0.58847,0.29021,0.85227
26.59,-1.5,NaN,0.64212,0.34379,0.88585
26.59,1.5,NaN,0.7027,0.41526,0.91681
26.59,4.5,NaN,0.68785,0.4029,0.90672
26.59,7.5,NaN,0.6445,0.37199,0.8717
26.59,10.5,NaN,0.59469,0.33769,0.82577
26.59,13.5,NaN,0.58446,0.32452,0.82502
26.59,16.5,NaN,0.61393,0.34497,0.85723
26.59,19.5,0,0.73372,0.46202,0.93469
26.59,22.5,NaN,0.74057,0.49094,0.93052
26.59,25.5,NaN,0.76866,0.52427,0.9448
26.59,28.5,NaN,0.82663,0.60968,0.96831
26.59,34.5,NaN,0.80188,0.53262,0.97405
26.59,37.5,NaN,0.80931,0.50879,0.98088
26.59,40.5,NaN,0.91943,0.77005,0.99394
26.59,55.5,1,0.93067,0.78363,0.99684
26.59,58.5,NaN,0.90273,0.72801,0.99262
26.59,61.5,NaN,0.7853,0.51627,0.96334
26.59,64.5,NaN,0.7367,0.45145,0.94506
26.59,67.5,NaN,0.61966,0.30728,0.88712
26.59,70.5,NaN,0.78576,0.49985,0.9697
26.59,73.5,NaN,0.55771,0.21538,0.86071
26.59,76.5,0,0.46528,0.11744,0.81168
26.59,79.5,NaN,0.35308,0.048761,0.72574
26.59,82.5,NaN,0.1921,0.009719,0.49694
26.59,85.5,NaN,0.095042,0.001326,0.30092
26.59,88.5,NaN,0.047434,0.00014703,0.1761
26.59,91.5,NaN,0.026089,1.5864e-05,0.11044
26.59,94.5,0,0.016233,1.3094e-06,0.073386
26.59,97.5,0,0.0071171,6.6223e-08,0.035674
26.59,100.5,0,0.0032821,5.9411e-09,0.016703
26.59,103.5,0,0.0043975,1.2808e-08,0.022003
26.59,106.5,0,0.0025546,2.1851e-09,0.012504
26.59,109.5,0,0.013923,1.3822e-07,0.071919
26.59,112.5,NaN,0.012165,1.5677e-07,0.061012
26.59,115.5,0,0.010304,6.8045e-08,0.051874
26.59,118.5,NaN,0.0063717,3.0075e-08,0.032865
26.59,121.5,0,0.0064376,2.6432e-08,0.032519
30.02,-109.5,NaN,0.7882,0.51029,0.96598
30.02,-106.5,NaN,0.59544,0.27495,0.88693
30.02,-103.5,1,0.6775,0.35171,0.93225
30.02,-100.5,NaN,0.56472,0.22687,0.87127
30.02,-97.5,NaN,0.6563,0.35263,0.9013
30.02,-85.5,0,0.52048,0.21441,0.81274
30.02,-7.5,0,0.32431,0.10046,0.59979
30.02,-4.5,0,0.34595,0.11425,0.62697
30.02,-1.5,NaN,0.35521,0.12554,0.62313
30.02,1.5,0,0.49926,0.24304,0.75055
30.02,4.5,1,0.44892,0.20888,0.69825
30.02,7.5,NaN,0.44099,0.21788,0.67634
30.02,10.5,NaN,0.4239,0.20649,0.65715
30.02,13.5,1,0.41471,0.17082,0.68382
30.02,22.5,1,0.56413,0.29348,0.81809
30.02,31.5,1,0.73511,0.48898,0.92918
30.02,37.5,NaN,0.82827,0.60896,0.97203
30.02,40.5,1,0.86855,0.67298,0.98548
30.02,43.5,1,0.92253,0.77341,0.9958
30.02,46.5,NaN,0.89664,0.72255,0.99173
30.02,49.5,NaN,0.93735,0.80816,0.99699
30.02,52.5,NaN,0.88332,0.70175,0.98768
30.02,55.5,NaN,0.93973,0.81732,0.99669
30.02,58.5,NaN,0.93772,0.81563,0.99604
30.02,61.5,NaN,0.87236,0.69274,0.9812
30.02,64.5,NaN,0.87771,0.70199,0.98267
30.02,67.5,NaN,0.7968,0.56765,0.95698
30.02,70.5,NaN,0.63374,0.31129,0.89735
30.02,73.5,NaN,0.62284,0.28954,0.89449
30.02,76.5,NaN,0.61242,0.26318,0.89807
30.02,79.5,NaN,0.59819,0.2195,0.90689
30.02,82.5,NaN,0.40704,0.082142,0.75614
30.02,85.5,0,0.27266,0.026753,0.61344
30.02,88.5,NaN,0.18211,0.0090576,0.47272
30.02,91.5,NaN,0.12559,0.0027047,0.36893
30.02,94.5,NaN,0.093622,0.0006862,0.30912
30.02,97.5,0,0.053463,8.9155e-05,0.2079
30.02,100.5,0,0.065423,0.00010606,0.25225
30.02,103.5,0,0.023362,4.7255e-06,0.10291
30.02,106.5,0,0.036707,2.6561e-05,0.15158
30.02,109.5,NaN,0.053986,5.0242e-05,0.22398
30.02,112.5,NaN,0.039067,2.0349e-05,0.17045
30.02,115.5,0,0.030141,7.6895e-06,0.13824
30.02,118.5,NaN,0.020604,1.9102e-06,0.099159
30.02,121.5,0,0.015594,3.685e-07,0.079875
30.02,124.5,0,0.014048,3.0748e-07,0.071666
33.57,-112.5,1,0.78078,0.47482,0.97364
33.57,-109.5,1,0.65512,0.32517,0.92681
33.57,-106.5,1,0.74851,0.44667,0.95999
33.57,-103.5,1,0.89576,0.70675,0.99123
33.57,-100.5,NaN,0.86601,0.6447,0.9861
33.57,-97.5,NaN,0.78032,0.52337,0.9565
33.57,-94.5,NaN,0.67163,0.38975,0.90145
33.57,-91.5,NaN,0.56295,0.26387,0.83763
33.57,-88.5,NaN,0.50615,0.20859,0.79893
33.57,-85.5,NaN,0.5306,0.22593,0.81183
33.57,-82.5,NaN,0.35257,0.084429,0.67768
33.57,-4.5,0,0.36458,0.14751,0.61827
33.57,-1.5,1,0.35982,0.13953,0.61797
33.57,1.5,NaN,0.2988,0.12138,0.50912
33.57,4.5,NaN,0.30066,0.12158,0.51474
33.57,7.5,NaN,0.31814,0.14353,0.51958
33.57,10.5,0,0.28304,0.11012,0.49776
33.57,13.5,0,0.29563,0.11274,0.52335
33.57,22.5,0,0.44234,0.19831,0.70144
33.57,25.5,1,0.50922,0.24878,0.76977
33.57,40.5,1,0.7524,0.49466,0.94449
33.57,43.5,NaN,0.72582,0.45373,0.93759
33.57,46.5,1,0.73341,0.43386,0.95631
33.57,49.5,1,0.74278,0.44312,0.96019
33.57,52.5,1,0.86545,0.64073,0.98954
33.57,55.5,NaN,0.91067,0.74871,0.99445
33.57,58.5,NaN,0.8189,0.58446,0.97327
33.57,61.5,NaN,0.89181,0.71926,0.98981
33.57,64.5,NaN,0.84864,0.63993,0.98065
33.57,67.5,1,0.82661,0.58702,0.9781
33.57,70.5,NaN,0.81233,0.56231,0.97148
33.57,73.5,NaN,0.80971,0.55724,0.97211
33.57,76.5,NaN,0.8113,0.54636,0.97485
33.57,79.5,NaN,0.81415,0.53025,0.9799
33.57,82.5,NaN,0.74839,0.42536,0.96214
33.57,85.5,NaN,0.65886,0.31481,0.92582
33.57,88.5,NaN,0.57268,0.21901,0.88032
33.57,91.5,NaN,0.49948,0.14839,0.83635
33.57,94.5,NaN,0.53774,0.1728,0.86901
33.57,97.5,NaN,0.40919,0.084746,0.76495
33.57,100.5,NaN,0.37826,0.066435,0.7346
33.57,103.5,NaN,0.21251,0.017772,0.52103
33.57,106.5,NaN,0.098419,0.0029042,0.2967
33.57,109.5,NaN,0.061689,0.00079192,0.21038
33.57,112.5,NaN,0.079965,0.00099968,0.26905
33.57,115.5,NaN,0.048015,0.0001392,0.18801
33.57,118.5,0,0.033953,2.2461e-05,0.1485
33.57,121.5,0,0.026863,5.9125e-06,0.12522
33.57,130.5,NaN,0.0087471,2.0531e-07,0.04314
33.57,133.5,NaN,0.0096467,2.2338e-07,0.047775
37.27,-112.5,0,0.72071,0.44938,0.92898
37.27,-109.5,1,0.71643,0.46816,0.91575
37.27,-106.5,1,0.68063,0.40644,0.91036
37.27,-103.5,NaN,0.89523,0.73261,0.98673
37.27,-100.5,1,0.8607,0.64814,0.98181
37.27,-97.5,1,0.79461,0.5537,0.95704
37.27,-94.5,NaN,0.6988,0.42813,0.91067
37.27,-91.5,NaN,0.63258,0.349,0.86956
37.27,-88.5,NaN,0.57699,0.27678,0.83837
37.27,-85.5,NaN,0.5594,0.24052,0.83179
37.27,-82.5,NaN,0.431,0.12441,0.75502
37.27,-79.5,NaN,0.28335,0.039791,0.62195
37.27,-76.5,NaN,0.15725,0.0049948,0.47448
37.27,-67.5,0,0.20181,0.0046417,0.58641
37.27,-7.5,0,0.38696,0.15105,0.65563
37.27,-4.5,1,0.36949,0.13489,0.64612
37.27,-1.5,1,0.38901,0.15423,0.65513
37.27,4.5,1,0.355,0.1535,0.5929
37.27,10.5,0,0.38371,0.1668,0.62296
37.27,13.5,0,0.30835,0.11765,0.53755
37.27,16.5,0,0.33295,0.13388,0.56491
37.27,19.5,0,0.38325,0.15752,0.63919
37.27,22.5,0,0.25474,0.06765,0.50119
37.27,25.5,1,0.26716,0.094105,0.48681
37.27,28.5,1,0.21668,0.051582,0.45147
37.27,31.5,0,0.23685,0.06191,0.4779
37.27,34.5,0,0.29347,0.085162,0.56061
37.27,37.5,0,0.34913,0.11968,0.62577
37.27,40.5,0,0.47405,0.21138,0.74449
37.27,43.5,NaN,0.44646,0.1724,0.75359
37.27,46.5,NaN,0.55136,0.27208,0.82842
37.27,55.5,NaN,0.62494,0.31582,0.89667
37.27,58.5,NaN,0.80663,0.54721,0.97433
37.27,61.5,NaN,0.82925,0.5882,0.97984
37.27,64.5,NaN,0.88849,0.6973,0.99137
37.27,67.5,NaN,0.90764,0.74396,0.99383
37.27,70.5,NaN,0.90967,0.74716,0.99462
37.27,73.5,NaN,0.87902,0.67169,0.99255
37.27,76.5,NaN,0.95987,0.85849,0.99933
37.27,79.5,NaN,0.96891,0.88206,0.99973
37.27,82.5,NaN,0.97483,0.89566,0.9999
37.27,85.5,NaN,0.96621,0.87275,0.99974
37.27,88.5,1,0.92642,0.74892,0.99872
37.27,91.5,NaN,0.88497,0.64748,0.99652
37.27,94.5,NaN,0.88384,0.64605,0.99649
37.27,97.5,NaN,0.82712,0.54389,0.98952
37.27,100.5,1,0.78305,0.47702,0.98193
37.27,103.5,1,0.63257,0.27969,0.93474
37.27,106.5,NaN,0.43749,0.11833,0.80323
37.27,109.5,NaN,0.17158,0.0098983,0.47996
37.27,112.5,NaN,0.10542,0.0020967,0.34376
37.27,115.5,NaN,0.11651,0.001687,0.37652
37.27,118.5,NaN,0.087599,0.00027927,0.31722
37.27,121.5,0,0.044205,1.8371e-05,0.19367
37.27,127.5,0,0.021052,2.4917e-07,0.10556
37.27,130.5,0,0.016147,4.6321e-08,0.082517
37.27,136.5,0,0.014025,7.1685e-09,0.075974
41.17,-115.5,0,0.37689,0.11761,0.67622
41.17,-112.5,0,0.48692,0.20721,0.76662
41.17,-109.5,NaN,0.42975,0.18393,0.68806
41.17,-106.5,0,0.3937,0.13145,0.69074
41.17,-103.5,NaN,0.7137,0.45314,0.91341
41.17,-100.5,NaN,0.72687,0.43443,0.93352
41.17,-97.5,1,0.65645,0.35946,0.89533
41.17,-94.5,NaN,0.602,0.31149,0.85256
41.17,-91.5,NaN,0.56668,0.2712,0.82845
41.17,-88.5,NaN,0.53587,0.22925,0.81568
41.17,-85.5,NaN,0.52481,0.20506,0.81604
41.17,-82.5,NaN,0.41016,0.11171,0.72861
41.17,-79.5,NaN,0.29821,0.048374,0.62459
41.17,-76.5,NaN,0.22383,0.01978,0.54536
41.17,-73.5,NaN,0.11899,0.002264,0.38516
41.17,-64.5,0,0.1389,0.0013958,0.47093
41.17,-7.5,NaN,0.38801,0.16089,0.64111
41.17,-4.5,NaN,0.38217,0.15434,0.6452
41.17,-1.5,0,0.45049,0.19328,0.72403
41.17,1.5,1,0.5124,0.25529,0.77185
41.17,4.5,0,0.47849,0.24349,0.72708
41.17,10.5,0,0.59687,0.36437,0.80986
41.17,13.5,0,0.48373,0.26345,0.71012
41.17,16.5,0,0.56889,0.33486,0.79041
41.17,19.5,1,0.49062,0.2509,0.73049
41.17,22.5,1,0.40495,0.17778,0.65172
41.17,25.5,0,0.46189,0.21401,0.7151
41.17,37.5,0,0.4046,0.15186,0.69152
41.17,43.5,0,0.54847,0.26803,0.8132
41.17,64.5,NaN,0.84718,0.58948,0.9891
41.17,67.5,1,0.90944,0.71299,0.99747
41.17,70.5,NaN,0.94313,0.79773,0.99927
41.17,73.5,1,0.96645,0.86629,0.99986
41.17,76.5,NaN,0.97747,0.90347,0.99995
41.17,79.5,NaN,0.97459,0.89397,0.99995
41.17,82.5,1,0.98321,0.92328,0.99999
41.17,85.5,NaN,0.98695,0.93798,1
41.17,88.5,1,0.98393,0.92288,1
41.17,91.5,NaN,0.98767,0.94024,1
41.17,94.5,1,0.97005,0.86932,0.99996
41.17,97.5,NaN,0.95183,0.81636,0.99975
41.17,100.5,1,0.90214,0.68518,0.99845
41.17,103.5,1,0.83026,0.54491,0.99267
41.17,106.5,NaN,0.57172,0.20752,0.91682
41.17,109.5,NaN,0.32283,0.042174,0.72
41.17,112.5,NaN,0.24129,0.017906,0.59898
41.17,115.5,NaN,0.17097,0.0048173,0.48459
41.17,118.5,NaN,0.12445,0.0011605,0.39541
41.17,121.5,NaN,0.065628,7.128e-05,0.2529
41.17,124.5,NaN,0.03379,2.6211e-06,0.15679
41.17,127.5,0,0.013412,1.6733e-08,0.071933
41.17,133.5,0,0.011497,4.7258e-10,0.066631
41.17,136.5,0,0.011054,8.931e-11,0.063388
41.17,139.5,0,0.0060953,2.8704e-11,0.034681
45.32,-118.5,NaN,0.081969,0.0037453,0.25738
45.32,-115.5,NaN,0.15979,0.017151,0.41117
45.32,-112.5,0,0.19263,0.029564,0.44918
45.32,-109.5,1,0.13465,0.013787,0.35687
45.32,-106.5,0,0.22437,0.042995,0.491
45.32,-103.5,NaN,0.45478,0.14927,0.77189
45.32,-100.5,0,0.52629,0.17735,0.85294
45.32,-97.5,NaN,0.49895,0.16491,0.82334
45.32,-94.5,1,0.4704,0.15095,0.7945
45.32,-91.5,NaN,0.47429,0.15514,0.79439
45.32,-88.5,NaN,0.47446,0.15012,0.79765
45.32,-85.5,NaN,0.37691,0.089898,0.71178
45.32,-82.5,NaN,0.30236,0.057772,0.61904
45.32,-79.5,NaN,0.24533,0.038063,0.53861
45.32,-76.5,NaN,0.20699,0.02524,0.48083
45.32,-73.5,NaN,0.16993,0.014271,0.43047
45.32,-70.5,NaN,0.12359,0.0058519,0.35466
45.32,-67.5,NaN,0.060046,0.00065909,0.22489
45.32,-64.5,NaN,0.09679,0.0026644,0.30658
45.32,-61.5,NaN,0.10387,0.0031699,0.32299
45.32,-58.5,NaN,0.0809,0.0018355,0.26784
45.32,1.5,0,0.41511,0.16987,0.68063
45.32,4.5,1,0.4954,0.23943,0.75581
45.32,7.5,0,0.42719,0.19827,0.67631
45.32,10.5,1,0.56127,0.30952,0.79952
45.32,13.5,1,0.53305,0.28568,0.77787
45.32,16.5,1,0.44749,0.20696,0.69804
45.32,19.5,1,0.50656,0.2524,0.75883
45.32,22.5,1,0.3967,0.1567,0.66762
45.32,25.5,1,0.44965,0.20138,0.71444
45.32,28.5,NaN,0.40234,0.16881,0.66596
45.32,31.5,0,0.36401,0.14205,0.62476
45.32,55.5,0,0.57114,0.2499,0.86779
45.32,58.5,NaN,0.61477,0.27957,0.90033
45.32,61.5,NaN,0.6875,0.3563,0.94003
45.32,64.5,NaN,0.78233,0.48635,0.97499
45.32,67.5,NaN,0.86076,0.62161,0.99126
45.32,70.5,NaN,0.90555,0.71293,0.99723
45.32,73.5,NaN,0.93849,0.785,0.99925
45.32,76.5,1,0.96117,0.84625,0.99984
45.32,79.5,NaN,0.97226,0.88454,0.99994
45.32,82.5,NaN,0.98008,0.91271,0.99998
45.32,85.5,1,0.98349,0.92509,0.99999
45.32,88.5,NaN,0.97451,0.88715,0.99997
45.32,91.5,NaN,0.98365,0.92547,0.99999
45.32,94.5,NaN,0.95677,0.82607,0.99981
45.32,97.5,NaN,0.90341,0.6899,0.99796
45.32,100.5,NaN,0.88581,0.65539,0.99634
45.32,103.5,NaN,0.79537,0.49028,0.98366
45.32,106.5,NaN,0.66844,0.30211,0.94797
45.32,109.5,NaN,0.52405,0.14972,0.87703
45.32,112.5,NaN,0.3779,0.052673,0.76746
45.32,115.5,NaN,0.18824,0.005922,0.51147
45.32,118.5,NaN,0.13327,0.001116,0.42237
45.32,121.5,NaN,0.071886,6.5414e-05,0.28347
45.32,124.5,NaN,0.041028,2.6476e-06,0.19277
45.32,127.5,0,0.027707,1.006e-07,0.14592
45.32,130.5,NaN,0.013987,2.6687e-09,0.079248
45.32,133.5,0,0.004557,4.5891e-12,0.025083
45.32,139.5,0,0.0035998,1.6794e-13,0.019424
45.32,142.5,0,0.0025448,1.0565e-13,0.013706
49.8,-118.5,NaN,0.017034,4.2648e-06,0.084513
49.8,-115.5,0,0.018812,5.7464e-06,0.093289
49.8,-112.5,NaN,0.026281,3.26e-05,0.11858
49.8,-109.5,NaN,0.071225,0.00095103,0.255
49.8,-106.5,NaN,0.17053,0.0072891,0.48022
49.8,-103.5,NaN,0.22493,0.015657,0.57079
49.8,-100.5,NaN,0.28978,0.027417,0.67406
49.8,-97.5,NaN,0.35858,0.041004,0.77194
49.8,-94.5,NaN,0.43325,0.057012,0.85185
49.8,-91.5,NaN,0.47598,0.078125,0.87214
49.8,-88.5,NaN,0.37801,0.048362,0.78031
49.8,-85.5,NaN,0.32857,0.042716,0.70198
49.8,-82.5,NaN,0.28709,0.036022,0.63482
49.8,-79.5,NaN,0.23319,0.025231,0.55101
49.8,-76.5,NaN,0.19292,0.019356,0.47543
49.8,-73.5,NaN,0.16471,0.01519,0.41754
49.8,-70.5,NaN,0.13572,0.010458,0.3581
49.8,-67.5,NaN,0.12495,0.0084993,0.33597
49.8,-64.5,NaN,0.12609,0.008333,0.33793
49.8,-61.5,NaN,0.099884,0.0051247,0.28186
49.8,-58.5,NaN,0.088813,0.0040713,0.25545
49.8,-55.5,NaN,0.073908,0.0027929,0.22191
49.8,-52.5,NaN,0.075439,0.0029224,0.22767
49.8,-49.5,NaN,0.041722,0.00055116,0.14913
49.8,-4.5,NaN,0.10485,0.0061333,0.29777
49.8,-1.5,NaN,0.14181,0.010094,0.38062
49.8,1.5,NaN,0.10309,0.0053723,0.29974
49.8,4.5,0,0.10852,0.0056194,0.3095
49.8,7.5,0,0.15798,0.011338,0.41341
49.8,10.5,0,0.18166,0.018299,0.44075
49.8,13.5,0,0.20457,0.028408,0.46489
49.8,16.5,0,0.18253,0.028779,0.41385
49.8,19.5,NaN,0.20896,0.046221,0.43308
49.8,22.5,NaN,0.19301,0.043165,0.40935
49.8,25.5,0,0.213,0.054245,0.43037
49.8,28.5,NaN,0.24511,0.073804,0.46398
49.8,31.5,NaN,0.27807,0.093072,0.50503
49.8,34.5,NaN,0.27944,0.08975,0.50959
49.8,37.5,NaN,0.31772,0.11047,0.56026
49.8,40.5,NaN,0.29155,0.087041,0.54245
49.8,43.5,NaN,0.30314,0.090072,0.5651
49.8,46.5,NaN,0.31657,0.090677,0.59684
49.8,49.5,NaN,0.33347,0.091316,0.629
49.8,52.5,NaN,0.37341,0.10891,0.68749
49.8,55.5,NaN,0.38513,0.10703,0.71882
49.8,58.5,1,0.41268,0.11105,0.76378
49.8,61.5,NaN,0.55221,0.22465,0.86379
49.8,64.5,NaN,0.63017,0.3038,0.90974
49.8,67.5,NaN,0.70945,0.39692,0.94794
49.8,70.5,NaN,0.78052,0.4934,0.97387
49.8,73.5,NaN,0.83835,0.58583,0.98808
49.8,76.5,1,0.88221,0.66308,0.99516
49.8,79.5,NaN,0.90861,0.71786,0.99745
49.8,82.5,NaN,0.92692,0.7566,0.9987
49.8,85.5,NaN,0.93621,0.77076,0.99928
49.8,88.5,NaN,0.91337,0.69554,0.99872
49.8,91.5,NaN,0.92073,0.71016,0.99908
49.8,94.5,NaN,0.90831,0.67002,0.99884
49.8,97.5,NaN,0.79768,0.44409,0.98834
49.8,100.5,NaN,0.72962,0.3532,0.97216
49.8,103.5,NaN,0.6993,0.31254,0.96191
49.8,106.5,NaN,0.6045,0.20123,0.9259
49.8,109.5,NaN,0.42592,0.079013,0.80632
49.8,112.5,NaN,0.31679,0.028452,0.70312
49.8,115.5,NaN,0.2244,0.0073244,0.59425
49.8,118.5,NaN,0.095328,0.00033464,0.34898
49.8,121.5,NaN,0.099609,0.00013374,0.3777
49.8,124.5,NaN,0.072099,1.0812e-05,0.31623
49.8,127.5,0,0.033989,1.4017e-07,0.17552
49.8,130.5,0,0.014969,1.1016e-09,0.086214
49.8,133.5,NaN,0.010167,1.1195e-10,0.059941
49.8,136.5,0,0.0043353,6.5909e-13,0.023792
49.8,142.5,0,0.0063602,7.3682e-13,0.033929
54.75,-124.5,NaN,0.012441,6.601e-09,0.066552
54.75,-121.5,0,0.012218,2.416e-09,0.065766
54.75,-118.5,NaN,0.01363,9.553e-09,0.072536
54.75,-115.5,NaN,0.020276,1.013e-07,0.10759
54.75,-112.5,0,0.052414,3.2436e-06,0.25607
54.75,-109.5,NaN,0.093785,5.2527e-05,0.39366
54.75,-106.5,NaN,0.11827,0.00023333,0.44073
54.75,-103.5,NaN,0.15132,0.00075999,0.50961
54.75,-100.5,NaN,0.19362,0.00204,0.59341
54.75,-97.5,NaN,0.24467,0.0046028,0.68262
54.75,-94.5,NaN,0.30316,0.0089083,0.76726
54.75,-91.5,NaN,0.36614,0.014735,0.84766
54.75,-88.5,NaN,0.3243,0.009515,0.8076
54.75,-85.5,NaN,0.28065,0.00834,0.7333
54.75,-82.5,NaN,0.23838,0.007003,0.64974
54.75,-79.5,NaN,0.19916,0.0056458,0.56506
54.75,-76.5,NaN,0.16382,0.0045992,0.48073
54.75,-73.5,NaN,0.13421,0.003737,0.40291
54.75,-70.5,NaN,0.10265,0.0023604,0.32178
54.75,-67.5,NaN,0.077573,0.0014276,0.25348
54.75,-64.5,NaN,0.058383,0.00081708,0.19906
54.75,-61.5,NaN,0.044037,0.00047316,0.15696
54.75,-58.5,NaN,0.033263,0.00027946,0.12309
54.75,-55.5,NaN,0.024421,0.00012414,0.096085
54.75,-52.5,NaN,0.020247,8.9094e-05,0.081437
54.75,-7.5,0,0.031012,2.4363e-05,0.14199
54.75,-4.5,NaN,0.023937,2.1164e-05,0.11047
54.75,7.5,0,0.035531,6.3408e-05,0.15672
54.75,13.5,NaN,0.052542,0.00056596,0.1916
54.75,16.5,NaN,0.081884,0.002144,0.2606
54.75,19.5,NaN,0.12643,0.0064964,0.35055
54.75,22.5,NaN,0.15354,0.012074,0.38805
54.75,25.5,NaN,0.16581,0.0168,0.40367
54.75,28.5,NaN,0.19137,0.023986,0.44204
54.75,31.5,NaN,0.2219,0.031752,0.48988
54.75,34.5,NaN,0.25504,0.039281,0.54721
54.75,37.5,NaN,0.26822,0.042426,0.57187
54.75,40.5,NaN,0.25929,0.037013,0.56528
54.75,43.5,NaN,0.26162,0.035394,0.57762
54.75,46.5,NaN,0.26087,0.030844,0.59087
54.75,49.5,0,0.25542,0.022798,0.60435
54.75,52.5,0,0.20078,0.013096,0.53036
54.75,55.5,NaN,0.24575,0.027961,0.57807
54.75,58.5,NaN,0.31929,0.056893,0.66369
54.75,61.5,NaN,0.38501,0.091567,0.72707
54.75,64.5,NaN,0.49997,0.17216,0.82596
54.75,67.5,NaN,0.55746,0.22074,0.86506
54.75,70.5,NaN,0.61569,0.27686,0.9017
54.75,73.5,NaN,0.67132,0.33181,0.93165
54.75,76.5,NaN,0.61432,0.26736,0.90797
54.75,79.5,NaN,0.62495,0.27901,0.91116
54.75,82.5,NaN,0.63367,0.28696,0.91517
54.75,85.5,NaN,0.64019,0.2904,0.91884
54.75,88.5,NaN,0.644,0.28872,0.92451
54.75,91.5,NaN,0.58482,0.22836,0.89506
54.75,94.5,NaN,0.62969,0.25378,0.92615
54.75,97.5,NaN,0.62047,0.22474,0.92929
54.75,100.5,NaN,0.56471,0.1671,0.90287
54.75,103.5,NaN,0.51896,0.12386,0.88125
54.75,106.5,0,0.45709,0.079881,0.84627
54.75,109.5,NaN,0.28656,0.025689,0.66282
54.75,112.5,NaN,0.21495,0.012145,0.55293
54.75,115.5,NaN,0.12979,0.0029937,0.3999
54.75,118.5,NaN,0.10022,0.0010514,0.33983
54.75,121.5,NaN,0.060718,0.00015939,0.23811
54.75,124.5,NaN,0.036547,1.7459e-05,0.16199
54.75,127.5,0,0.017898,5.9097e-07,0.088627
54.75,130.5,NaN,0.005602,3.2966e-09,0.028495
54.75,133.5,NaN,0.0064054,2.483e-09,0.033483
54.75,136.5,NaN,0.0046209,2.0906e-10,0.023021
54.75,142.5,0,0.00346,2.7677e-12,0.017008
54.75,157.5,0,0.0046903,1.5711e-13,0.025509
60.42,-154.5,NaN,0.014495,2.7538e-11,0.081351
60.42,-151.5,0,0.010978,2.8441e-12,0.061375
60.42,-130.5,0,0.0056504,2.6735e-12,0.030878
60.42,-127.5,NaN,0.0079093,1.8402e-11,0.042504
60.42,-124.5,0,0.011083,6.0902e-11,0.060268
60.42,-121.5,NaN,0.032536,1.589e-08,0.17329
60.42,-118.5,NaN,0.068121,4.443e-07,0.33913
60.42,-115.5,NaN,0.081932,1.829e-06,0.38393
60.42,-112.5,NaN,0.09995,6.748e-06,0.44111
60.42,-109.5,NaN,0.1171,2.5e-05,0.48744
60.42,-106.5,NaN,0.13692,6.8134e-05,0.53514
60.42,-103.5,NaN,0.16191,0.00016538,0.58554
60.42,-100.5,NaN,0.19309,0.00039018,0.64951
60.42,-97.5,NaN,0.23007,0.00084591,0.71586
60.42,-94.5,NaN,0.27245,0.001494,0.78394
60.42,-91.5,NaN,0.21526,0.00077834,0.69041
60.42,-88.5,NaN,0.18164,0.00072546,0.59823
60.42,-85.5,NaN,0.15018,0.00064349,0.5111
60.42,-82.5,NaN,0.12142,0.00055199,0.42617
60.42,-79.5,NaN,0.0965,0.00044764,0.34401
60.42,-76.5,NaN,0.074258,0.00032117,0.27366
60.42,-73.5,NaN,0.056698,0.00022624,0.21137
60.42,-70.5,NaN,0.041874,0.00013784,0.16058
60.42,-67.5,NaN,0.030538,7.8653e-05,0.11916
60.42,-64.5,NaN,0.022093,3.9874e-05,0.090128
60.42,-61.5,NaN,0.015926,1.9898e-05,0.06844
60.42,-58.5,NaN,0.011658,7.9778e-06,0.053136
60.42,-37.5,NaN,0.013016,1.4877e-05,0.056786
60.42,-1.5,0,0.0075527,1.5633e-07,0.040659
60.42,7.5,NaN,0.016895,1.0021e-05,0.080478
60.42,10.5,NaN,0.016762,1.4993e-05,0.077705
60.42,13.5,NaN,0.026973,6.069e-05,0.11514
60.42,16.5,NaN,0.03903,0.00019492,0.1537
60.42,19.5,NaN,0.050079,0.00043607,0.18553
60.42,22.5,NaN,0.064435,0.00090526,0.22386
60.42,25.5,NaN,0.042935,0.0005623,0.15299
60.42,28.5,NaN,0.035492,0.00044664,0.12887
60.42,31.5,NaN,0.031124,0.00038289,0.11498
60.42,34.5,NaN,0.031762,0.00044234,0.11586
60.42,37.5,NaN,0.033722,0.00052366,0.12317
60.42,40.5,NaN,0.038876,0.0007033,0.13742
60.42,43.5,NaN,0.051439,0.0013484,0.17258
60.42,46.5,NaN,0.06071,0.0018804,0.19695
60.42,49.5,NaN,0.069842,0.0026113,0.22153
60.42,52.5,NaN,0.085546,0.0039897,0.25784
60.42,55.5,NaN,0.082253,0.0039111,0.25234
60.42,58.5,NaN,0.064689,0.0022484,0.2133
60.42,61.5,NaN,0.080559,0.0040115,0.24577
60.42,64.5,NaN,0.12592,0.011097,0.33861
60.42,67.5,NaN,0.15141,0.016523,0.38487
60.42,70.5,NaN,0.18137,0.023897,0.43713
60.42,73.5,NaN,0.16422,0.019886,0.40943
60.42,76.5,NaN,0.17242,0.020519,0.42888
60.42,79.5,NaN,0.18328,0.021249,0.45149
60.42,82.5,1,0.19566,0.02064,0.48
60.42,85.5,NaN,0.20549,0.023928,0.4928
60.42,88.5,NaN,0.21647,0.025229,0.51294
60.42,91.5,NaN,0.22801,0.025913,0.53544
60.42,94.5,NaN,0.24001,0.025398,0.56414
60.42,97.5,NaN,0.21397,0.018049,0.5306
60.42,100.5,NaN,0.19484,0.012121,0.50819
60.42,103.5,NaN,0.17865,0.0076564,0.49698
60.42,106.5,0,0.1661,0.004629,0.49719
60.42,109.5,0,0.14589,0.0030286,0.46003
60.42,112.5,NaN,0.12212,0.0021671,0.39544
60.42,115.5,NaN,0.0918,0.0010903,0.32802
60.42,118.5,NaN,0.05942,0.00031041,0.23984
60.42,121.5,NaN,0.038079,6.6738e-05,0.16671
60.42,124.5,NaN,0.024474,1.1493e-05,0.11317
60.42,127.5,0,0.016177,1.5744e-06,0.079506
60.42,130.5,NaN,0.010624,1.6812e-07,0.053795
60.42,133.5,NaN,0.0051317,5.2327e-09,0.02612
60.42,136.5,NaN,0.003058,1.3747e-10,0.014941
60.42,139.5,NaN,0.0030385,1.5688e-11,0.014738
60.42,142.5,0,0.0045536,1.306e-11,0.02415
60.42,145.5,NaN,0.0033992,1.0612e-12,0.017922
60.42,148.5,NaN,0.0038643,6.2715e-13,0.020224
60.42,151.5,NaN,0.00345,9.0289e-14,0.017355
60.42,157.5,0,0.0072459,4.0873e-14,0.037677
60.42,166.5,0,0.0086636,2.6712e-14,0.046501
67.4,-178.5,NaN,0.038602,5.4439e-16,0.23547
67.4,-175.5,0,0.030843,8.8034e-18,0.2007
67.4,-172.5,0,0.034259,3.9101e-17,0.2144
67.4,-169.5,NaN,0.029412,9.467e-16,0.17765
67.4,-166.5,NaN,0.026488,9.6834e-15,0.15813
67.4,-163.5,NaN,0.022083,3.3019e-14,0.12951
67.4,-160.5,NaN,0.022233,1.2086e-13,0.13196
67.4,-157.5,NaN,0.024349,4.8251e-13,0.14326
67.4,-154.5,NaN,0.027944,1.7345e-12,0.1658
67.4,-151.5,NaN,0.025218,1.8213e-12,0.14737
67.4,-148.5,NaN,0.023704,9.3136e-13,0.1338
67.4,-145.5,0,0.022327,2.3711e-13,0.12815
67.4,-142.5,0,0.023159,8.5455e-14,0.13326
67.4,-139.5,0,0.012926,2.3756e-15,0.07324
67.4,-136.5,0,0.014349,4.8705e-15,0.083895
67.4,-133.5,0,0.012682,6.7322e-15,0.075002
67.4,-130.5,0,0.017333,2.3847e-13,0.10404
67.4,-127.5,NaN,0.013904,1.4066e-12,0.07836
67.4,-124.5,NaN,0.01223,5.571e-12,0.068605
67.4,-121.5,NaN,0.022959,2.9117e-10,0.12811
67.4,-118.5,NaN,0.035663,4.2316e-09,0.19209
67.4,-115.5,NaN,0.041863,1.9982e-08,0.21895
67.4,-112.5,NaN,0.047248,7.2326e-08,0.24095
67.4,-109.5,NaN,0.053941,2.4879e-07,0.26613
67.4,-106.5,NaN,0.058787,6.3306e-07,0.27983
67.4,-103.5,NaN,0.066848,1.7783e-06,0.30743
67.4,-100.5,NaN,0.076698,4.7622e-06,0.33875
67.4,-97.5,NaN,0.088236,1.065e-05,0.37588
67.4,-94.5,NaN,0.081797,1.1407e-05,0.34956
67.4,-91.5,NaN,0.072388,1.2435e-05,0.30815
67.4,-88.5,NaN,0.064185,1.3708e-05,0.27812
67.4,-85.5,NaN,0.057293,1.3635e-05,0.24951
67.4,-82.5,NaN,0.04985,1.2745e-05,0.21271
67.4,-79.5,NaN,0.041732,1.0699e-05,0.17801
67.4,-76.5,NaN,0.034877,8.6037e-06,0.14892
67.4,-73.5,NaN,0.029196,8.3171e-06,0.12787
67.4,-70.5,NaN,0.023263,5.5205e-06,0.10492
67.4,-67.5,NaN,0.018685,3.6359e-06,0.086134
67.4,-64.5,NaN,0.015355,2.6037e-06,0.070789
67.4,-61.5,NaN,0.012481,1.822e-06,0.057627
67.4,-58.5,NaN,0.010331,1.2392e-06,0.049033
67.4,-55.5,NaN,0.0082445,7.1876e-07,0.039132
67.4,-43.5,NaN,0.01543,5.7338e-06,0.069365
67.4,-40.5,NaN,0.017456,8.1171e-06,0.079073
67.4,-37.5,NaN,0.022271,1.6572e-05,0.096224
67.4,-34.5,NaN,0.016239,8.756e-06,0.070641
67.4,-31.5,NaN,0.01539,7.9635e-06,0.067545
67.4,-28.5,NaN,0.011634,3.5916e-06,0.053207
67.4,-25.5,NaN,0.0086652,1.6304e-06,0.041009
67.4,16.5,NaN,0.0064617,1.8273e-06,0.02989
67.4,19.5,NaN,0.006605,2.3215e-06,0.030334
67.4,22.5,NaN,0.0083055,5.8371e-06,0.037219
67.4,25.5,NaN,0.011382,1.6653e-05,0.049571
67.4,28.5,NaN,0.01544,4.9254e-05,0.066945
67.4,31.5,NaN,0.021696,0.00011355,0.088808
67.4,34.5,NaN,0.023327,0.0001486,0.093147
67.4,37.5,NaN,0.01337,3.8759e-05,0.057747
67.4,40.5,NaN,0.011128,2.4154e-05,0.047951
67.4,58.5,NaN,0.025113,0.00017627,0.10362
67.4,61.5,NaN,0.029833,0.00030755,0.11787
67.4,64.5,NaN,0.017996,8.5541e-05,0.076759
67.4,67.5,NaN,0.018641,9.0383e-05,0.080756
67.4,70.5,NaN,0.018872,8.7346e-05,0.08249
67.4,73.5,NaN,0.022907,0.00011868,0.097255
67.4,76.5,NaN,0.028985,0.00021202,0.11837
67.4,79.5,NaN,0.028222,0.00019382,0.11523
67.4,82.5,NaN,0.033563,0.00028426,0.1315
67.4,85.5,NaN,0.039752,0.00038226,0.15337
67.4,88.5,NaN,0.042879,0.00042863,0.16213
67.4,91.5,NaN,0.049229,0.0005135,0.18356
67.4,94.5,NaN,0.037678,0.00030976,0.14722
67.4,97.5,NaN,0.032951,0.00016955,0.1346
67.4,100.5,NaN,0.029558,9.1858e-05,0.12586
67.4,103.5,NaN,0.027337,5.4139e-05,0.12053
67.4,106.5,NaN,0.025533,3.218e-05,0.11465
67.4,109.5,NaN,0.023588,1.8447e-05,0.10746
67.4,112.5,NaN,0.022363,1.0176e-05,0.10419
67.4,115.5,NaN,0.022284,5.8887e-06,0.1059
67.4,118.5,NaN,0.023099,3.6979e-06,0.10929
67.4,121.5,NaN,0.016131,8.2206e-07,0.080008
67.4,124.5,NaN,0.016824,3.3763e-07,0.084548
67.4,127.5,NaN,0.022362,1.9905e-07,0.11256
67.4,130.5,0,0.020637,4.5739e-08,0.10993
67.4,133.5,NaN,0.017264,8.0964e-09,0.092791
67.4,136.5,0,0.01557,1.2381e-09,0.085543
67.4,139.5,NaN,0.013569,3.1495e-10,0.07443
67.4,142.5,NaN,0.013059,9.3695e-11,0.070883
67.4,145.5,NaN,0.013721,2.9945e-11,0.073901
67.4,148.5,NaN,0.012515,4.3083e-12,0.069264
67.4,151.5,0,0.0095365,2.0644e-13,0.049918
67.4,154.5,0,0.008578,5.5777e-14,0.04471
67.4,157.5,NaN,0.0083842,1.2039e-13,0.044928
67.4,160.5,NaN,0.0099014,3.8002e-13,0.054258
67.4,163.5,NaN,0.01002,3.0387e-13,0.057828
67.4,166.5,NaN,0.0051789,2.2747e-14,0.026818
67.4,169.5,NaN,0.0090756,3.1733e-13,0.050286
67.4,172.5,NaN,0.0057713,9.3406e-14,0.029949
67.4,175.5,NaN,0.0043538,6.381e-14,0.022173
67.4,178.5,NaN,0.0062203,3.4182e-13,0.031634
