0.35135
0.35194
0.6275
1
0.52497
0.63021
0.78459
1
1
0.55642
0.63386
0.57693
0.53158
0.47547
0.43641
0.40028
0.36692
0.30766
0.30804
0.28244
0.26933
0.24802
0.22896
0.21196
0.19677
0.1832
0.16387
0.24647
0
0
1
0.442
0.025445
0.076248
0
0
0.01219
0.010654
0
0
0.018269
0.053326
0
0
0.004295
0.0087023
0.013288
0.032024
0.0040698
0.011847
0.024596
0
0
0
0
0
0.0049296
0.0018508
0.016827
0.01455
0
0.0011121
0.00021714
0.0055232
0.009378
0.0077034
0.0043675
0.0026564
0.00046651
0.00010437
0.0010458
0.00035466
8.3577e-05
0.0018024
0.0057963
0.002475
0.0038942
0.0022009
0.010054
0.0084844
0.0060466
0
0.018111
0.039725
0.00040394
8.2618e-05
0.00012363
0.00051366
0.00032559
0.00034225
0.00010825
7.9698e-05
0
0.00017511
0.00042409
0.00058213
0.0021605
0.0044461
0.0071084
0
0
0.00049903
0.0027438
0.0014039
0.00053711
0.00050159
0.0010619
0.004967
0.0090729
0.0023868
0.00018745
3.5737e-05
1.7051e-05
2.5718e-05
1.2988e-05
0.00010214
0.00023179
0
0.00082249
0.0014375
0
0
0
0.00033833
0.0013308
0.00061188
0.00020084
0.00024145
0.00035376
0.00065838
0.0036623
0
0.00066747
0.00023447
1.3969e-05
6.7656e-05
8.287e-06
0.00071878
0.00039056
0.00032446
0.0027697
0.0010258
0.0025662
0.0019553
0.00059363
0.00018341
0.00081599
0.0022779
0.00045183
4.7106e-05
9.2212e-05
0.00010813
0.00016743
0.00035718
0.0019073
0.00055725
0.0031356
0.00044595
9.4334e-05
0.0041187
0
0
0
0.00094943
0.00039314
6.0599e-05
0.0003418
0.00036347
0.00025194
0.0015463
4.1351e-05
3.1732e-05
4.4546e-05
4.8606e-05
5.8152e-05
0.00016099
0.00041508
0.00084564
0.002299
0.0054182
0.00072904
0.00015163
0.00011315
0.00021823
0.00010968
9.2562e-05
9.2536e-05
0.00012575
0.00074792
5.2553e-05
2.7337e-05
1.7318e-05
2.4659e-05
4.5527e-05
3.9832e-05
5.8359e-05
0.00019627
0.0002882
0.00055681
0.012993
0
0.0039503
0.0009597
0.00021126
0.00013289
9.7595e-05
4.8615e-05
1.5616e-05
5.3567e-05
6.5401e-05
8.7661e-05
0.00045595
0.00015468
3.337e-05
1.5234e-05
1.6726e-05
2.651e-05
5.5636e-05
6.1203e-05
0.00013704
0.00043514
0.0012295
0
0.0078419
0
0.0035488
0.00096313
0.00064871
0.00028171
0.00018121
3.2548e-05
4.3864e-05
4.8419e-05
2.0571e-05
1.6321e-05
1.0599e-05
0.00015249
0.00030345
4.8886e-05
2.3183e-05
2.1423e-05
2.9482e-05
3.5744e-05
0.0001021
0.00022433
0.00053634
0
0
0
0
0.0011759
0.00052373
0
0.00026126
0.00034018
0.00018388
0.00011289
4.4548e-05
7.598e-05
3.7629e-05
4.7983e-06
8.5276e-05
0.00030652
2.6363e-05
1.7037e-05
2.0408e-05
4.1141e-05
7.4644e-05
0.00026127
0.00072897
0.0012279
0.0027706
0.00019714
0
0.006472
0
0.00055059
0
0
0.00012628
0.00037893
0.00040521
0.00054331
0.00030066
8.4972e-05
0.00080348
0.00014832
0.00044261
0.0001336
2.5961e-05
2.0475e-05
2.4046e-05
4.6523e-05
0.00010057
0.00031643
0.0018192
0.0036918
0
0
0
0.00013346
0.0033243
0.00039295
0.00082571
0.00046726
0.00016376
7.7859e-05
0.00012646
0.00060022
0.001389
0
6.3391e-05
1.7149e-05
2.3148e-05
7.9818e-05
4.6483e-05
0.00012526
0.00054491
0.0014255
0
0
0
0.00031133
0.00021606
0
0
0
0
0
0.00070041
0
0.00090928
0.00027281
9.2482e-05
0.00058165
0
0.0017175
0.0037746
0
0.00041844
6.9094e-05
1.4474e-05
8.7586e-06
2.2801e-05
5.8958e-05
5.1262e-05
9.6999e-05
0.00017814
0.00042973
0.00076237
0.0010254
0.00010366
0.0012109
0
0.0047759
0
2.1532e-05
0.0027002
0.00031969
0.00056816
0
0.0015263
0.0010866
0.0023733
0.001062
0.0036112
0.0029698
0.00015495
0.00070555
0.00065926
0.00080832
0.0010764
0.00032947
0.00041764
6.8829e-05
7.9208e-06
3.9453e-06
9.053e-06
4.8902e-05
5.3643e-05
4.4576e-05
5.9633e-05
5.3113e-05
2.5086e-05
0.00033691
0
0
0
0
0
0
0
0
0
0
0
0.0057751
0
0.00020592
0.00026475
9.7424e-05
0.00014481
0.00010973
7.116e-05
4.863e-05
1.1779e-05
6.9215e-06
2.1826e-06
1.2087e-06
3.6459e-06
2.6671e-05
3.8163e-05
0.00010524
0.00066805
0
0
0
0
0
0
0
0
0
0
0
0
0
0
0
3.6422e-05
4.8231e-06
1.1566e-05
1.5008e-05
9.4773e-06
2.9837e-06
2.4788e-06
9.474e-07
5.0751e-07
2.2669e-07
2.692e-07
7.6281e-06
1.3003e-05
3.3053e-05
3.9704e-05
0.00085467
0
0
0.00067966
0
1.3971e-05
3.8786e-07
2.1719e-05
1.9973e-05
0
0
0
0.0027593
0
0
0
0
1.3689e-05
3.2541e-06
1.5441e-06
3.4356e-07
3.0329e-07
5.6509e-07
3.529e-07
1.195e-07
9.6986e-08
3.341e-08
2.9561e-08
2.1939e-07
2.3731e-07
1.8763e-07
5.759e-07
1.0717e-06
1.0292e-05
9.3911e-05
0
0.00023141
0
0
2.5949e-07
1.4133e-07
1.9378e-06
3.0102e-05
0.00093712
0
0.00058278
0
0
0.0031397
0.0010312
0.0011801
0
0
0
1.2858e-07
3.1658e-08
1.1941e-08
7.242e-09
1.688e-08
1.2651e-08
8.2858e-09
2.212e-07
7.4272e-08
3.045e-08
1.4769e-08
1.3701e-08
9.6185e-09
3.6896e-08
2.1529e-07
1.939e-06
2.0639e-06
1.1944e-07
2.2967e-06
8.6587e-05
0
0
2.5893e-07
5.4687e-08
9.0642e-06
2.137e-05
0.00010576
0.0010218
0.0019469
0.00086338
0
0.0014281
0
0.004736
0
0
0
1.3046e-07
9.7746e-09
4.9515e-09
4.474e-09
1.2951e-08
2.9849e-07
8.8087e-08
3.1589e-08
2.9264e-08
3.1137e-08
1.8864e-08
1.1658e-08
5.201e-09
1.6164e-08
5.2623e-08
7.7661e-07
4.0145e-05
2.9253e-06
4.0538e-06
0
0
2.9883e-06
1.3215e-05
1.2147e-06
8.7642e-07
2.6928e-05
2.3144e-05
0.00019845
0.0012066
0
0.0011673
0
0.0011157
0.0016855
0.0010904
0.00035806
0.0084571
0.01348
0.0014248
9.2213e-06
3.3339e-06
2.6021e-07
3.7661e-08
1.4951e-08
1.4167e-08
1.0059e-07
1.5778e-07
0
1.023e-06
1.0875e-06
6.9236e-07
8.2384e-07
8.7628e-07
1.1038e-05
0
0
0.00014418
0.00074609
6.7233e-05
0
1.962e-06
7.3498e-07
1.265e-06
8.8687e-07
4.7333e-05
0.00024274
0.00074871
0.0012081
0
0.0010768
0.001401
0
0
0
0
0.0001428
0.0002386
0.0087013
0.0056569
0.01919
0.022474
0.00045221
0
0
4.7268e-06
7.024e-07
7.6265e-07
5.8981e-06
2.9103e-05
0.00010434
0.00079888
0
0.00010479
0.00018605
5.6535e-05
7.2645e-05
0.00048769
3.8252e-05
0
1.2698e-05
8.6054e-05
6.0975e-05
4.6794e-06
2.5873e-07
3.906e-08
0
4.4674e-06
1.5479e-05
3.8219e-05
4.4879e-05
4.9576e-05
0
0
0
0
0
0
0.00010534
0
0.0013547
0
0.027515
0.012457
0
0.038767
0.029551
0
0
0
0.00044994
0
0
0.00021079
0.00033707
0
0
0
1.3271e-05
0
0
0.00061687
4.5947e-05
0.00010486
1.7876e-05
1.3068e-05
1.5369e-05
1.0712e-05
8.3185e-06
6.3499e-06
1.172e-06
1.6636e-07
1.9935e-08
3.1617e-07
0
3.8846e-07
1.7317e-07
8.4655e-08
0
0
0
0
7.8025e-06
1.4762e-05
0
0.00063749
0
0
0
0
0
0
0.034173
0.035758
0.05041
0.067212
0.042574
0.0045634
0.022995
0
0
0.0014228
0.0029635
0.00070626
0
0
0
0
0
0.0025881
0
0
0
0.00010268
0.00023709
6.5576e-05
6.5963e-05
0
5.6418e-06
1.3438e-06
2.9865e-07
7.983e-08
5.882e-08
6.4303e-08
6.0381e-08
5.5608e-08
3.4122e-08
5.1924e-08
8.307e-08
4.9072e-07
5.6423e-06
1.9888e-05
1.0521e-05
0.00010614
0
0
0.001488
0.0015424
1
1
0
0.011682
0
0
0.023736
0.0097356
0.0044504
0.00087861
0.003614
0.0078732
0.038394
0
0
0
0
0
0
0
0
0
0
0
0
0
0
0
0
0.0010743
0.0022274
0.0013536
0.00014677
0.0001268
5.4995e-05
3.0005e-05
2.8691e-05
4.7296e-05
6.7533e-06
4.5236e-06
3.3772e-06
3.1586e-06
0
1.4829e-05
1.0634e-05
1.9808e-05
0
0
4.3032e-05
0.00019903
0.00023483
0.0001198
0.00019331
0
0
0
0
0
1
0.16749
0
0.0052739
0.010038
0
0.0034692
0.0012884
0.00058903
0.00017472
0.0005912
0.002048
0.0047694
0.019508
0
0.00015421
0.00048206
0
0
0
0
0
0
0
0
0
0
0
0.00020409
0
0.00011961
0
9.2758e-05
0.00010155
0
7.8267e-05
0
4.4866e-05
0
7.7338e-05
0
0
0.0001463
0.00021053
0.00013597
0.00010651
9.3527e-05
0.00016586
0.00062554
0
0
0
0
0.31824
0.10107
0
0
0
0.0019436
0
0.0009733
0
0.00015406
6.875e-05
0.00020167
0.00029776
0.0004166
0.00045879
0.00070011
0.0022632
0.0082811
0.0026226
0.00096501
0.0043673
0
0
0
0
0
0
0
0
0
0.00036266
0
0
0.00067976
8.2282e-05
3.7112e-05
7.111e-05
0.00011609
0.00019302
0
0.00028254
0.00026904
0
9.3321e-05
0.00011069
0.00016328
8.9124e-05
0.00013325
0.000102
8.7384e-05
8.434e-05
9.4927e-05
0.00012842
0.0002176
0.00040799
0.00096546
0
0.0081113
0
0
1
0.29228
0
0.039731
0.0052158
0.002738
0.0012861
0.00070104
0.00045539
0.00033945
0.00035009
0.00029785
0.00012127
5.372e-05
5.1818e-05
5.7821e-05
6.4042e-05
0.00011021
8.7035e-05
4.5456e-05
0.0001886
0.00019533
0.00038097
0.00020677
0.0016767
0.00059959
0.00012312
0.00084467
0
0
0
0
0
0.00016588
0.00052765
0
0.00021375
0.00012579
0.00012655
6.7337e-05
0.00017714
0.00028963
0.0005999
0.0011293
0.00083193
0.00035142
0
0.00014203
4.4667e-05
3.9649e-05
6.0476e-05
9.8341e-05
0
0.00016256
0.00016913
0.00016244
9.8475e-05
0.00016445
0.00018762
0.00015331
0.00015225
0.00028106
0.00032511
0.00028792
0.00041018
0.00060915
0.0005168
0.0014226
0.0025794
0
0
0.10094
0
0
0.34534
0
0.1719
0.045996
0
0.0072091
0.0035103
0.0020164
0.0013166
0.00095026
0.00074745
0.00063385
0.0013417
0.00070754
0.00033175
0.00014459
6.6256e-05
5.08e-05
6.5799e-05
0.00014302
0.00033569
0.00085336
0.0019947
0.0036951
0.0076484
0
0.0020012
0
4.6438e-05
5.0604e-06
2.0984e-06
1.4182e-05
8.6844e-06
4.76e-06
7.4094e-06
6.531e-06
1.6169e-05
6.3436e-05
0.00013358
0.00045575
0
0
0.00054044
0.00010629
7.7811e-05
7.4114e-05
6.2794e-05
6.5694e-05
7.471e-05
3.5566e-05
3.5841e-05
3.878e-05
4.3244e-05
4.9676e-05
3.2103e-05
7.1581e-05
9.41e-05
0.00012336
0.00015636
0
0.00019807
0.00033322
0.00043184
0.0009045
0.0014724
0.0029431
0
0.063516
0.12268
0.33201
1
1
0.11159
0
1
0.24118
0
0.03688
0.028801
0.016298
0.0099884
0.0082025
0.0053983
0.0038031
0.0028291
0.0022154
0.0018192
0.0029875
0.0020199
0.0012658
0.00074198
0.00045468
0.00031453
0.00037701
0.00069213
0.0015473
0.0034681
0.0072845
0.01192
0.0061909
0
0.00022787
0.00016703
5.5317e-05
1.3218e-05
9.0509e-06
8.6499e-06
0.00020296
0.00045454
0.00090624
0.00099901
0.0014404
0.0013653
0.00088696
0.0008229
0.00078231
0.00052176
0.00086318
0.00082589
0.0004479
0.00018772
8.2743e-05
3.4577e-05
6.1648e-05
4.6656e-05
3.7155e-05
0
2.3225e-05
2.262e-05
2.602e-05
3.1797e-05
4.1548e-05
5.1809e-05
6.7118e-05
0
0
0.00017888
0.0003735
0.00062407
0.0013296
0.0038202
0
0.036499
0.11771
0.28502
0.35127
1
0.5211
0.6141
0.78775
0
1
0.012162
0
0
0.019619
0.020593
0.035511
0.03122
0.023171
0.019931
0.02076
0.059692
0
1
0
0
0
1
0.1949
0.10738
0.04313
0.024092
0.013812
0.0081491
0.0051895
0.0036995
0.0026394
0.0019631
0.0015193
0.0023383
0.001674
0.0011801
0.0008123
0.00063396
0.00063335
0.00058684
0.00091654
0.001328
0.0019615
0.0026188
0.0047742
0.0057776
0.0121
0.00054344
0.0001902
5.2399e-05
0.0010573
0.00097912
0.0027535
0.0059778
0.0019702
0.00051857
0.00030646
9.1298e-05
0.0011946
0.00095261
0.00088242
0.0057921
0.0083734
0.0035144
0.0013947
0.0064848
0.0057251
0.006076
0.0029407
0.0014705
0.0014253
0.00082302
0.00046226
0.00029247
0.0001643
0.00036389
0.00049905
0.0006188
0.00069602
0.0007783
0.00090322
0.00097689
0.00095459
0.00089681
0.0011124
0.0013609
0.001597
0
0.0073843
0
0.017924
0.022927
0.028163
0.078299
0
0
0.12197
0.10269
0.23714
0.33212
0.18847
0.21985
0.34124
0.22066
