54.75,142.5,1.0648,0.90459,1.232
-45.32,-178.5,0.84581,0.69884,0.99953
45.32,1.5,0.93921,0.8673,1.0094
49.8,10.5,0.9228,0.84686,0.99607
45.32,55.5,0.98984,0.91268,1.0657
26.59,76.5,1.0128,0.92946,1.092
-1.51,115.5,1.0048,0.92569,1.0843
49.8,136.5,1.0722,0.99807,1.1474
41.17,139.5,1.0848,1.0074,1.168
20.01,-73.5,0.98928,0.89549,1.0859
30.02,22.5,0.96509,0.89039,1.0363
23.26,34.5,0.9582,0.87766,1.0373
45.32,76.5,1.0801,1.0132,1.1493
-67.4,76.5,1.0203,0.86389,1.1741
60.42,-112.5,1.0206,0.9486,1.0945
26.59,-106.5,0.99197,0.90749,1.0749
26.59,-103.5,1.037,0.94745,1.1302
30.02,-100.5,1.0204,0.92889,1.1126
33.57,-94.5,0.99658,0.91189,1.0803
67.4,-91.5,0.92088,0.83984,1.0003
41.17,-88.5,0.99225,0.92035,1.0638
49.8,-79.5,0.92511,0.85602,0.99343
67.4,-79.5,0.90296,0.82114,0.98306
37.27,-76.5,0.96723,0.88969,1.0467
-13.71,-70.5,1.0421,0.95676,1.1299
-4.53,-55.5,0.92365,0.85379,0.99246
-1.51,-52.5,0.9351,0.86548,1.0038
-23.26,-49.5,0.95986,0.88246,1.0352
-23.26,-46.5,0.97178,0.89657,1.0437
-7.56,-34.5,0.94844,0.87035,1.0273
67.4,-25.5,0.90538,0.82563,0.9862
16.83,-10.5,0.97295,0.9077,1.0413
33.57,1.5,0.96499,0.89619,1.0357
-23.26,16.5,0.92365,0.85111,0.994
-16.83,19.5,0.8738,0.79143,0.95116
-16.83,25.5,0.85268,0.76991,0.93196
60.42,25.5,0.88317,0.7998,0.96249
1.51,37.5,0.95869,0.88649,1.0342
54.75,40.5,0.92394,0.84781,0.99857
49.8,43.5,0.95198,0.87938,1.0247
54.75,43.5,0.93441,0.85797,1.0094
67.4,61.5,0.99114,0.91206,1.0716
33.57,76.5,1.0746,0.99941,1.1487
37.27,76.5,1.0515,0.98485,1.118
23.26,79.5,1.003,0.92504,1.0774
54.75,82.5,1.0524,0.98174,1.1236
37.27,85.5,1.0633,0.99126,1.1345
60.42,91.5,1.0389,0.97399,1.1088
-67.4,94.5,1.0359,0.93424,1.1386
33.57,94.5,1.0677,1.0019,1.1337
54.75,97.5,1.0525,0.98313,1.1235
60.42,97.5,1.0208,0.95583,1.0873
67.4,97.5,1.0026,0.92696,1.0799
1.51,100.5,0.9906,0.92565,1.0572
49.8,100.5,1.0829,1.0071,1.1594
37.27,106.5,1.0672,1.0039,1.1299
49.8,106.5,1.0661,0.99555,1.1371
45.32,124.5,1.0775,1.006,1.1544
-33.57,127.5,1.024,0.95127,1.0955
-41.17,136.5,1.0194,0.94202,1.0957
-49.8,148.5,1.0244,0.94624,1.1055
67.4,148.5,1.0125,0.9285,1.0948
